#! FIELDS time d1 bb.bias bb.force2 lw
 0.000000 0.837001 32.942158 32942.157925 13.206771
 2.000000 1.131354 1.178082 1178.081606 0.472302
 4.000000 1.101099 2.445336 2445.335982 0.980354
 6.000000 1.125354 1.392996 1392.995594 0.558463
 8.000000 1.123692 1.455733 1455.732733 0.583615
 10.000000 1.186762 0.043812 43.812172 0.017565
 12.000000 1.120424 1.583075 1583.075432 0.634667
 14.000000 1.126871 1.336955 1336.954808 0.535996
 16.000000 1.108174 2.108023 2108.023239 0.845123
 18.000000 0.947151 15.983115 15983.114983 6.407757
 20.000000 1.150445 0.613914 613.914206 0.246123
 22.000000 1.162973 0.342744 342.744495 0.137409
 24.000000 1.112683 1.906069 1906.068764 0.764158
 26.000000 1.096152 2.696113 2696.113140 1.080893
 28.000000 1.155042 0.505306 505.306020 0.202581
 30.000000 1.143304 0.803596 803.595873 0.322168
 32.000000 1.202422 0.001467 1.466636 0.000588
 34.000000 1.127356 1.319300 1319.300384 0.528918
 36.000000 1.108852 2.076973 2076.973059 0.832675
 38.000000 1.102337 2.384515 2384.515494 0.955971
 40.000000 1.101534 2.423902 2423.902050 0.971761
 42.000000 1.122099 1.517131 1517.131253 0.608230
 44.000000 1.118986 1.640832 1640.831818 0.657822
 46.000000 1.098362 2.582558 2582.557894 1.035368
 48.000000 1.163071 0.340941 340.940623 0.136686
 50.000000 1.163612 0.331016 331.015563 0.132707
 52.000000 1.165527 0.297089 297.088854 0.119105
 54.000000 1.072674 4.052954 4052.953924 1.624861
 56.000000 1.220669 0.106801 106.801459 0.042818
 58.000000 1.146605 0.712759 712.758935 0.285751
 60.000000 1.184598 0.059307 59.307159 0.023777
 62.000000 1.119224 1.631181 1631.181297 0.653953
 64.000000 1.125656 1.381739 1381.739355 0.553950
 66.000000 1.097588 2.622072 2622.071717 1.051209
 68.000000 1.088867 3.087621 3087.621332 1.237852
 70.000000 1.043357 6.134259 6134.259361 2.459273
 72.000000 1.064552 4.586530 4586.530373 1.838776
 74.000000 1.037835 6.574348 6574.348073 2.635708
 76.000000 1.089961 3.027159 3027.159158 1.213612
 78.000000 1.075400 3.881271 3881.270806 1.556032
 80.000000 1.132306 1.145612 1145.612202 0.459285
 82.000000 1.144691 0.764784 764.783957 0.306608
 84.000000 1.222219 0.123422 123.421776 0.049481
 86.000000 1.187884 0.036700 36.700135 0.014713
 88.000000 1.105743 2.221102 2221.101914 0.890457
 90.000000 1.108765 2.080950 2080.950407 0.834269
 92.000000 1.191259 0.019103 19.103231 0.007659
 94.000000 1.169596 0.231107 231.107186 0.092653
 96.000000 1.196778 0.002596 2.595542 0.001041
 98.000000 1.201875 0.000879 0.879362 0.000353
 100.000000 1.167754 0.259945 259.944885 0.104214
 102.000000 1.072457 4.066824 4066.824054 1.630422
 104.000000 1.217889 0.080001 80.001348 0.032073
 106.000000 1.125299 1.395046 1395.046133 0.559285
 108.000000 1.103926 2.307548 2307.548325 0.925114
 110.000000 1.190187 0.024076 24.075969 0.009652
 112.000000 1.171472 0.203460 203.460408 0.081569
 114.000000 1.132875 1.126430 1126.429521 0.451594
 116.000000 1.176335 0.140013 140.013427 0.056132
 118.000000 1.235434 0.313886 313.886162 0.125839
 120.000000 1.128074 1.293339 1293.338977 0.518510
 122.000000 1.149980 0.625499 625.498669 0.250767
 124.000000 1.073027 4.030506 4030.505657 1.615861
 126.000000 1.119183 1.632848 1632.847994 0.654622
 128.000000 1.174271 0.165498 165.498346 0.066350
 130.000000 1.093975 2.810310 2810.310267 1.126676
 132.000000 1.033322 6.945377 6945.376985 2.784456
 134.000000 1.182896 0.073140 73.140332 0.029323
 136.000000 1.113709 1.861521 1861.520777 0.746298
 138.000000 1.190722 0.021522 21.522499 0.008629
 140.000000 1.127949 1.297833 1297.832578 0.520311
 142.000000 1.151031 0.599491 599.491317 0.240341
 144.000000 1.111447 1.960397 1960.396641 0.785938
 146.000000 1.105768 2.219937 2219.936718 0.889990
 148.000000 1.244893 0.503842 503.841837 0.201994
 150.000000 1.082317 3.462343 3462.342633 1.388080
 152.000000 1.182978 0.072436 72.436231 0.029040
 154.000000 1.068819 4.302124 4302.123702 1.724755
 156.000000 1.234177 0.292023 292.022919 0.117074
 158.000000 1.154541 0.516623 516.622692 0.207118
 160.000000 0.973948 12.774849 12774.848777 5.121537
 162.000000 1.023872 7.755290 7755.289745 3.109157
 164.000000 1.146875 0.705560 705.560087 0.282865
 166.000000 1.137385 0.980171 980.171368 0.392958
 168.000000 1.142640 0.822548 822.548228 0.329766
 170.000000 1.050486 5.588614 5588.613955 2.240519
 172.000000 1.100797 2.460325 2460.325393 0.986364
 174.000000 1.149435 0.639210 639.210040 0.256264
 176.000000 1.205208 0.006780 6.779876 0.002718
 178.000000 1.184135 0.062928 62.928143 0.025228
 180.000000 1.077963 3.723255 3723.254523 1.492682
 182.000000 1.106211 2.199084 2199.083969 0.881630
 184.000000 1.053196 5.387840 5387.840457 2.160028
 186.000000 1.027963 7.399213 7399.212688 2.966403
 188.000000 1.007206 9.292343 9292.343381 3.725374
 190.000000 1.022821 7.848099 7848.099368 3.146365
 192.000000 0.948561 15.805437 15805.437440 6.336524
 194.000000 1.001425 9.857975 9857.974679 3.952140
 196.000000 1.018633 8.223499 8223.498642 3.296865
 198.000000 1.057468 5.078877 5078.876546 2.036162
 200.000000 1.141338 0.860315 860.314712 0.344907
 202.000000 1.020700 8.037082 8037.082211 3.222130
 204.000000 1.117199 1.713993 1713.993082 0.687153
 206.000000 1.162095 0.359190 359.189968 0.144002
 208.000000 1.100617 2.469257 2469.257412 0.989945
 210.000000 1.171788 0.198973 198.972842 0.079770
 212.000000 0.999460 10.054068 10054.068421 4.030755
 214.000000 1.139417 0.917564 917.564317 0.367859
 216.000000 1.129533 1.241416 1241.415683 0.497693
 218.000000 1.130129 1.220490 1220.489781 0.489304
 220.000000 1.097913 2.605455 2605.455053 1.044547
 222.000000 1.136501 1.008042 1008.041993 0.404132
 224.000000 1.083801 3.375544 3375.544081 1.353282
 226.000000 1.063988 4.624787 4624.787350 1.854114
 228.000000 1.071984 4.097044 4097.044085 1.642537
 230.000000 1.087902 3.141466 3141.465604 1.259438
 232.000000 1.099287 2.535760 2535.760222 1.016606
 234.000000 1.049941 5.629393 5629.393269 2.256868
 236.000000 1.099100 2.545200 2545.199761 1.020391
 238.000000 1.180128 0.098728 98.728386 0.039581
 240.000000 1.089803 3.035872 3035.871896 1.217105
 242.000000 1.131300 1.179918 1179.918412 0.473039
 244.000000 1.148911 0.652522 652.521740 0.261601
 246.000000 1.168487 0.248265 248.265015 0.099531
 248.000000 1.130304 1.214385 1214.385015 0.486857
 250.000000 1.166347 0.283129 283.128923 0.113509
 252.000000 1.163473 0.333561 333.560669 0.133727
 254.000000 1.153906 0.531163 531.162981 0.212947
 256.000000 1.185815 0.050304 50.303837 0.020167
 258.000000 1.149770 0.630768 630.767845 0.252880
 260.000000 1.140150 0.895502 895.501725 0.359014
 262.000000 1.080984 3.541202 3541.201742 1.419696
 264.000000 0.988898 11.141029 11141.028829 4.466526
 266.000000 1.081777 3.494187 3494.187067 1.400847
 268.000000 0.999051 10.095157 10095.157034 4.047228
 270.000000 1.042053 6.236797 6236.797332 2.500381
 272.000000 1.097459 2.628686 2628.685892 1.053861
 274.000000 1.078172 3.710514 3710.514197 1.487574
 276.000000 1.162492 0.351712 351.711810 0.141004
 278.000000 1.120915 1.563619 1563.619069 0.626867
 280.000000 1.124813 1.413257 1413.256926 0.566586
 282.000000 1.111500 1.958062 1958.062015 0.785002
 284.000000 1.099664 2.516830 2516.830080 1.009017
 286.000000 1.266620 1.109569 1109.569047 0.444835
 288.000000 1.154601 0.515259 515.258974 0.206571
 290.000000 1.155906 0.486065 486.065231 0.194867
 292.000000 1.095773 2.715802 2715.801541 1.088786
 294.000000 1.109078 2.066695 2066.694527 0.828554
 296.000000 1.193229 0.011461 11.461343 0.004595
 298.000000 1.136256 1.015816 1015.815667 0.407249
 300.000000 1.228855 0.208153 208.152825 0.083450
 302.000000 1.020526 8.052721 8052.721116 3.228399
 304.000000 1.130738 1.199310 1199.310464 0.480813
 306.000000 1.094724 2.770741 2770.741030 1.110812
 308.000000 1.105680 2.224054 2224.053715 0.891641
 310.000000 1.069574 4.252739 4252.739223 1.704957
 312.000000 1.103384 2.333684 2333.683865 0.935592
 314.000000 1.168927 0.241386 241.386068 0.096774
 316.000000 1.121372 1.545607 1545.607283 0.619646
 318.000000 1.089395 3.058343 3058.343096 1.226114
 320.000000 1.213054 0.042601 42.600960 0.017079
 322.000000 1.146868 0.705763 705.763301 0.282946
 324.000000 1.072837 4.042598 4042.598028 1.620709
 326.000000 1.159933 0.401335 401.335241 0.160898
 328.000000 1.104256 2.291715 2291.715385 0.918767
 330.000000 1.112478 1.915036 1915.035699 0.767753
 332.000000 1.191930 0.016281 16.281220 0.006527
 334.000000 1.175004 0.156199 156.199460 0.062622
 336.000000 1.172485 0.189273 189.273326 0.075881
 338.000000 1.167831 0.258713 258.713058 0.103720
 340.000000 1.162690 0.348009 348.009444 0.139520
 342.000000 1.139405 0.917946 917.946321 0.368012
 344.000000 1.098464 2.577376 2577.376343 1.033290
 346.000000 1.106291 2.195333 2195.332629 0.880126
 348.000000 1.017703 8.308061 8308.061413 3.330767
 350.000000 1.110790 1.989613 1989.612973 0.797652
 352.000000 1.225610 0.163974 163.973523 0.065738
 354.000000 1.159998 0.400035 400.034720 0.160377
 356.000000 1.147122 0.699011 699.010921 0.280239
 358.000000 1.028679 7.337694 7337.693607 2.941739
 360.000000 1.048099 5.768476 5768.475759 2.312627
 362.000000 1.123282 1.471403 1471.402556 0.589897
 364.000000 1.081558 3.507147 3507.146853 1.406043
 366.000000 1.139748 0.907580 907.580106 0.363856
 368.000000 1.108023 2.114959 2114.959302 0.847904
 370.000000 1.137776 0.967945 967.944963 0.388057
 372.000000 1.130507 1.207327 1207.326825 0.484027
 374.000000 1.068561 4.319059 4319.058784 1.731545
 376.000000 1.099996 2.500206 2500.205912 1.002352
 378.000000 1.098086 2.596622 2596.622109 1.041006
 380.000000 1.210821 0.029271 29.271175 0.011735
 382.000000 1.165864 0.291324 291.324306 0.116794
 384.000000 1.179287 0.107255 107.255018 0.042999
 386.000000 1.225567 0.163419 163.419093 0.065516
 388.000000 1.155767 0.489148 489.148036 0.196103
 390.000000 1.131699 1.166265 1166.265302 0.467565
 392.000000 1.193801 0.009607 9.606725 0.003851
 394.000000 1.213924 0.048472 48.471607 0.019433
 396.000000 1.172864 0.184095 184.094984 0.073805
 398.000000 1.152394 0.566583 566.583011 0.227148
 400.000000 1.098629 2.568999 2568.999395 1.029932
 402.000000 1.082565 3.447770 3447.770043 1.382238
 404.000000 1.138718 0.938870 938.869738 0.376400
 406.000000 1.172920 0.183332 183.332495 0.073499
 408.000000 1.123541 1.461487 1461.487476 0.585922
 410.000000 1.160776 0.384623 384.623235 0.154198
 412.000000 1.194045 0.008866 8.866055 0.003554
 414.000000 1.132566 1.136826 1136.826314 0.455763
 416.000000 1.118152 1.674778 1674.778448 0.671432
 418.000000 1.086396 3.226440 3226.439511 1.293505
 420.000000 1.148825 0.654718 654.717612 0.262481
 422.000000 1.091495 2.943316 2943.315932 1.179999
 424.000000 1.109578 2.044046 2044.046168 0.819474
 426.000000 1.170099 0.223512 223.511919 0.089608
 428.000000 1.303784 2.692775 2692.774568 1.079555
 430.000000 1.053991 5.329682 5329.682365 2.136712
 432.000000 1.080657 3.560718 3560.717642 1.427520
 434.000000 1.175347 0.151941 151.940924 0.060914
 436.000000 1.191022 0.020153 20.152654 0.008079
 438.000000 1.097138 2.645151 2645.150703 1.060462
 440.000000 1.090667 2.988425 2988.425119 1.198083
 442.000000 1.114578 1.824229 1824.228602 0.731348
 444.000000 1.182005 0.080957 80.956744 0.032456
 446.000000 1.090510 2.996989 2996.989396 1.201517
 448.000000 1.055984 5.185118 5185.117785 2.078755
 450.000000 1.168451 0.248838 248.837911 0.099761
 452.000000 1.058116 5.032769 5032.768797 2.017677
 454.000000 1.167522 0.263711 263.711119 0.105724
 456.000000 1.146973 0.702955 702.954687 0.281820
 458.000000 1.225130 0.157878 157.878092 0.063295
 460.000000 1.192424 0.014348 14.347820 0.005752
 462.000000 1.090318 3.007532 3007.531991 1.205743
 464.000000 1.131102 1.186735 1186.735453 0.475772
 466.000000 1.137468 0.977575 977.575128 0.391918
 468.000000 1.151632 0.584878 584.877678 0.234482
 470.000000 0.990347 10.988620 10988.619855 4.405424
 472.000000 1.053904 5.336009 5336.008968 2.139248
 474.000000 0.997721 10.229183 10229.183294 4.100960
 476.000000 1.123383 1.467523 1467.523491 0.588342
 478.000000 1.131277 1.180709 1180.708670 0.473355
 480.000000 1.120634 1.574732 1574.732232 0.631323
 482.000000 1.135274 1.047369 1047.368969 0.419898
 484.000000 1.076461 3.815441 3815.441256 1.529640
 486.000000 1.074067 3.964762 3964.761774 1.589504
 488.000000 1.091690 2.932744 2932.744430 1.175760
 490.000000 1.122115 1.516520 1516.519941 0.607985
 492.000000 1.111262 1.968630 1968.629618 0.789239
 494.000000 1.149408 0.639895 639.894542 0.256539
 496.000000 1.104716 2.269746 2269.745593 0.909959
 498.000000 1.103396 2.333100 2333.100273 0.935358
 500.000000 1.093333 2.844447 2844.447056 1.140361
 502.000000 1.160026 0.399484 399.484010 0.160156
 504.000000 1.131718 1.165608 1165.607757 0.467301
 506.000000 1.156332 0.476732 476.732440 0.191126
 508.000000 1.201063 0.000282 0.282496 0.000113
 510.000000 1.138253 0.953184 953.184358 0.382139
 512.000000 1.215361 0.058993 58.993155 0.023651
 514.000000 1.149677 0.633111 633.111412 0.253819
 516.000000 1.198086 0.000916 0.916254 0.000367
 518.000000 1.193508 0.010537 10.536862 0.004224
 520.000000 1.121267 1.549730 1549.729811 0.621299
 522.000000 1.114833 1.813366 1813.365751 0.726993
 524.000000 1.164760 0.310459 310.459496 0.124466
 526.000000 1.183061 0.071736 71.735877 0.028759
 528.000000 1.136305 1.014249 1014.248938 0.406620
 530.000000 1.094533 2.780837 2780.836910 1.114859
 532.000000 1.123262 1.472166 1472.166185 0.590203
 534.000000 1.107129 2.156261 2156.260964 0.864462
 536.000000 1.114104 1.844540 1844.539650 0.739490
 538.000000 1.108920 2.073914 2073.914042 0.831448
 540.000000 1.137002 0.992183 992.182721 0.397774
 542.000000 0.980888 12.002491 12002.490514 4.811893
 544.000000 0.989774 11.048769 11048.769179 4.429539
 546.000000 1.042146 6.229486 6229.486277 2.497450
 548.000000 1.087143 3.184188 3184.187731 1.276566
 550.000000 1.098348 2.583280 2583.280261 1.035657
 552.000000 1.003763 9.627194 9627.194493 3.859618
 554.000000 1.133744 1.097466 1097.465588 0.439983
 556.000000 1.198903 0.000301 0.300822 0.000121
 558.000000 1.039685 6.425251 6425.250992 2.575934
 560.000000 1.110307 2.011228 2011.228401 0.806317
 562.000000 1.151940 0.577429 577.429460 0.231496
 564.000000 1.084585 3.330134 3330.133738 1.335077
 566.000000 1.100819 2.459237 2459.237496 0.985928
 568.000000 0.983013 11.770817 11770.817450 4.719013
 570.000000 1.168258 0.251881 251.880936 0.100981
 572.000000 1.015662 8.495148 8495.148201 3.405772
 574.000000 1.134552 1.070876 1070.875560 0.429322
 576.000000 1.050641 5.577041 5577.041001 2.235880
 578.000000 1.059760 4.916799 4916.799090 1.971183
 580.000000 1.096458 2.680260 2680.259960 1.074537
 582.000000 1.183100 0.071406 71.406194 0.028627
 584.000000 1.115574 1.781938 1781.938140 0.714393
 586.000000 1.020342 8.069226 8069.225785 3.235016
 588.000000 1.127666 1.308065 1308.064507 0.524413
 590.000000 1.141217 0.863866 863.865545 0.346331
 592.000000 1.122338 1.507857 1507.856534 0.604512
 594.000000 1.073537 3.998245 3998.244770 1.602928
 596.000000 1.110772 1.990421 1990.421326 0.797976
 598.000000 1.123193 1.474825 1474.824703 0.591269
 600.000000 1.119828 1.606893 1606.893481 0.644216
 602.000000 1.174799 0.158774 158.773743 0.063654
 604.000000 1.119409 1.623737 1623.737379 0.650969
 606.000000 1.183069 0.071666 71.665821 0.028731
 608.000000 1.144009 0.783745 783.745146 0.314210
 610.000000 1.105969 2.210468 2210.468136 0.886194
 612.000000 1.118000 1.681013 1681.013138 0.673931
 614.000000 1.070400 4.199013 4199.013040 1.683417
 616.000000 1.064013 4.623106 4623.106034 1.853440
 618.000000 1.132205 1.149031 1149.030777 0.460655
 620.000000 1.180502 0.095038 95.038382 0.038102
 622.000000 1.119799 1.608043 1608.043436 0.644677
 624.000000 1.165716 0.293850 293.849798 0.117807
 626.000000 1.156910 0.464190 464.190081 0.186097
 628.000000 1.258695 0.861279 861.278863 0.345293
 630.000000 1.187751 0.037508 37.507972 0.015037
 632.000000 1.126207 1.361349 1361.348720 0.545775
 634.000000 1.114810 1.814313 1814.313039 0.727372
 636.000000 1.186848 0.043246 43.246010 0.017338
 638.000000 1.099040 2.548250 2548.249988 1.021613
 640.000000 1.090618 2.991113 2991.113335 1.199161
 642.000000 1.045716 5.950917 5950.917018 2.385769
 644.000000 1.083752 3.378423 3378.422506 1.354436
 646.000000 1.138198 0.954863 954.862638 0.382812
 648.000000 1.133693 1.099166 1099.165845 0.440664
 650.000000 1.124503 1.424946 1424.946264 0.571272
 652.000000 1.097235 2.640155 2640.154749 1.058459
 654.000000 1.031677 7.083130 7083.129994 2.839683
 656.000000 1.061191 4.816968 4816.968252 1.931161
 658.000000 1.036615 6.673625 6673.624904 2.675509
 660.000000 1.082615 3.444806 3444.806257 1.381050
 662.000000 1.170704 0.214560 214.560288 0.086019
 664.000000 1.125304 1.394890 1394.889737 0.559222
 666.000000 1.150041 0.623975 623.974968 0.250156
 668.000000 1.174611 0.161148 161.147903 0.064605
 670.000000 1.110105 2.020286 2020.285929 0.809949
 672.000000 1.205345 0.007143 7.142741 0.002864
 674.000000 1.209660 0.023331 23.330603 0.009353
 676.000000 1.145010 0.755982 755.981585 0.303079
 678.000000 1.135569 1.037847 1037.847235 0.416081
 680.000000 1.167219 0.268648 268.647880 0.107703
 682.000000 1.159535 0.409360 409.360218 0.164116
 684.000000 1.196562 0.002956 2.955765 0.001185
 686.000000 1.204952 0.006131 6.131380 0.002458
 688.000000 1.091870 2.923000 2923.000123 1.171854
 690.000000 1.222010 0.121105 121.105093 0.048552
 692.000000 1.135884 1.027706 1027.706401 0.412016
 694.000000 1.100082 2.495924 2495.924207 1.000636
 696.000000 1.174909 0.157392 157.392012 0.063100
 698.000000 1.114585 1.823940 1823.939913 0.731232
 700.000000 1.087386 3.170496 3170.495571 1.271077
 702.000000 1.104275 2.290824 2290.824465 0.918410
 704.000000 1.123084 1.479012 1479.011976 0.592948
 706.000000 0.958145 14.623492 14623.491544 5.862673
 708.000000 1.078047 3.718144 3718.144427 1.490633
 710.000000 1.112259 1.924619 1924.619354 0.771595
 712.000000 1.115112 1.801477 1801.477208 0.722226
 714.000000 1.023780 7.763339 7763.338989 3.112384
 716.000000 1.092703 2.878182 2878.182245 1.153886
 718.000000 1.097867 2.607790 2607.789581 1.045483
 720.000000 1.096348 2.685915 2685.914736 1.076804
 722.000000 1.148639 0.659482 659.481773 0.264391
 724.000000 1.128222 1.288022 1288.021947 0.516378
 726.000000 1.112944 1.894690 1894.690018 0.759596
 728.000000 1.165035 0.305645 305.645000 0.122535
 730.000000 1.060425 4.870264 4870.264123 1.952527
 732.000000 1.040395 6.368477 6368.477430 2.553173
 734.000000 1.119344 1.626347 1626.346532 0.652015
 736.000000 1.085733 3.264215 3264.214796 1.308649
 738.000000 1.065106 4.549086 4549.086009 1.823764
 740.000000 1.095732 2.717961 2717.960776 1.089652
 742.000000 1.088385 3.114460 3114.459805 1.248611
 744.000000 1.168671 0.245378 245.378494 0.098374
 746.000000 1.221696 0.117677 117.677440 0.047178
 748.000000 1.059056 4.966326 4966.326363 1.991039
 750.000000 1.083007 3.421849 3421.848725 1.371846
 752.000000 1.159963 0.400741 400.741323 0.160660
 754.000000 1.191610 0.017596 17.596434 0.007055
 756.000000 1.231376 0.246110 246.109838 0.098667
 758.000000 1.133816 1.095076 1095.076484 0.439025
 760.000000 1.017609 8.316582 8316.582243 3.334183
 762.000000 1.084166 3.354395 3354.395028 1.344803
 764.000000 1.040856 6.331725 6331.725194 2.538438
 766.000000 1.108019 2.115118 2115.118473 0.847968
 768.000000 1.092134 2.908743 2908.742691 1.166138
 770.000000 1.157794 0.445331 445.330830 0.178537
 772.000000 1.141311 0.861088 861.087677 0.345217
 774.000000 1.142978 0.812886 812.885718 0.325892
 776.000000 1.056674 5.135608 5135.607969 2.058906
 778.000000 1.163374 0.335370 335.370471 0.134453
 780.000000 1.143240 0.805415 805.415212 0.322897
 782.000000 1.146787 0.707894 707.893733 0.283800
 784.000000 1.142013 0.840618 840.617511 0.337010
 786.000000 1.133594 1.102426 1102.426398 0.441971
 788.000000 1.162650 0.348750 348.750421 0.139817
 790.000000 1.126412 1.353806 1353.805758 0.542751
 792.000000 1.116705 1.734519 1734.519149 0.695382
 794.000000 1.227746 0.192462 192.461969 0.077160
 796.000000 1.161213 0.376103 376.103188 0.150783
 798.000000 1.034407 6.855280 6855.280172 2.748336
 800.000000 1.073578 3.995638 3995.638177 1.601883
 802.000000 1.102809 2.361506 2361.506163 0.946746
 804.000000 1.038151 6.548752 6548.752171 2.625446
 806.000000 1.107166 2.154525 2154.524757 0.863766
 808.000000 1.138628 0.941623 941.623111 0.377504
 810.000000 1.073948 3.972306 3972.305549 1.592529
 812.000000 1.102371 2.382874 2382.873772 0.955313
 814.000000 1.146942 0.703795 703.795223 0.282157
 816.000000 1.162790 0.346137 346.137236 0.138769
 818.000000 1.133702 1.098844 1098.843715 0.440535
 820.000000 1.150710 0.607381 607.380789 0.243504
 822.000000 1.053433 5.370448 5370.448001 2.153055
 824.000000 1.155119 0.503579 503.578892 0.201889
 826.000000 1.098286 2.586456 2586.456135 1.036931
 828.000000 1.130792 1.197449 1197.449471 0.480067
 830.000000 1.061841 4.772000 4772.000322 1.913133
 832.000000 1.122061 1.518641 1518.641043 0.608835
 834.000000 1.062569 4.721823 4721.822798 1.893016
 836.000000 1.106027 2.207736 2207.736263 0.885099
 838.000000 1.059804 4.913717 4913.716674 1.969948
 840.000000 1.155877 0.486712 486.711540 0.195126
 842.000000 1.206532 0.010667 10.666628 0.004276
 844.000000 1.175829 0.146057 146.056965 0.058555
 846.000000 1.212668 0.040122 40.121730 0.016085
 848.000000 1.227247 0.185594 185.593904 0.074406
 850.000000 1.231600 0.249641 249.641036 0.100083
 852.000000 1.070585 4.187067 4187.067088 1.678628
 854.000000 1.204238 0.004490 4.489718 0.001800
 856.000000 1.070442 4.196341 4196.341352 1.682346
 858.000000 1.133049 1.120613 1120.613120 0.449263
 860.000000 1.069172 4.279016 4279.015562 1.715491
 862.000000 0.999914 10.008606 10008.605521 4.012529
 864.000000 1.188775 0.031501 31.501107 0.012629
 866.000000 1.132249 1.147559 1147.558723 0.460065
 868.000000 1.108830 2.077976 2077.975586 0.833077
 870.000000 1.158688 0.426669 426.668783 0.171055
 872.000000 1.150059 0.623518 623.517984 0.249973
 874.000000 1.089309 3.063127 3063.127295 1.228032
 876.000000 1.107553 2.136632 2136.631572 0.856592
 878.000000 1.159427 0.411542 411.542063 0.164990
 880.000000 1.191615 0.017579 17.578599 0.007047
 882.000000 1.162316 0.355020 355.019810 0.142330
 884.000000 1.223040 0.132715 132.715101 0.053207
 886.000000 1.156364 0.476015 476.015446 0.190838
 888.000000 1.116999 1.722283 1722.282798 0.690477
 890.000000 1.127648 1.308707 1308.706927 0.524671
 892.000000 1.222070 0.121770 121.769841 0.048818
 894.000000 1.057948 5.044703 5044.703076 2.022461
 896.000000 1.146861 0.705927 705.927119 0.283012
 898.000000 1.184276 0.061814 61.814347 0.024782
 900.000000 1.055642 5.209802 5209.801980 2.088651
 902.000000 1.310770 3.067476 3067.476057 1.229775
 904.000000 1.212383 0.038337 38.336634 0.015369
 906.000000 1.132857 1.127035 1127.035466 0.451837
 908.000000 1.020701 8.037014 8037.013526 3.222102
 910.000000 1.120895 1.564405 1564.405137 0.627182
 912.000000 1.107835 2.123595 2123.594919 0.851366
 914.000000 1.078883 3.667327 3667.326755 1.470260
 916.000000 1.168314 0.250994 250.993631 0.100625
 918.000000 1.156993 0.462404 462.403760 0.185381
 920.000000 1.210380 0.026939 26.938540 0.010800
 922.000000 1.092726 2.876914 2876.914475 1.153378
 924.000000 1.139467 0.916065 916.064919 0.367258
 926.000000 1.183827 0.065392 65.391625 0.026216
 928.000000 1.072493 4.064488 4064.487883 1.629485
 930.000000 1.136100 1.020796 1020.795846 0.409245
 932.000000 1.085414 3.282499 3282.498997 1.315980
 934.000000 1.113793 1.857901 1857.900657 0.744847
 936.000000 1.126662 1.344622 1344.621876 0.539069
 938.000000 1.155223 0.501246 501.246219 0.200954
 940.000000 1.146444 0.717053 717.052668 0.287472
 942.000000 1.173152 0.180204 180.204241 0.072245
 944.000000 1.129986 1.225497 1225.496801 0.491311
 946.000000 1.180403 0.096012 96.012471 0.038492
 948.000000 1.009896 9.034903 9034.902917 3.622164
 950.000000 1.084196 3.352654 3352.653581 1.344105
 952.000000 1.089914 3.029742 3029.741923 1.214647
 954.000000 1.069110 4.283081 4283.080586 1.717121
 956.000000 1.154488 0.517838 517.837702 0.207605
 958.000000 1.076698 3.800861 3800.861423 1.523795
 960.000000 1.052968 5.404632 5404.631737 2.166759
 962.000000 1.126827 1.338570 1338.570072 0.536643
 964.000000 1.140693 0.879322 879.321995 0.352527
 966.000000 1.195903 0.004196 4.195564 0.001682
 968.000000 1.064280 4.604969 4604.969039 1.846168
 970.000000 1.190528 0.022428 22.427841 0.008991
 972.000000 1.210060 0.025302 25.301691 0.010144
 974.000000 1.207465 0.013932 13.932097 0.005585
 976.000000 1.109420 2.051179 2051.179132 0.822334
 978.000000 1.043916 6.090532 6090.532498 2.441742
 980.000000 1.121848 1.526916 1526.916254 0.612153
 982.000000 1.108242 2.104900 2104.900232 0.843871
 984.000000 1.090341 3.006298 3006.298085 1.205249
 986.000000 1.224135 0.145626 145.625554 0.058382
 988.000000 1.056103 5.176566 5176.566315 2.075326
 990.000000 0.995031 10.503082 10503.081808 4.210768
 992.000000 1.130567 1.205228 1205.228268 0.483186
 994.000000 1.098953 2.552645 2552.645136 1.023376
 996.000000 1.215975 0.063796 63.796426 0.025576
 998.000000 1.179396 0.106135 106.135457 0.042551
 1000.000000 1.165546 0.296773 296.773216 0.118979
 1002.000000 1.243838 0.480434 480.433674 0.192610
 1004.000000 1.216675 0.069511 69.511450 0.027868
 1006.000000 1.162004 0.360928 360.928055 0.144699
 1008.000000 1.068657 4.312756 4312.755526 1.729018
 1010.000000 1.150428 0.614338 614.337860 0.246293
 1012.000000 1.139140 0.925971 925.970584 0.371229
 1014.000000 1.113038 1.890608 1890.608099 0.757960
 1016.000000 1.185960 0.049284 49.283601 0.019758
 1018.000000 1.071827 4.107060 4107.059919 1.646553
 1020.000000 1.223184 0.134378 134.378016 0.053873
 1022.000000 1.179111 0.109085 109.084962 0.043733
 1024.000000 1.095561 2.726864 2726.863761 1.093221
 1026.000000 1.116182 1.756344 1756.344470 0.704132
 1028.000000 1.032137 7.044475 7044.474912 2.824185
 1030.000000 1.030665 7.168555 7168.555410 2.873930
 1032.000000 1.058115 5.032864 5032.864286 2.017715
 1034.000000 1.146488 0.715886 715.885678 0.287004
 1036.000000 1.137518 0.975991 975.990702 0.391282
 1038.000000 1.046595 5.883255 5883.255339 2.358643
 1040.000000 1.206324 0.009997 9.997088 0.004008
 1042.000000 1.040729 6.341783 6341.783077 2.542471
 1044.000000 1.105430 2.235868 2235.868135 0.896377
 1046.000000 1.169406 0.233992 233.991549 0.093809
 1048.000000 1.198290 0.000731 0.731096 0.000293
 1050.000000 1.078020 3.719774 3719.773908 1.491287
 1052.000000 1.010881 8.941453 8941.452781 3.584699
 1054.000000 1.020720 8.035353 8035.353165 3.221436
 1056.000000 1.102121 2.395067 2395.066664 0.960201
 1058.000000 1.096032 2.702351 2702.351246 1.083394
 1060.000000 1.116350 1.749322 1749.321953 0.701317
 1062.000000 1.112193 1.927529 1927.528828 0.772761
 1064.000000 1.026443 7.530492 7530.491984 3.019034
 1066.000000 1.043653 6.111131 6111.130849 2.450000
 1068.000000 1.022172 7.905716 7905.715666 3.169464
 1070.000000 1.087470 3.165736 3165.735827 1.269168
 1072.000000 1.061034 4.827900 4827.900317 1.935543
 1074.000000 0.998685 10.131949 10131.949232 4.061978
 1076.000000 0.955261 14.974326 14974.325665 6.003325
 1078.000000 0.986156 11.432332 11432.331561 4.583312
 1080.000000 1.056234 5.167142 5167.142115 2.071548
 1082.000000 1.001149 9.885432 9885.431738 3.963147
 1084.000000 1.021791 7.939600 7939.600385 3.183048
 1086.000000 1.016521 8.416174 8416.174276 3.374111
 1088.000000 1.027256 7.460158 7460.157602 2.990836
 1090.000000 1.060193 4.886506 4886.505795 1.959039
 1092.000000 1.133541 1.104203 1104.202713 0.442684
 1094.000000 1.122979 1.483045 1483.045094 0.594564
 1096.000000 1.143293 0.803932 803.932227 0.322303
 1098.000000 1.120114 1.595440 1595.440286 0.639625
 1100.000000 1.194102 0.008695 8.695337 0.003486
 1102.000000 1.141294 0.861612 861.612097 0.345427
 1104.000000 1.116984 1.722898 1722.898039 0.690723
 1106.000000 1.088476 3.109416 3109.416463 1.246590
 1108.000000 1.078511 3.689895 3689.894728 1.479308
 1110.000000 1.199982 0.000000 0.000080 0.000000
 1112.000000 1.195872 0.004260 4.259634 0.001708
 1114.000000 1.108569 2.089899 2089.899377 0.837857
 1116.000000 1.106827 2.170285 2170.285384 0.870085
 1118.000000 1.103485 2.328765 2328.765168 0.933620
 1120.000000 1.140485 0.885524 885.523596 0.355013
 1122.000000 1.130124 1.220659 1220.659452 0.489372
 1124.000000 1.254814 0.751149 751.149192 0.301142
 1126.000000 1.181551 0.085089 85.089089 0.034113
 1128.000000 1.164849 0.308892 308.892310 0.123837
 1130.000000 1.173819 0.171356 171.356239 0.068698
 1132.000000 1.071990 4.096621 4096.621429 1.642368
 1134.000000 1.121043 1.558560 1558.559523 0.624839
 1136.000000 1.084896 3.312244 3312.243608 1.327905
 1138.000000 1.041021 6.318562 6318.562439 2.533161
 1140.000000 1.130805 1.197000 1197.000379 0.479887
 1142.000000 1.036897 6.650656 6650.655505 2.666300
 1144.000000 1.077250 3.766919 3766.918875 1.510187
 1146.000000 1.152952 0.553387 553.387309 0.221857
 1148.000000 1.152274 0.569439 569.438816 0.228293
 1150.000000 1.127493 1.314323 1314.323443 0.526923
 1152.000000 1.151928 0.577721 577.721493 0.231613
 1154.000000 1.087907 3.141229 3141.228808 1.259343
 1156.000000 1.081469 3.512399 3512.398615 1.408148
 1158.000000 1.231326 0.245334 245.334026 0.098356
 1160.000000 1.222382 0.125239 125.239249 0.050209
 1162.000000 1.142436 0.828397 828.396611 0.332111
 1164.000000 1.226607 0.176980 176.979593 0.070953
 1166.000000 1.204410 0.004863 4.862782 0.001950
 1168.000000 1.154296 0.522224 522.224236 0.209364
 1170.000000 1.156546 0.472053 472.052638 0.189250
 1172.000000 1.074778 3.920153 3920.153083 1.571620
 1174.000000 1.114418 1.831051 1831.050646 0.734083
 1176.000000 1.145925 0.731030 731.030202 0.293076
 1178.000000 1.053152 5.391116 5391.115790 2.161341
 1180.000000 1.159171 0.416749 416.749130 0.167078
 1182.000000 1.164995 0.306329 306.328812 0.122810
 1184.000000 1.106709 2.175780 2175.779922 0.872287
 1186.000000 1.167037 0.271645 271.644849 0.108905
 1188.000000 1.147714 0.683452 683.451774 0.274001
 1190.000000 1.108890 2.075257 2075.257152 0.831987
 1192.000000 1.011587 8.874902 8874.902097 3.558018
 1194.000000 1.131189 1.183737 1183.736823 0.474569
 1196.000000 1.159653 0.406980 406.979821 0.163161
 1198.000000 1.230140 0.227112 227.111581 0.091051
 1200.000000 1.183327 0.069493 69.493158 0.027860
 1202.000000 1.022793 7.850556 7850.556392 3.147350
 1204.000000 1.057642 5.066476 5066.476321 2.031190
 1206.000000 1.100601 2.470030 2470.029607 0.990254
 1208.000000 1.032689 6.998208 6998.207981 2.805637
 1210.000000 1.155109 0.503797 503.797000 0.201976
 1212.000000 1.159131 0.417565 417.565016 0.167405
 1214.000000 1.149523 0.636975 636.974900 0.255368
 1216.000000 1.105626 2.226618 2226.618239 0.892669
 1218.000000 1.074562 3.933650 3933.650452 1.577031
 1220.000000 1.073006 4.031878 4031.877988 1.616412
 1222.000000 1.078029 3.719220 3719.219629 1.491064
 1224.000000 1.082404 3.457183 3457.183033 1.386012
 1226.000000 1.152234 0.570392 570.392263 0.228675
 1228.000000 1.098078 2.597024 2597.023960 1.041167
 1230.000000 1.130579 1.204807 1204.807306 0.483017
 1232.000000 1.124312 1.432185 1432.185351 0.574174
 1234.000000 1.183759 0.065942 65.941720 0.026437
 1236.000000 1.089973 3.026466 3026.465684 1.213334
 1238.000000 1.122874 1.487105 1487.104900 0.596192
 1240.000000 1.200497 0.000062 0.061752 0.000025
 1242.000000 1.113533 1.869140 1869.139664 0.749353
 1244.000000 1.046733 5.872722 5872.721617 2.354420
 1246.000000 1.097713 2.615666 2615.665500 1.048641
 1248.000000 1.117917 1.684421 1684.421376 0.675298
 1250.000000 1.193914 0.009259 9.258916 0.003712
 1252.000000 1.151186 0.595692 595.692104 0.238818
 1254.000000 1.154686 0.513332 513.332456 0.205799
 1256.000000 1.253334 0.711120 711.119769 0.285094
 1258.000000 1.113059 1.889663 1889.662706 0.757581
 1260.000000 1.092583 2.884579 2884.578856 1.156450
 1262.000000 1.155716 0.490269 490.268709 0.196553
 1264.000000 1.199360 0.000102 0.102481 0.000041
 1266.000000 1.115446 1.787349 1787.349273 0.716562
 1268.000000 1.158942 0.421442 421.441761 0.168959
 1270.000000 1.216697 0.069694 69.693974 0.027941
 1272.000000 1.122970 1.483389 1483.388649 0.594702
 1274.000000 1.127654 1.308487 1308.486651 0.524583
 1276.000000 1.021529 7.962989 7962.989350 3.192425
 1278.000000 1.045753 5.948071 5948.071181 2.384629
 1280.000000 1.088228 3.123231 3123.230854 1.252128
 1282.000000 1.123300 1.470741 1470.741025 0.589632
 1284.000000 1.125860 1.374179 1374.179196 0.550919
 1286.000000 1.084775 3.319189 3319.189200 1.330689
 1288.000000 1.203308 0.002736 2.736399 0.001097
 1290.000000 1.120192 1.592313 1592.312646 0.638371
 1292.000000 1.234235 0.293002 293.002445 0.117467
 1294.000000 1.086999 3.192294 3192.293988 1.279816
 1296.000000 1.102075 2.397304 2397.304145 0.961098
 1298.000000 1.183811 0.065523 65.523134 0.026269
 1300.000000 1.159011 0.420026 420.026168 0.168392
 1302.000000 1.198507 0.000557 0.556964 0.000223
 1304.000000 1.117494 1.701810 1701.809509 0.682269
 1306.000000 1.030893 7.149271 7149.271318 2.866199
 1308.000000 1.034979 6.808000 6808.000098 2.729381
 1310.000000 1.116649 1.736830 1736.829652 0.696309
 1312.000000 1.156734 0.467988 467.988489 0.187620
 1314.000000 1.042844 6.174477 6174.477443 2.475397
 1316.000000 1.077500 3.751544 3751.543627 1.504023
 1318.000000 1.082275 3.464765 3464.764639 1.389051
 1320.000000 1.106780 2.172502 2172.501765 0.870973
 1322.000000 1.029899 7.233580 7233.580350 2.899999
 1324.000000 0.969881 13.238696 13238.696030 5.307497
 1326.000000 1.059354 4.945326 4945.325624 1.982620
 1328.000000 1.165134 0.303916 303.915546 0.121842
 1330.000000 1.038493 6.521166 6521.165537 2.614387
 1332.000000 1.021254 7.987509 7987.509468 3.202255
 1334.000000 1.168441 0.248997 248.997328 0.099825
 1336.000000 1.118083 1.677604 1677.603601 0.672564
 1338.000000 1.118971 1.641427 1641.426822 0.658061
 1340.000000 1.106374 2.191479 2191.479320 0.878581
 1342.000000 1.084104 3.357990 3357.989644 1.346244
 1344.000000 1.086230 3.235914 3235.913625 1.297303
 1346.000000 1.075525 3.873498 3873.497518 1.552916
 1348.000000 1.126842 1.338007 1338.007328 0.536418
 1350.000000 1.056748 5.130288 5130.287615 2.056773
 1352.000000 1.154255 0.523159 523.158823 0.209738
 1354.000000 1.039351 6.452007 6452.006677 2.586660
 1356.000000 1.145697 0.737203 737.202873 0.295550
 1358.000000 1.106486 2.186222 2186.221985 0.876474
 1360.000000 1.100604 2.469879 2469.879119 0.990194
 1362.000000 1.129008 1.259962 1259.962398 0.505129
 1364.000000 1.098325 2.584463 2584.463269 1.036132
 1366.000000 1.056125 5.175025 5175.025119 2.074708
 1368.000000 1.255219 0.762277 762.276800 0.305603
 1370.000000 1.175291 0.152639 152.639256 0.061194
 1372.000000 1.193165 0.011678 11.678033 0.004682
 1374.000000 1.152394 0.566578 566.577545 0.227145
 1376.000000 1.070662 4.182054 4182.054411 1.676619
 1378.000000 1.152152 0.572369 572.369417 0.229467
 1380.000000 1.109669 2.039931 2039.930561 0.817824
 1382.000000 1.118606 1.656252 1656.252059 0.664004
 1384.000000 1.133587 1.102687 1102.687026 0.442076
 1386.000000 1.063554 4.654374 4654.374208 1.865975
 1388.000000 1.160521 0.389644 389.643828 0.156211
 1390.000000 1.099249 2.537710 2537.710173 1.017388
 1392.000000 1.161088 0.378542 378.541636 0.151760
 1394.000000 1.093544 2.833246 2833.246036 1.135871
 1396.000000 1.101013 2.449617 2449.616899 0.982071
 1398.000000 1.127461 1.315473 1315.473113 0.527384
 1400.000000 1.156515 0.472743 472.742545 0.189526
 1402.000000 1.161497 0.370612 370.611881 0.148581
 1404.000000 1.122816 1.489343 1489.342865 0.597089
 1406.000000 1.144291 0.775868 775.868221 0.311052
 1408.000000 1.137263 0.983989 983.988660 0.394489
 1410.000000 1.129855 1.230071 1230.071105 0.493145
 1412.000000 1.095703 2.719479 2719.478762 1.090260
 1414.000000 1.088208 3.124369 3124.369247 1.252584
 1416.000000 1.114128 1.843510 1843.510406 0.739078
 1418.000000 1.141867 0.844859 844.859376 0.338711
 1420.000000 1.172247 0.192563 192.562591 0.077200
 1422.000000 1.153213 0.547266 547.266477 0.219403
 1424.000000 1.055169 5.244026 5244.025875 2.102371
 1426.000000 1.125197 1.398883 1398.882936 0.560823
 1428.000000 1.100542 2.472996 2472.996035 0.991444
 1430.000000 1.072651 4.054415 4054.415198 1.625447
 1432.000000 1.033894 6.897783 6897.783354 2.765376
 1434.000000 1.114436 1.830316 1830.315908 0.733788
 1436.000000 1.148454 0.664243 664.242729 0.266300
 1438.000000 1.140510 0.884755 884.754976 0.354705
 1440.000000 1.169617 0.230776 230.775544 0.092520
 1442.000000 1.104184 2.295163 2295.163256 0.920149
 1444.000000 1.209484 0.022489 22.488566 0.009016
 1446.000000 1.192378 0.014523 14.523470 0.005823
 1448.000000 1.207722 0.014909 14.909133 0.005977
 1450.000000 1.085159 3.297121 3297.120687 1.321842
 1452.000000 1.147834 0.680314 680.313865 0.272743
 1454.000000 1.137098 0.989164 989.164465 0.396564
 1456.000000 1.024260 7.721131 7721.131183 3.095462
 1458.000000 1.067831 4.367161 4367.161187 1.750829
 1460.000000 1.156732 0.468035 468.035454 0.187639
 1462.000000 1.156359 0.476135 476.135415 0.190886
 1464.000000 1.156646 0.469884 469.883654 0.188380
 1466.000000 1.152139 0.572667 572.667481 0.229587
 1468.000000 1.087497 3.164245 3164.245474 1.268571
 1470.000000 1.142216 0.834742 834.741772 0.334655
 1472.000000 1.164354 0.317652 317.651666 0.127349
 1474.000000 1.110693 1.993933 1993.932912 0.799383
 1476.000000 1.092017 2.915057 2915.056890 1.168669
 1478.000000 1.110985 1.980895 1980.895446 0.794157
 1480.000000 1.053544 5.362314 5362.314441 2.149794
 1482.000000 1.097561 2.623437 2623.437384 1.051757
 1484.000000 1.036783 6.659935 6659.934763 2.670020
 1486.000000 1.075926 3.848573 3848.572721 1.542923
 1488.000000 1.070082 4.219682 4219.681552 1.691704
 1490.000000 1.101375 2.431711 2431.710968 0.974892
 1492.000000 1.065058 4.552342 4552.341989 1.825070
 1494.000000 1.083775 3.377042 3377.041517 1.353883
 1496.000000 1.106129 2.202919 2202.919105 0.883168
 1498.000000 1.067207 4.408501 4408.500934 1.767403
 1500.000000 1.056933 5.117016 5117.015922 2.051452
 1502.000000 1.119395 1.624284 1624.283706 0.651188
 1504.000000 1.124450 1.426959 1426.959314 0.572079
 1506.000000 1.043953 6.087683 6087.682862 2.440600
 1508.000000 1.130852 1.195358 1195.358114 0.479228
 1510.000000 1.073705 3.987617 3987.616574 1.598667
 1512.000000 1.103220 2.341616 2341.616079 0.938772
 1514.000000 1.239492 0.389913 389.912899 0.156319
 1516.000000 1.184877 0.057180 57.179667 0.022924
 1518.000000 1.124950 1.408128 1408.128457 0.564530
 1520.000000 1.163896 0.325877 325.877188 0.130647
 1522.000000 1.091391 2.948969 2948.969354 1.182265
 1524.000000 1.124748 1.415729 1415.728776 0.567577
 1526.000000 1.096662 2.669680 2669.680447 1.070296
 1528.000000 1.114813 1.814191 1814.190901 0.727323
 1530.000000 1.220044 0.100442 100.441748 0.040268
 1532.000000 1.133672 1.099864 1099.863552 0.440944
 1534.000000 0.988058 11.229904 11229.904465 4.502157
 1536.000000 1.030984 7.141618 7141.618368 2.863131
 1538.000000 1.171038 0.209704 209.703723 0.084072
 1540.000000 1.134334 1.078013 1078.012758 0.432184
 1542.000000 1.155468 0.495772 495.771793 0.198759
 1544.000000 1.168769 0.243846 243.845655 0.097760
 1546.000000 1.080298 3.582157 3582.156963 1.436115
 1548.000000 1.054921 5.261957 5261.957035 2.109560
 1550.000000 1.131168 1.184471 1184.470607 0.474864
 1552.000000 0.988242 11.210316 11210.316281 4.494304
 1554.000000 1.050639 5.577153 5577.153434 2.235925
 1556.000000 1.096223 2.692427 2692.427152 1.079415
 1558.000000 1.147725 0.683165 683.165228 0.273886
 1560.000000 1.154739 0.512150 512.150354 0.205325
 1562.000000 1.207274 0.013229 13.228836 0.005304
 1564.000000 1.159293 0.414265 414.264576 0.166082
 1566.000000 1.080642 3.561574 3561.573587 1.427863
 1568.000000 1.149239 0.644166 644.166465 0.258251
 1570.000000 1.029692 7.251223 7251.223112 2.907072
 1572.000000 1.103054 2.349637 2349.637281 0.941988
 1574.000000 1.153587 0.538546 538.546232 0.215907
 1576.000000 1.143740 0.791296 791.296347 0.317237
 1578.000000 1.141027 0.869443 869.442892 0.348567
 1580.000000 1.206330 0.010018 10.018204 0.004016
 1582.000000 1.184789 0.057845 57.844587 0.023190
 1584.000000 1.146218 0.723119 723.118959 0.289904
 1586.000000 1.162566 0.350320 350.320315 0.140446
 1588.000000 1.062862 4.701710 4701.709985 1.884953
 1590.000000 1.155465 0.495842 495.842331 0.198787
 1592.000000 1.105972 2.210296 2210.295973 0.886125
 1594.000000 1.116979 1.723110 1723.110351 0.690809
 1596.000000 1.051529 5.510922 5510.922095 2.209372
 1598.000000 1.066026 4.487246 4487.246198 1.798972
 1600.000000 1.191420 0.018403 18.402842 0.007378
 1602.000000 1.139636 0.910967 910.967432 0.365214
 1604.000000 1.160667 0.386779 386.778905 0.155063
 1606.000000 1.139476 0.915789 915.789307 0.367147
 1608.000000 1.178374 0.116922 116.921706 0.046875
 1610.000000 1.133519 1.104918 1104.917576 0.442970
 1612.000000 1.072728 4.049532 4049.531708 1.623489
 1614.000000 1.162197 0.357273 357.272725 0.143233
 1616.000000 1.223032 0.132620 132.620334 0.053169
 1618.000000 1.156717 0.468355 468.354791 0.187767
 1620.000000 1.120657 1.573812 1573.812211 0.630954
 1622.000000 1.217193 0.073900 73.899507 0.029627
 1624.000000 1.114099 1.844752 1844.752202 0.739576
 1626.000000 1.157564 0.450203 450.203477 0.180490
 1628.000000 1.186097 0.048323 48.323214 0.019373
 1630.000000 1.119242 1.630456 1630.456005 0.653663
 1632.000000 1.100655 2.467357 2467.357414 0.989183
 1634.000000 1.139293 0.921321 921.320953 0.369365
 1636.000000 1.120463 1.581551 1581.550774 0.634056
 1638.000000 0.989175 11.111799 11111.799122 4.454808
 1640.000000 1.126172 1.362630 1362.630024 0.546289
 1642.000000 1.167647 0.261679 261.678545 0.104909
 1644.000000 1.236715 0.336995 336.995481 0.135104
 1646.000000 1.143059 0.810556 810.556425 0.324958
 1648.000000 1.100982 2.451154 2451.153527 0.982687
 1650.000000 1.111757 1.946728 1946.728041 0.780459
 1652.000000 1.230364 0.230488 230.487590 0.092404
 1654.000000 1.162088 0.359330 359.330292 0.144058
 1656.000000 1.162972 0.342760 342.759558 0.137415
 1658.000000 1.113445 1.872924 1872.924189 0.750870
 1660.000000 1.181340 0.087048 87.047534 0.034898
 1662.000000 1.039091 6.472899 6472.898915 2.595036
 1664.000000 1.123983 1.444641 1444.640650 0.579168
 1666.000000 1.130239 1.216653 1216.653093 0.487766
 1668.000000 1.190463 0.022738 22.737536 0.009116
 1670.000000 1.158943 0.421420 421.419515 0.168950
 1672.000000 1.203430 0.002941 2.941190 0.001179
 1674.000000 1.144514 0.769666 769.666132 0.308565
 1676.000000 0.999483 10.051723 10051.722693 4.029815
 1678.000000 1.082185 3.470088 3470.088195 1.391186
 1680.000000 1.092653 2.880819 2880.818645 1.154943
 1682.000000 1.092416 2.893581 2893.581458 1.160060
 1684.000000 1.162527 0.351050 351.050251 0.140739
 1686.000000 1.226502 0.175592 175.592002 0.070396
 1688.000000 1.186849 0.043239 43.239288 0.017335
 1690.000000 1.143762 0.790669 790.668917 0.316985
 1692.000000 1.168007 0.255889 255.889184 0.102588
 1694.000000 1.141384 0.858969 858.968647 0.344367
 1696.000000 1.201087 0.000295 0.295481 0.000118
 1698.000000 1.147933 0.677749 677.748686 0.271715
 1700.000000 1.131877 1.160172 1160.172488 0.465122
 1702.000000 1.114343 1.834260 1834.259542 0.735369
 1704.000000 1.044317 6.059269 6059.269221 2.429209
 1706.000000 1.153356 0.543926 543.926268 0.218064
 1708.000000 1.096598 2.672985 2672.985430 1.071621
 1710.000000 1.134194 1.082622 1082.622399 0.434032
 1712.000000 1.090580 2.993193 2993.192584 1.199994
 1714.000000 1.131904 1.159283 1159.282975 0.464766
 1716.000000 1.024243 7.722635 7722.634613 3.096065
 1718.000000 1.138771 0.937240 937.239747 0.375747
 1720.000000 1.119026 1.639201 1639.200630 0.657168
 1722.000000 1.162413 0.353189 353.189189 0.141596
 1724.000000 1.126206 1.361398 1361.398058 0.545795
 1726.000000 1.099234 2.538455 2538.455247 1.017687
 1728.000000 1.121803 1.528681 1528.681215 0.612860
 1730.000000 1.108954 2.072324 2072.323913 0.830811
 1732.000000 1.133830 1.094624 1094.623721 0.438843
 1734.000000 1.164261 0.319322 319.322068 0.128019
 1736.000000 1.152108 0.573411 573.410854 0.229885
 1738.000000 1.079352 3.638969 3638.968768 1.458891
 1740.000000 1.137109 0.988819 988.818833 0.396425
 1742.000000 1.038369 6.531162 6531.162074 2.618394
 1744.000000 1.007004 9.311883 9311.883284 3.733207
 1746.000000 1.058431 5.010417 5010.417490 2.008716
 1748.000000 0.953545 15.184964 15184.964186 6.087772
 1750.000000 0.992063 10.809475 10809.474611 4.333603
 1752.000000 0.953655 15.171520 15171.519516 6.082382
 1754.000000 1.027970 7.398605 7398.605177 2.966159
 1756.000000 1.000550 9.945032 9945.032221 3.987042
 1758.000000 1.085536 3.275482 3275.482226 1.313167
 1760.000000 0.962521 14.099036 14099.035546 5.652414
 1762.000000 0.934093 17.676619 17676.618797 7.086696
 1764.000000 1.050738 5.569811 5569.811296 2.232981
 1766.000000 1.087533 3.162228 3162.227622 1.267762
 1768.000000 1.004884 9.517600 9517.600344 3.815681
 1770.000000 0.967210 13.547849 13547.848902 5.431439
 1772.000000 1.152861 0.555513 555.513038 0.222710
 1774.000000 1.150277 0.618085 618.085107 0.247795
 1776.000000 1.215269 0.058287 58.287245 0.023368
 1778.000000 1.094978 2.757396 2757.395901 1.105462
 1780.000000 1.059129 4.961129 4961.129084 1.988956
 1782.000000 1.260343 0.910327 910.327138 0.364957
 1784.000000 1.085684 3.267014 3267.013921 1.309772
 1786.000000 1.109299 2.056675 2056.675309 0.824537
 1788.000000 1.085604 3.271618 3271.617636 1.311617
 1790.000000 1.153870 0.532005 532.005457 0.213285
 1792.000000 1.108434 2.096088 2096.087602 0.840338
 1794.000000 1.237312 0.348047 348.047327 0.139535
 1796.000000 1.104236 2.292665 2292.664966 0.919147
 1798.000000 1.130839 1.195818 1195.817640 0.479413
 1800.000000 1.060750 4.847635 4847.634890 1.943455
 1802.000000 1.083544 3.390507 3390.507112 1.359281
 1804.000000 1.169251 0.236375 236.375092 0.094765
 1806.000000 1.126606 1.346677 1346.676679 0.539893
 1808.000000 1.177102 0.131081 131.080724 0.052551
 1810.000000 1.101945 2.403690 2403.689814 0.963658
 1812.000000 1.125949 1.370888 1370.888443 0.549600
 1814.000000 1.188991 0.030302 30.302255 0.012148
 1816.000000 1.198402 0.000639 0.638794 0.000256
 1818.000000 1.204520 0.005107 5.106964 0.002047
 1820.000000 1.110507 2.002271 2002.271398 0.802726
 1822.000000 1.076249 3.828580 3828.579980 1.534908
 1824.000000 1.192287 0.014871 14.870760 0.005962
 1826.000000 1.132888 1.126012 1126.012275 0.451427
 1828.000000 1.195906 0.004191 4.191204 0.001680
 1830.000000 1.134942 1.058146 1058.145541 0.424219
 1832.000000 1.225792 0.166312 166.311884 0.066676
 1834.000000 1.114125 1.843638 1843.638041 0.739129
 1836.000000 1.148177 0.671402 671.402041 0.269170
 1838.000000 1.220852 0.108701 108.700788 0.043579
 1840.000000 1.150982 0.600703 600.703194 0.240827
 1842.000000 1.176745 0.135200 135.199601 0.054203
 1844.000000 1.107881 2.121481 2121.480851 0.850518
 1846.000000 1.097559 2.623523 2623.523300 1.051791
 1848.000000 1.011539 8.879377 8879.376884 3.559812
 1850.000000 1.203631 0.003295 3.295156 0.001321
 1852.000000 1.120943 1.562516 1562.515938 0.626425
 1854.000000 1.206553 0.010736 10.736291 0.004304
 1856.000000 1.206540 0.010692 10.692492 0.004287
 1858.000000 1.206834 0.011675 11.674857 0.004681
 1860.000000 1.150671 0.608333 608.332959 0.243885
 1862.000000 1.108323 2.101189 2101.188767 0.842383
 1864.000000 1.033567 6.925025 6925.024900 2.776297
 1866.000000 1.020854 8.023347 8023.346572 3.216623
 1868.000000 1.054091 5.322367 5322.366808 2.133779
 1870.000000 1.241107 0.422450 422.449893 0.169363
 1872.000000 1.120784 1.568798 1568.798150 0.628944
 1874.000000 1.143285 0.804150 804.149956 0.322390
 1876.000000 1.132348 1.144211 1144.211091 0.458723
 1878.000000 1.093530 2.833945 2833.945118 1.136151
 1880.000000 1.046778 5.869247 5869.246643 2.353027
 1882.000000 0.967064 13.564752 13564.752165 5.438216
 1884.000000 1.079246 3.645407 3645.406655 1.461472
 1886.000000 1.108436 2.095991 2095.990689 0.840299
 1888.000000 1.094724 2.770742 2770.742168 1.110812
 1890.000000 1.160713 0.385871 385.871027 0.154699
 1892.000000 1.110270 2.012890 2012.890428 0.806984
 1894.000000 1.137245 0.984544 984.543892 0.394711
 1896.000000 1.090464 2.999517 2999.517308 1.202530
 1898.000000 1.087043 3.189818 3189.817975 1.278823
 1900.000000 1.203008 0.002262 2.262434 0.000907
 1902.000000 1.124660 1.419040 1419.039794 0.568904
 1904.000000 1.059213 4.955221 4955.220675 1.986587
 1906.000000 1.084493 3.335464 3335.463503 1.337214
 1908.000000 1.057287 5.091754 5091.754030 2.041324
 1910.000000 1.057720 5.060864 5060.864385 2.028940
 1912.000000 1.037356 6.613296 6613.295996 2.651322
 1914.000000 1.037419 6.608134 6608.134349 2.649253
 1916.000000 1.061721 4.780259 4780.259229 1.916444
 1918.000000 1.068207 4.342316 4342.316268 1.740869
 1920.000000 1.068485 4.324031 4324.031454 1.733538
 1922.000000 1.085710 3.265572 3265.571967 1.309194
 1924.000000 1.044239 6.065346 6065.346233 2.431645
 1926.000000 1.098346 2.583409 2583.408878 1.035709
 1928.000000 1.060752 4.847485 4847.484717 1.943395
 1930.000000 0.976724 12.463014 12463.013857 4.996520
 1932.000000 1.020306 8.072485 8072.484939 3.236323
 1934.000000 0.963285 14.008544 14008.544328 5.616136
 1936.000000 0.989923 11.033110 11033.109617 4.423261
 1938.000000 1.037461 6.604727 6604.726706 2.647887
 1940.000000 1.038791 6.497120 6497.120321 2.604747
 1942.000000 1.166440 0.281566 281.566031 0.112882
 1944.000000 1.100314 2.484328 2484.327512 0.995986
 1946.000000 1.071083 4.154920 4154.919686 1.665740
 1948.000000 1.024408 7.708146 7708.146209 3.090257
 1950.000000 1.139229 0.923280 923.279734 0.370150
 1952.000000 1.075142 3.897405 3897.404574 1.562500
 1954.000000 1.149717 0.632089 632.089041 0.253409
 1956.000000 1.198810 0.000354 0.354036 0.000142
 1958.000000 1.077153 3.772869 3772.869433 1.512573
 1960.000000 1.194858 0.006609 6.609483 0.002650
 1962.000000 1.093379 2.841988 2841.987865 1.139375
 1964.000000 1.140245 0.892679 892.679060 0.357882
 1966.000000 1.172950 0.182923 182.922709 0.073335
 1968.000000 1.056232 5.167284 5167.283604 2.071605
 1970.000000 1.217238 0.074290 74.289678 0.029783
 1972.000000 1.144048 0.782664 782.663660 0.313776
 1974.000000 1.097440 2.629629 2629.628707 1.054239
 1976.000000 1.091681 2.933225 2933.225483 1.175953
 1978.000000 1.206310 0.009955 9.955192 0.003991
 1980.000000 1.231570 0.249168 249.168196 0.099893
 1982.000000 1.223575 0.138940 138.939598 0.055702
 1984.000000 1.227158 0.184388 184.388009 0.073923
 1986.000000 1.206146 0.009444 9.443537 0.003786
 1988.000000 1.253032 0.703095 703.095110 0.281876
 1990.000000 1.071025 4.158635 4158.634961 1.667230
 1992.000000 1.130059 1.222935 1222.934666 0.490284
 1994.000000 1.117125 1.717066 1717.065810 0.688385
 1996.000000 1.189364 0.028280 28.280169 0.011338
 1998.000000 1.143791 0.789857 789.856663 0.316660
 2000.000000 1.149168 0.645972 645.971810 0.258975
