#! FIELDS time d1 bb.bias bb.force2 lw
 0.000000 0.837001 28.392335 28392.335481 11.382711
 2.000000 0.500686 0.000118 0.117529 0.000047
 4.000000 0.475475 0.150371 150.371381 0.060285
 6.000000 0.533672 0.283447 283.446993 0.113636
 8.000000 0.479310 0.107020 107.019790 0.042905
 10.000000 0.532318 0.261119 261.119252 0.104685
 12.000000 0.572713 1.321791 1321.790597 0.529916
 14.000000 0.528968 0.209782 209.781826 0.084103
 16.000000 0.490781 0.021247 21.247282 0.008518
 18.000000 0.480165 0.098358 98.357595 0.039432
 20.000000 0.527892 0.194487 194.487244 0.077971
 22.000000 0.496362 0.003309 3.308649 0.001326
 24.000000 0.502616 0.001710 1.710427 0.000686
 26.000000 0.529692 0.220411 220.411137 0.088365
 28.000000 0.514235 0.050657 50.656679 0.020309
 30.000000 0.451509 0.587853 587.852548 0.235675
 32.000000 0.564869 1.052007 1052.007073 0.421758
 34.000000 0.511661 0.033996 33.995874 0.013629
 36.000000 0.496734 0.002666 2.666420 0.001069
 38.000000 0.510127 0.025640 25.639815 0.010279
 40.000000 0.552616 0.692102 692.101509 0.277469
 42.000000 0.503880 0.003763 3.763384 0.001509
 44.000000 0.485651 0.051472 51.472252 0.020636
 46.000000 0.478761 0.112779 112.779051 0.045214
 48.000000 0.552511 0.689339 689.339405 0.276362
 50.000000 0.671175 7.325218 7325.218399 2.936738
 52.000000 0.585093 1.810186 1810.185623 0.725718
 54.000000 0.490409 0.022997 22.996703 0.009220
 56.000000 0.442194 0.835381 835.381118 0.334911
 58.000000 0.483972 0.064222 64.221873 0.025747
 60.000000 0.574111 1.373108 1373.108022 0.550490
 62.000000 0.563969 1.023002 1023.002488 0.410130
 64.000000 0.483279 0.069896 69.896171 0.028022
 66.000000 0.499823 0.000008 0.007868 0.000003
 68.000000 0.491457 0.018244 18.244314 0.007314
 70.000000 0.573601 1.354276 1354.275812 0.542940
 72.000000 0.628473 4.126351 4126.351330 1.654287
 74.000000 0.489909 0.025458 25.458177 0.010206
 76.000000 0.473975 0.169329 169.329451 0.067886
 78.000000 0.511513 0.033137 33.137399 0.013285
 80.000000 0.581324 1.653381 1653.380658 0.662853
 82.000000 0.534433 0.296400 296.399606 0.118829
 84.000000 0.540692 0.413953 413.953090 0.165957
 86.000000 0.624978 3.904875 3904.875386 1.565495
 88.000000 0.543679 0.476955 476.954711 0.191215
 90.000000 0.588700 1.966913 1966.913311 0.788551
 92.000000 0.548845 0.596460 596.460228 0.239126
 94.000000 0.516815 0.070686 70.686103 0.028339
 96.000000 0.452119 0.573152 573.152286 0.229781
 98.000000 0.607141 2.869808 2869.807638 1.150528
 100.000000 0.610555 3.055624 3055.623648 1.225024
 102.000000 0.655001 6.006348 6006.348311 2.407992
 104.000000 0.628184 4.107816 4107.815838 1.646856
 106.000000 0.620771 3.646405 3646.404916 1.461872
 108.000000 0.559489 0.884749 884.748738 0.354703
 110.000000 0.488589 0.032550 32.550121 0.013050
 112.000000 0.509887 0.024438 24.437631 0.009797
 114.000000 0.531502 0.248092 248.091696 0.099462
 116.000000 0.527104 0.183658 183.658328 0.073630
 118.000000 0.537097 0.344053 344.052836 0.137933
 120.000000 0.466353 0.283030 283.029802 0.113469
 122.000000 0.524129 0.145556 145.556162 0.058355
 124.000000 0.541518 0.430930 430.930227 0.172763
 126.000000 0.495421 0.005242 5.241948 0.002102
 128.000000 0.506500 0.010561 10.560902 0.004234
 130.000000 0.535294 0.311425 311.424519 0.124853
 132.000000 0.483972 0.064227 64.227029 0.025749
 134.000000 0.527642 0.191018 191.017703 0.076581
 136.000000 0.492126 0.015499 15.498716 0.006214
 138.000000 0.605579 2.786750 2786.749977 1.117230
 140.000000 0.656672 6.136491 6136.490854 2.460168
 142.000000 0.596656 2.335574 2335.574037 0.936350
 144.000000 0.513700 0.046920 46.919701 0.018810
 146.000000 0.570396 1.238907 1238.907166 0.496688
 148.000000 0.494502 0.007557 7.556557 0.003029
 150.000000 0.439124 0.926483 926.483052 0.371434
 152.000000 0.471894 0.197486 197.485733 0.079174
 154.000000 0.443330 0.802869 802.868691 0.321876
 156.000000 0.539002 0.380282 380.282489 0.152458
 158.000000 0.525670 0.164732 164.731669 0.066042
 160.000000 0.549826 0.620655 620.655007 0.248825
 162.000000 0.505025 0.006312 6.312150 0.002531
 164.000000 0.573673 1.356927 1356.927414 0.544003
 166.000000 0.631752 4.339679 4339.679136 1.739812
 168.000000 0.532425 0.262838 262.838152 0.105374
 170.000000 0.469963 0.225550 225.550276 0.090425
 172.000000 0.554691 0.747779 747.779414 0.299791
 174.000000 0.561559 0.947382 947.382044 0.379813
 176.000000 0.532939 0.271251 271.250660 0.108747
 178.000000 0.603044 2.654502 2654.501536 1.064211
 180.000000 0.646970 5.400028 5400.028376 2.164914
 182.000000 0.649843 5.613204 5613.204404 2.250378
 184.000000 0.649983 5.623760 5623.759762 2.254610
 186.000000 0.700219 10.021886 10021.885721 4.017853
 188.000000 0.567174 1.128100 1128.100201 0.452264
 190.000000 0.532537 0.264666 264.665991 0.106107
 192.000000 0.576002 1.444067 1444.067297 0.578938
 194.000000 0.483427 0.068669 68.669169 0.027530
 196.000000 0.529666 0.220013 220.012928 0.088205
 198.000000 0.514922 0.055670 55.669558 0.022318
 200.000000 0.451459 0.589063 589.062963 0.236160
 202.000000 0.582206 1.689456 1689.456249 0.677316
 204.000000 0.550725 0.643256 643.255613 0.257886
 206.000000 0.553913 0.726642 726.641794 0.291316
 208.000000 0.480997 0.090276 90.275555 0.036192
 210.000000 0.541381 0.428105 428.104517 0.171630
 212.000000 0.514458 0.052259 52.258689 0.020951
 214.000000 0.499094 0.000205 0.205018 0.000082
 216.000000 0.531339 0.245541 245.540745 0.098439
 218.000000 0.559424 0.882816 882.815521 0.353928
 220.000000 0.488570 0.032661 32.661260 0.013094
 222.000000 0.555999 0.783960 783.959870 0.314296
 224.000000 0.432826 1.128101 1128.101183 0.452265
 226.000000 0.521445 0.114975 114.975473 0.046095
 228.000000 0.490859 0.020891 20.891358 0.008376
 230.000000 0.530401 0.231050 231.050068 0.092630
 232.000000 0.512769 0.040760 40.760322 0.016341
 234.000000 0.458808 0.424195 424.194837 0.170063
 236.000000 0.507480 0.013988 13.987874 0.005608
 238.000000 0.497249 0.001892 1.891614 0.000758
 240.000000 0.471161 0.207920 207.919718 0.083357
 242.000000 0.546735 0.546033 546.033013 0.218909
 244.000000 0.538668 0.373809 373.808532 0.149863
 246.000000 0.517505 0.076604 76.604115 0.030711
 248.000000 0.520489 0.104951 104.951204 0.042076
 250.000000 0.499167 0.000174 0.173543 0.000070
 252.000000 0.563994 1.023797 1023.797256 0.410448
 254.000000 0.473123 0.180596 180.596331 0.072402
 256.000000 0.486612 0.044808 44.807956 0.017964
 258.000000 0.470752 0.213859 213.858758 0.085738
 260.000000 0.558221 0.847425 847.425479 0.339740
 262.000000 0.511292 0.031875 31.875158 0.012779
 264.000000 0.513713 0.047013 47.012952 0.018848
 266.000000 0.507615 0.014498 14.497549 0.005812
 268.000000 0.586060 1.851602 1851.602236 0.742322
 270.000000 0.557762 0.834103 834.103085 0.334398
 272.000000 0.578270 1.531548 1531.548037 0.614010
 274.000000 0.454737 0.512178 512.177551 0.205336
 276.000000 0.589944 2.022470 2022.470250 0.810824
 278.000000 0.541188 0.424122 424.122103 0.170034
 280.000000 0.622210 3.733826 3733.826195 1.496920
 282.000000 0.519959 0.099586 99.585634 0.039925
 284.000000 0.461834 0.364168 364.167981 0.145998
 286.000000 0.554076 0.731063 731.062531 0.293089
 288.000000 0.524767 0.153352 153.351521 0.061480
 290.000000 0.528452 0.202382 202.382346 0.081137
 292.000000 0.550182 0.629550 629.550485 0.252392
 294.000000 0.514530 0.052782 52.782364 0.021161
 296.000000 0.484312 0.061525 61.525434 0.024666
 298.000000 0.440461 0.886221 886.221226 0.355293
 300.000000 0.551506 0.663206 663.206172 0.265885
 302.000000 0.474180 0.166673 166.672674 0.066820
 304.000000 0.446872 0.705641 705.640906 0.282897
 306.000000 0.449535 0.636680 636.680201 0.255250
 308.000000 0.491011 0.020199 20.199040 0.008098
 310.000000 0.466462 0.281193 281.192721 0.112732
 312.000000 0.504419 0.004882 4.882276 0.001957
 314.000000 0.570624 1.246953 1246.952673 0.499913
 316.000000 0.527379 0.187403 187.403221 0.075131
 318.000000 0.533500 0.280558 280.558257 0.112478
 320.000000 0.567679 1.145111 1145.111055 0.459084
 322.000000 0.562828 0.986841 986.840791 0.395632
 324.000000 0.548975 0.599650 599.649835 0.240404
 326.000000 0.558752 0.862959 862.958944 0.345967
 328.000000 0.587258 1.903505 1903.505328 0.763130
 330.000000 0.574084 1.372104 1372.104211 0.550087
 332.000000 0.598886 2.444587 2444.586933 0.980054
 334.000000 0.538639 0.373237 373.237087 0.149634
 336.000000 0.464929 0.307488 307.488405 0.123275
 338.000000 0.456687 0.469002 469.001858 0.188027
 340.000000 0.624240 3.858899 3858.898679 1.547063
 342.000000 0.527064 0.183113 183.113213 0.073412
 344.000000 0.535742 0.319380 319.379886 0.128042
 346.000000 0.570261 1.234148 1234.147962 0.494780
 348.000000 0.521297 0.113390 113.390275 0.045459
 350.000000 0.467308 0.267192 267.192093 0.107119
 352.000000 0.417670 1.694545 1694.545363 0.679357
 354.000000 0.509157 0.020963 20.962984 0.008404
 356.000000 0.460206 0.395895 395.894963 0.158717
 358.000000 0.487444 0.039413 39.413009 0.015801
 360.000000 0.505964 0.008891 8.891336 0.003565
 362.000000 0.478114 0.119753 119.752748 0.048010
 364.000000 0.516492 0.067998 67.998218 0.027261
 366.000000 0.530992 0.240121 240.120951 0.096266
 368.000000 0.544228 0.489021 489.020940 0.196052
 370.000000 0.531417 0.246761 246.760576 0.098928
 372.000000 0.483449 0.068483 68.483180 0.027455
 374.000000 0.438400 0.948649 948.648785 0.380321
 376.000000 0.507734 0.014952 14.952182 0.005994
 378.000000 0.532464 0.263470 263.470053 0.105627
 380.000000 0.510105 0.025528 25.528248 0.010234
 382.000000 0.528920 0.209097 209.097398 0.083829
 384.000000 0.479859 0.101415 101.414849 0.040658
 386.000000 0.546607 0.543057 543.057169 0.217716
 388.000000 0.521127 0.111586 111.586408 0.044736
 390.000000 0.501305 0.000426 0.425806 0.000171
 392.000000 0.478733 0.113066 113.066406 0.045329
 394.000000 0.447266 0.695211 695.210656 0.278715
 396.000000 0.414634 1.821830 1821.829878 0.730386
 398.000000 0.476046 0.143454 143.454078 0.057512
 400.000000 0.530014 0.225205 225.205070 0.090286
 402.000000 0.558155 0.845508 845.507686 0.338971
 404.000000 0.517476 0.076356 76.355680 0.030612
 406.000000 0.511019 0.030355 30.355117 0.012170
 408.000000 0.541245 0.425287 425.286609 0.170501
 410.000000 0.530594 0.233992 233.991833 0.093809
 412.000000 0.528317 0.200456 200.456179 0.080364
 414.000000 0.550798 0.645107 645.106555 0.258628
 416.000000 0.500861 0.000185 0.185343 0.000074
 418.000000 0.520443 0.104479 104.478650 0.041886
 420.000000 0.548351 0.584445 584.444537 0.234308
 422.000000 0.572556 1.316091 1316.091019 0.527631
 424.000000 0.508245 0.016995 16.995288 0.006814
 426.000000 0.578655 1.546669 1546.669309 0.620072
 428.000000 0.533091 0.273752 273.752292 0.109749
 430.000000 0.521899 0.119887 119.886735 0.048064
 432.000000 0.543359 0.470011 470.010517 0.188431
 434.000000 0.540013 0.400269 400.269393 0.160471
 436.000000 0.513811 0.047689 47.689293 0.019119
 438.000000 0.552688 0.693997 693.996572 0.278229
 440.000000 0.550461 0.636582 636.581567 0.255211
 442.000000 0.506817 0.011618 11.617946 0.004658
 444.000000 0.437875 0.964882 964.881531 0.386829
 446.000000 0.459505 0.409963 409.963072 0.164357
 448.000000 0.426868 1.337077 1337.076807 0.536045
 450.000000 0.477992 0.121092 121.091710 0.048547
 452.000000 0.468835 0.242816 242.815676 0.097347
 454.000000 0.525495 0.162504 162.504245 0.065149
 456.000000 0.550838 0.646116 646.115912 0.259033
 458.000000 0.541066 0.421607 421.607332 0.169026
 460.000000 0.504431 0.004908 4.908345 0.001968
 462.000000 0.555961 0.782922 782.922025 0.313880
 464.000000 0.622743 3.766468 3766.467732 1.510007
 466.000000 0.488263 0.034437 34.437423 0.013806
 468.000000 0.465139 0.303817 303.817065 0.121803
 470.000000 0.541924 0.439402 439.402029 0.176160
 472.000000 0.473209 0.179439 179.438632 0.071938
 474.000000 0.510613 0.028160 28.159920 0.011290
 476.000000 0.555027 0.756986 756.986088 0.303482
 478.000000 0.546618 0.543312 543.312050 0.217818
 480.000000 0.544049 0.485083 485.083355 0.194474
 482.000000 0.568549 1.174736 1174.736209 0.470961
 484.000000 0.573655 1.356278 1356.277720 0.543742
 486.000000 0.549529 0.613275 613.275297 0.245867
 488.000000 0.563959 1.022698 1022.698121 0.410008
 490.000000 0.539055 0.381316 381.316135 0.152873
 492.000000 0.509351 0.021858 21.858293 0.008763
 494.000000 0.528339 0.200770 200.769602 0.080490
 496.000000 0.472560 0.188241 188.241004 0.075467
 498.000000 0.489920 0.025400 25.400324 0.010183
 500.000000 0.584656 1.791641 1791.640641 0.718283
 502.000000 0.509387 0.022027 22.027439 0.008831
 504.000000 0.516338 0.066731 66.731429 0.026753
 506.000000 0.525779 0.166140 166.139967 0.066607
 508.000000 0.485844 0.050099 50.099064 0.020085
 510.000000 0.565341 1.067377 1067.376784 0.427920
 512.000000 0.575261 1.416066 1416.065654 0.567712
 514.000000 0.581566 1.663269 1663.268683 0.666818
 516.000000 0.561577 0.947935 947.934623 0.380034
 518.000000 0.505228 0.006833 6.832705 0.002739
 520.000000 0.506034 0.009101 9.101007 0.003649
 522.000000 0.461408 0.372343 372.342664 0.149275
 524.000000 0.504207 0.004425 4.424651 0.001774
 526.000000 0.475427 0.150952 150.952294 0.060518
 528.000000 0.557395 0.823556 823.555996 0.330170
 530.000000 0.430249 1.216289 1216.289428 0.487620
 532.000000 0.446372 0.718979 718.979338 0.288244
 534.000000 0.457705 0.447212 447.212346 0.179291
 536.000000 0.534905 0.304594 304.594213 0.122114
 538.000000 0.473112 0.180742 180.742376 0.072461
 540.000000 0.460778 0.384596 384.595535 0.154187
 542.000000 0.447409 0.691459 691.458572 0.277211
 544.000000 0.535759 0.319673 319.672767 0.128159
 546.000000 0.490808 0.021121 21.121087 0.008468
 548.000000 0.509001 0.020256 20.256479 0.008121
 550.000000 0.557544 0.827836 827.836046 0.331886
 552.000000 0.585238 1.816364 1816.363768 0.728195
 554.000000 0.511405 0.032518 32.518174 0.013037
 556.000000 0.616363 3.385079 3385.078503 1.357105
 558.000000 0.610800 3.069166 3069.166144 1.230453
 560.000000 0.617941 3.477529 3477.529475 1.394169
 562.000000 0.511975 0.035848 35.847641 0.014372
 564.000000 0.524335 0.148042 148.042492 0.059351
 566.000000 0.550553 0.638892 638.892157 0.256137
 568.000000 0.548433 0.586429 586.428815 0.235104
 570.000000 0.540263 0.405270 405.269994 0.162476
 572.000000 0.577535 1.502907 1502.906952 0.602527
 574.000000 0.537072 0.343592 343.591538 0.137749
 576.000000 0.524192 0.146316 146.315912 0.058659
 578.000000 0.541068 0.421636 421.636226 0.169037
 580.000000 0.529592 0.218917 218.916902 0.087766
 582.000000 0.520782 0.107976 107.976192 0.043289
 584.000000 0.489068 0.029878 29.877859 0.011978
 586.000000 0.485334 0.053770 53.770460 0.021557
 588.000000 0.452010 0.575761 575.761492 0.230827
 590.000000 0.561318 0.939962 939.962110 0.376838
 592.000000 0.560086 0.902595 902.595452 0.361858
 594.000000 0.558174 0.846051 846.050507 0.339188
 596.000000 0.526171 0.171230 171.230017 0.068647
 598.000000 0.520730 0.107433 107.432973 0.043071
 600.000000 0.435323 1.045775 1045.774730 0.419259
 602.000000 0.484929 0.056785 56.785128 0.022766
 604.000000 0.556544 0.799319 799.318840 0.320453
 606.000000 0.508486 0.018003 18.003286 0.007218
 608.000000 0.490733 0.021467 21.467206 0.008606
 610.000000 0.500030 0.000000 0.000222 0.000000
 612.000000 0.525927 0.168056 168.056063 0.067375
 614.000000 0.493425 0.010807 10.806504 0.004332
 616.000000 0.503689 0.003401 3.401382 0.001364
 618.000000 0.529662 0.219956 219.956056 0.088182
 620.000000 0.547901 0.573632 573.631617 0.229973
 622.000000 0.513366 0.044661 44.661402 0.017905
 624.000000 0.558436 0.853706 853.705940 0.342257
 626.000000 0.498986 0.000257 0.257186 0.000103
 628.000000 0.544371 0.492196 492.195719 0.197325
 630.000000 0.516023 0.064182 64.181903 0.025731
 632.000000 0.530768 0.236669 236.668883 0.094882
 634.000000 0.473366 0.177344 177.344373 0.071099
 636.000000 0.630818 4.278311 4278.311094 1.715209
 638.000000 0.607016 2.863096 2863.096230 1.147838
 640.000000 0.501005 0.000253 0.252732 0.000101
 642.000000 0.554849 0.752097 752.096667 0.301521
 644.000000 0.548062 0.577498 577.498116 0.231524
 646.000000 0.576607 1.467163 1467.162778 0.588197
 648.000000 0.562198 0.967145 967.144533 0.387736
 650.000000 0.500734 0.000135 0.134864 0.000054
 652.000000 0.503913 0.003828 3.827624 0.001535
 654.000000 0.484034 0.063727 63.726858 0.025549
 656.000000 0.443148 0.808040 808.039722 0.323949
 658.000000 0.538370 0.368056 368.056416 0.147557
 660.000000 0.517800 0.079211 79.211433 0.031756
 662.000000 0.640670 4.947001 4947.000768 1.983292
 664.000000 0.520054 0.100544 100.543686 0.040309
 666.000000 0.566419 1.102869 1102.868501 0.442149
 668.000000 0.485559 0.052137 52.137266 0.020902
 670.000000 0.494481 0.007614 7.614151 0.003053
 672.000000 0.536408 0.331377 331.377069 0.132852
 674.000000 0.548848 0.596528 596.528055 0.239153
 676.000000 0.496874 0.002442 2.442414 0.000979
 678.000000 0.518552 0.086042 86.041603 0.034495
 680.000000 0.572964 1.330939 1330.939334 0.533584
 682.000000 0.582476 1.700570 1700.570036 0.681772
 684.000000 0.561126 0.934091 934.090996 0.374484
 686.000000 0.667081 6.978979 6978.979411 2.797928
 688.000000 0.563061 0.994177 994.177429 0.398574
 690.000000 0.512571 0.039505 39.505429 0.015838
 692.000000 0.520973 0.109969 109.969072 0.044087
 694.000000 0.570091 1.228182 1228.181922 0.492388
 696.000000 0.613007 3.192650 3192.649756 1.279958
 698.000000 0.510826 0.029303 29.302858 0.011748
 700.000000 0.471233 0.206892 206.891661 0.082944
 702.000000 0.459626 0.407521 407.520564 0.163378
 704.000000 0.617880 3.473944 3473.944350 1.392732
 706.000000 0.576008 1.444288 1444.288253 0.579027
 708.000000 0.538843 0.377187 377.187066 0.151217
 710.000000 0.536135 0.326431 326.431434 0.130869
 712.000000 0.554624 0.745943 745.943016 0.299054
 714.000000 0.541611 0.432873 432.872784 0.173542
 716.000000 0.498285 0.000735 0.735442 0.000295
 718.000000 0.580627 1.625183 1625.183181 0.651549
 720.000000 0.572708 1.321605 1321.604565 0.529842
 722.000000 0.570690 1.249271 1249.270671 0.500842
 724.000000 0.557900 0.838092 838.091791 0.335998
 726.000000 0.548196 0.580710 580.709635 0.232811
 728.000000 0.466631 0.278378 278.378271 0.111604
 730.000000 0.496611 0.002872 2.871736 0.001151
 732.000000 0.528604 0.204547 204.546700 0.082004
 734.000000 0.483434 0.068611 68.611320 0.027507
 736.000000 0.489287 0.028692 28.692201 0.011503
 738.000000 0.441563 0.853710 853.709527 0.342259
 740.000000 0.455301 0.499490 499.490201 0.200250
 742.000000 0.485041 0.055945 55.945364 0.022429
 744.000000 0.539643 0.392883 392.882643 0.157510
 746.000000 0.560950 0.928735 928.735304 0.372337
 748.000000 0.516010 0.064078 64.077579 0.025689
 750.000000 0.517610 0.077524 77.523745 0.031080
 752.000000 0.577716 1.509944 1509.944030 0.605348
 754.000000 0.560742 0.922389 922.388885 0.369793
 756.000000 0.511460 0.032832 32.832184 0.013163
 758.000000 0.497501 0.001562 1.561572 0.000626
 760.000000 0.507418 0.013757 13.757333 0.005515
 762.000000 0.592914 2.158237 2158.237133 0.865254
 764.000000 0.649792 5.609425 5609.425255 2.248863
 766.000000 0.543844 0.480563 480.563493 0.192662
 768.000000 0.488362 0.033860 33.859886 0.013575
 770.000000 0.448488 0.663362 663.362466 0.265947
 772.000000 0.465492 0.297694 297.694400 0.119348
 774.000000 0.495441 0.005196 5.196437 0.002083
 776.000000 0.546271 0.535255 535.255373 0.214588
 778.000000 0.528382 0.201390 201.389525 0.080739
 780.000000 0.543774 0.479049 479.048936 0.192054
 782.000000 0.492295 0.014840 14.840222 0.005950
 784.000000 0.525481 0.162324 162.323708 0.065077
 786.000000 0.501184 0.000351 0.350532 0.000141
 788.000000 0.582690 1.709402 1709.402241 0.685313
 790.000000 0.561048 0.931706 931.705714 0.373528
 792.000000 0.517837 0.079542 79.541739 0.031889
 794.000000 0.527656 0.191217 191.217081 0.076660
 796.000000 0.582075 1.684081 1684.080690 0.675161
 798.000000 0.497721 0.001299 1.298553 0.000521
 800.000000 0.516221 0.065784 65.784250 0.026373
 802.000000 0.551353 0.659288 659.287521 0.264314
 804.000000 0.503383 0.002862 2.861782 0.001147
 806.000000 0.523603 0.139277 139.277435 0.055837
 808.000000 0.629795 4.211689 4211.689047 1.688499
 810.000000 0.501483 0.000550 0.549842 0.000220
 812.000000 0.507166 0.012837 12.837092 0.005146
 814.000000 0.512567 0.039481 39.480688 0.015828
 816.000000 0.591819 2.107685 2107.685399 0.844988
 818.000000 0.558391 0.852389 852.388893 0.341729
 820.000000 0.493329 0.011125 11.124593 0.004460
 822.000000 0.556480 0.797498 797.498335 0.319723
 824.000000 0.549168 0.604363 604.362574 0.242294
 826.000000 0.495080 0.006051 6.050922 0.002426
 828.000000 0.529783 0.221751 221.750657 0.088902
 830.000000 0.490722 0.021519 21.518782 0.008627
 832.000000 0.515257 0.058191 58.191249 0.023329
 834.000000 0.572013 1.296477 1296.476671 0.519768
 836.000000 0.517750 0.078766 78.765613 0.031578
 838.000000 0.544221 0.488877 488.877095 0.195995
 840.000000 0.343477 6.124873 6124.872750 2.455510
 842.000000 0.531003 0.240299 240.298721 0.096338
 844.000000 0.475629 0.148485 148.485439 0.059529
 846.000000 0.508058 0.016232 16.231816 0.006507
 848.000000 0.496547 0.002981 2.981066 0.001195
 850.000000 0.595757 2.292369 2292.368771 0.919029
 852.000000 0.463526 0.332593 332.592510 0.133339
 854.000000 0.522817 0.130149 130.149337 0.052178
 856.000000 0.544437 0.493670 493.670166 0.197916
 858.000000 0.566976 1.121456 1121.456356 0.449601
 860.000000 0.472610 0.187549 187.549024 0.075190
 862.000000 0.550429 0.635772 635.771808 0.254886
 864.000000 0.467495 0.264149 264.148578 0.105899
 866.000000 0.441892 0.844133 844.132687 0.338419
 868.000000 0.420369 1.585258 1585.258146 0.635542
 870.000000 0.560245 0.907367 907.366888 0.363771
 872.000000 0.487230 0.040770 40.769508 0.016345
 874.000000 0.520726 0.107396 107.395934 0.043056
 876.000000 0.541061 0.421496 421.496063 0.168981
 878.000000 0.588416 1.954326 1954.326038 0.783505
 880.000000 0.541666 0.434017 434.016874 0.174001
 882.000000 0.510569 0.027927 27.927216 0.011196
 884.000000 0.458353 0.433614 433.613670 0.173839
 886.000000 0.467526 0.263640 263.639937 0.105695
 888.000000 0.479261 0.107530 107.529878 0.043110
 890.000000 0.464389 0.317036 317.036451 0.127102
 892.000000 0.644475 5.218262 5218.261891 2.092042
 894.000000 0.575404 1.421447 1421.447022 0.569869
 896.000000 0.531580 0.249323 249.322849 0.099955
 898.000000 0.540144 0.402888 402.887613 0.161521
 900.000000 0.554272 0.736358 736.357508 0.295212
 902.000000 0.548914 0.598133 598.133481 0.239796
 904.000000 0.441590 0.852938 852.938467 0.341950
 906.000000 0.638417 4.789839 4789.838655 1.920284
 908.000000 0.527513 0.189243 189.242901 0.075869
 910.000000 0.545682 0.521712 521.712375 0.209159
 912.000000 0.514163 0.050151 50.150521 0.020106
 914.000000 0.531073 0.241382 241.381877 0.096772
 916.000000 0.506612 0.010929 10.929302 0.004382
 918.000000 0.378939 3.663924 3663.924067 1.468896
 920.000000 0.539138 0.382937 382.937004 0.153522
 922.000000 0.518286 0.083590 83.590449 0.033512
 924.000000 0.493339 0.011093 11.092614 0.004447
 926.000000 0.568631 1.177537 1177.537211 0.472084
 928.000000 0.575007 1.406495 1406.494858 0.563875
 930.000000 0.459799 0.404024 404.023823 0.161976
 932.000000 0.505557 0.007721 7.721234 0.003096
 934.000000 0.596652 2.335400 2335.399805 0.936280
 936.000000 0.555000 0.756251 756.250521 0.303187
 938.000000 0.524014 0.144162 144.162295 0.057796
 940.000000 0.545408 0.515473 515.472716 0.206657
 942.000000 0.494577 0.007352 7.351789 0.002947
 944.000000 0.543811 0.479844 479.843791 0.192373
 946.000000 0.549857 0.621418 621.418373 0.249132
 948.000000 0.688431 8.876595 8876.595138 3.558697
 950.000000 0.534585 0.299025 299.024955 0.119881
 952.000000 0.583029 1.723468 1723.467927 0.690952
 954.000000 0.530777 0.236806 236.806428 0.094938
 956.000000 0.549985 0.624634 624.634020 0.250421
 958.000000 0.546617 0.543278 543.278287 0.217805
 960.000000 0.677360 7.864168 7864.167853 3.152807
 962.000000 0.597472 2.375196 2375.195560 0.952235
 964.000000 0.552631 0.692515 692.515048 0.277635
 966.000000 0.535862 0.321529 321.528706 0.128903
 968.000000 0.510164 0.025826 25.825683 0.010354
 970.000000 0.672040 7.399397 7399.397473 2.966477
 972.000000 0.521003 0.110282 110.282146 0.044213
 974.000000 0.510585 0.028013 28.013142 0.011231
 976.000000 0.586461 1.868891 1868.891029 0.749253
 978.000000 0.481755 0.083216 83.216208 0.033362
 980.000000 0.463693 0.329553 329.553111 0.132120
 982.000000 0.468993 0.240358 240.358046 0.096361
 984.000000 0.497054 0.002170 2.169718 0.000870
 986.000000 0.468114 0.254180 254.179825 0.101903
 988.000000 0.536990 0.342063 342.062987 0.137136
 990.000000 0.427899 1.299622 1299.621581 0.521029
 992.000000 0.531947 0.255159 255.159399 0.102295
 994.000000 0.591778 2.105781 2105.781003 0.844224
 996.000000 0.574256 1.378478 1378.478225 0.552643
 998.000000 0.615240 3.320081 3320.080848 1.331047
 1000.000000 0.510642 0.028316 28.315571 0.011352
 1002.000000 0.478095 0.119955 119.954842 0.048091
 1004.000000 0.483384 0.069021 69.020889 0.027671
 1006.000000 0.507959 0.015836 15.836313 0.006349
 1008.000000 0.517559 0.077080 77.079836 0.030902
 1010.000000 0.471227 0.206968 206.967874 0.082975
 1012.000000 0.492529 0.013956 13.955638 0.005595
 1014.000000 0.552590 0.691414 691.413940 0.277193
 1016.000000 0.467103 0.270549 270.549013 0.108465
 1018.000000 0.442616 0.823239 823.239373 0.330043
 1020.000000 0.496687 0.002744 2.744422 0.001100
 1022.000000 0.522669 0.128470 128.469982 0.051505
 1024.000000 0.564066 1.026116 1026.116299 0.411378
 1026.000000 0.463326 0.336249 336.248730 0.134805
 1028.000000 0.521091 0.111206 111.206082 0.044583
 1030.000000 0.527880 0.194321 194.320598 0.077905
 1032.000000 0.601705 2.586001 2586.000802 1.036748
 1034.000000 0.517726 0.078550 78.550420 0.031491
 1036.000000 0.515001 0.056259 56.258601 0.022555
 1038.000000 0.534356 0.295079 295.078946 0.118299
 1040.000000 0.461977 0.361441 361.440537 0.144904
 1042.000000 0.514487 0.052469 52.468593 0.021035
 1044.000000 0.450469 0.613319 613.319151 0.245884
 1046.000000 0.438192 0.955045 955.044767 0.382885
 1048.000000 0.567406 1.135877 1135.876588 0.455382
 1050.000000 0.532904 0.270661 270.661352 0.108510
 1052.000000 0.532695 0.267241 267.240621 0.107139
 1054.000000 0.548837 0.596265 596.264953 0.239047
 1056.000000 0.588147 1.942472 1942.471590 0.778752
 1058.000000 0.554746 0.749268 749.267890 0.300387
 1060.000000 0.543358 0.469987 469.987143 0.188422
 1062.000000 0.578355 1.534878 1534.878354 0.615345
 1064.000000 0.590148 2.031670 2031.669888 0.814512
 1066.000000 0.505463 0.007460 7.460412 0.002991
 1068.000000 0.518444 0.085045 85.044890 0.034095
 1070.000000 0.565476 1.071764 1071.763798 0.429679
 1072.000000 0.543632 0.475932 475.931898 0.190805
 1074.000000 0.539407 0.388223 388.222584 0.155641
 1076.000000 0.486422 0.046087 46.087352 0.018477
 1078.000000 0.481150 0.088828 88.828214 0.035612
 1080.000000 0.544342 0.491552 491.552233 0.197067
 1082.000000 0.504325 0.004677 4.677271 0.001875
 1084.000000 0.554363 0.738829 738.828608 0.296202
 1086.000000 0.598034 2.402673 2402.672539 0.963250
 1088.000000 0.570007 1.225237 1225.237144 0.491207
 1090.000000 0.554979 0.755678 755.677579 0.302957
 1092.000000 0.594959 2.254287 2254.287370 0.903762
 1094.000000 0.525838 0.166904 166.903721 0.066913
 1096.000000 0.606571 2.839332 2839.331982 1.138311
 1098.000000 0.574405 1.384035 1384.034583 0.554870
 1100.000000 0.528412 0.201812 201.812466 0.080908
 1102.000000 0.493660 0.010048 10.047829 0.004028
 1104.000000 0.542680 0.455401 455.401025 0.182574
 1106.000000 0.452052 0.574750 574.749597 0.230422
 1108.000000 0.548827 0.596027 596.027398 0.238952
 1110.000000 0.538597 0.372428 372.427959 0.149309
 1112.000000 0.547699 0.568788 568.787913 0.228032
 1114.000000 0.464992 0.306384 306.383647 0.122832
 1116.000000 0.437701 0.970279 970.278611 0.388992
 1118.000000 0.530674 0.235227 235.227309 0.094304
 1120.000000 0.453987 0.529294 529.294069 0.212198
 1122.000000 0.511930 0.035580 35.580327 0.014264
 1124.000000 0.511642 0.033882 33.882019 0.013584
 1126.000000 0.496452 0.003146 3.146224 0.001261
 1128.000000 0.455063 0.504841 504.841280 0.202395
 1130.000000 0.601807 2.591174 2591.173997 1.038822
 1132.000000 0.538516 0.370871 370.871446 0.148685
 1134.000000 0.665912 6.881703 6881.702724 2.758929
 1136.000000 0.498589 0.000498 0.497566 0.000199
 1138.000000 0.477855 0.122603 122.603184 0.049153
 1140.000000 0.541680 0.434307 434.306767 0.174117
 1142.000000 0.497192 0.001971 1.971399 0.000790
 1144.000000 0.620471 3.628323 3628.322677 1.454623
 1146.000000 0.523196 0.134514 134.513513 0.053928
 1148.000000 0.443083 0.809881 809.881011 0.324688
 1150.000000 0.603973 2.702580 2702.580326 1.083486
 1152.000000 0.525233 0.159180 159.179507 0.063816
 1154.000000 0.570951 1.258502 1258.502192 0.504543
 1156.000000 0.575236 1.415103 1415.103256 0.567326
 1158.000000 0.470290 0.220676 220.675636 0.088471
 1160.000000 0.541750 0.435765 435.764997 0.174702
 1162.000000 0.479355 0.106550 106.550151 0.042717
 1164.000000 0.608427 2.939112 2939.112247 1.178313
 1166.000000 0.546604 0.542995 542.994819 0.217691
 1168.000000 0.521897 0.119869 119.869433 0.048057
 1170.000000 0.535343 0.312280 312.279664 0.125195
 1172.000000 0.539867 0.397340 397.340470 0.159297
 1174.000000 0.536029 0.324530 324.529861 0.130107
 1176.000000 0.693729 9.382729 9382.729459 3.761610
 1178.000000 0.551716 0.668629 668.629271 0.268059
 1180.000000 0.555937 0.782241 782.241279 0.313607
 1182.000000 0.583711 1.751877 1751.876751 0.702341
 1184.000000 0.472305 0.191756 191.756276 0.076877
 1186.000000 0.442632 0.822771 822.770983 0.329855
 1188.000000 0.595394 2.274998 2274.997618 0.912064
 1190.000000 0.541583 0.432283 432.283395 0.173306
 1192.000000 0.573374 1.345930 1345.929876 0.539594
 1194.000000 0.473520 0.175298 175.297568 0.070278
 1196.000000 0.465258 0.301752 301.752243 0.120975
 1198.000000 0.540502 0.410106 410.105906 0.164415
 1200.000000 0.556831 0.807433 807.432879 0.323706
 1202.000000 0.516894 0.071354 71.353650 0.028606
 1204.000000 0.470412 0.218864 218.864108 0.087744
 1206.000000 0.468921 0.241481 241.480988 0.096812
 1208.000000 0.513243 0.043846 43.846395 0.017578
 1210.000000 0.501692 0.000716 0.715880 0.000287
 1212.000000 0.479358 0.106524 106.524465 0.042706
 1214.000000 0.573176 1.338675 1338.675339 0.536685
 1216.000000 0.510672 0.028472 28.471592 0.011414
 1218.000000 0.475782 0.146630 146.630381 0.058785
 1220.000000 0.559912 0.897364 897.363581 0.359760
 1222.000000 0.534677 0.300625 300.625248 0.120523
 1224.000000 0.538562 0.371752 371.752020 0.149038
 1226.000000 0.431822 1.162051 1162.050701 0.465875
 1228.000000 0.556780 0.806003 806.002835 0.323133
 1230.000000 0.519429 0.094371 94.370541 0.037834
 1232.000000 0.559837 0.895113 895.113479 0.358858
 1234.000000 0.579885 1.595394 1595.393853 0.639606
 1236.000000 0.568569 1.175416 1175.416401 0.471234
 1238.000000 0.559165 0.875124 875.124462 0.350844
 1240.000000 0.584872 1.800832 1800.832453 0.721968
 1242.000000 0.545209 0.510965 510.964790 0.204850
 1244.000000 0.508462 0.017901 17.900608 0.007176
 1246.000000 0.495940 0.004120 4.119950 0.001652
 1248.000000 0.496258 0.003500 3.499793 0.001403
 1250.000000 0.561179 0.935711 935.710913 0.375134
 1252.000000 0.550808 0.645358 645.357927 0.258729
 1254.000000 0.574286 1.379585 1379.585472 0.553087
 1256.000000 0.570052 1.226818 1226.817539 0.491841
 1258.000000 0.532997 0.272193 272.192558 0.109124
 1260.000000 0.553019 0.702749 702.748890 0.281738
 1262.000000 0.485054 0.055845 55.844676 0.022389
 1264.000000 0.473454 0.176171 176.171328 0.070628
 1266.000000 0.593280 2.175291 2175.290556 0.872091
 1268.000000 0.489098 0.029715 29.714842 0.011913
 1270.000000 0.489554 0.027280 27.280447 0.010937
 1272.000000 0.539886 0.397723 397.723452 0.159450
 1274.000000 0.547839 0.572136 572.136442 0.229374
 1276.000000 0.609648 3.005656 3005.655598 1.204991
 1278.000000 0.497316 0.001801 1.800733 0.000722
 1280.000000 0.459292 0.414287 414.286914 0.166091
 1282.000000 0.545931 0.527404 527.404177 0.211440
 1284.000000 0.607933 2.912373 2912.373154 1.167593
 1286.000000 0.560797 0.924080 924.079691 0.370471
 1288.000000 0.489261 0.028831 28.831442 0.011559
 1290.000000 0.495427 0.005227 5.227273 0.002096
 1292.000000 0.521636 0.117033 117.032682 0.046919
 1294.000000 0.519585 0.095896 95.895771 0.038445
 1296.000000 0.527650 0.191131 191.130905 0.076626
 1298.000000 0.512782 0.040846 40.846042 0.016375
 1300.000000 0.467394 0.265789 265.789217 0.106557
 1302.000000 0.498746 0.000393 0.393066 0.000158
 1304.000000 0.545228 0.511383 511.382991 0.205017
 1306.000000 0.489728 0.026377 26.376712 0.010575
 1308.000000 0.455061 0.504882 504.881828 0.202411
 1310.000000 0.559136 0.874254 874.253703 0.350495
 1312.000000 0.567945 1.154141 1154.141413 0.462704
 1314.000000 0.566277 1.098154 1098.154138 0.440259
 1316.000000 0.534731 0.301556 301.556129 0.120896
 1318.000000 0.591234 2.080889 2080.888878 0.834245
 1320.000000 0.666758 6.952057 6952.057123 2.787134
 1322.000000 0.653115 5.861037 5861.036664 2.349736
 1324.000000 0.569253 1.198988 1198.987666 0.480684
 1326.000000 0.527074 0.183247 183.247305 0.073465
 1328.000000 0.524748 0.153118 153.118206 0.061386
 1330.000000 0.473824 0.171300 171.299736 0.068675
 1332.000000 0.584692 1.793173 1793.172872 0.718897
 1334.000000 0.536585 0.334607 334.607038 0.134147
 1336.000000 0.558812 0.864698 864.698335 0.346664
 1338.000000 0.522081 0.121894 121.894468 0.048868
 1340.000000 0.515732 0.061875 61.875122 0.024806
 1342.000000 0.549823 0.620575 620.574663 0.248793
 1344.000000 0.532433 0.262967 262.967448 0.105426
 1346.000000 0.548820 0.595844 595.843930 0.238879
 1348.000000 0.452779 0.557454 557.453525 0.223488
 1350.000000 0.485665 0.051374 51.374249 0.020596
 1352.000000 0.480927 0.090946 90.946073 0.036461
 1354.000000 0.480342 0.096605 96.604957 0.038730
 1356.000000 0.563141 0.996699 996.699401 0.399585
 1358.000000 0.543448 0.471939 471.938540 0.189204
 1360.000000 0.490554 0.022308 22.307915 0.008943
 1362.000000 0.571457 1.276539 1276.539179 0.511775
 1364.000000 0.506954 0.012090 12.090414 0.004847
 1366.000000 0.525427 0.161631 161.631456 0.064799
 1368.000000 0.568223 1.163582 1163.581543 0.466489
 1370.000000 0.532354 0.261689 261.689326 0.104913
 1372.000000 0.542460 0.450717 450.716912 0.180696
 1374.000000 0.539142 0.383024 383.024332 0.153557
 1376.000000 0.462322 0.354909 354.909160 0.142286
 1378.000000 0.546427 0.538864 538.863516 0.216035
 1380.000000 0.586437 1.867825 1867.824872 0.748826
 1382.000000 0.543457 0.472128 472.128110 0.189280
 1384.000000 0.476410 0.139120 139.120307 0.055774
 1386.000000 0.533296 0.277156 277.155563 0.111114
 1388.000000 0.630134 4.233713 4233.712947 1.697329
 1390.000000 0.549862 0.621562 621.562128 0.249189
 1392.000000 0.589956 2.023009 2023.009419 0.811040
 1394.000000 0.517938 0.080445 80.444814 0.032251
 1396.000000 0.491183 0.019436 19.436343 0.007792
 1398.000000 0.501082 0.000293 0.292737 0.000117
 1400.000000 0.575760 1.434903 1434.902670 0.575264
 1402.000000 0.459131 0.417572 417.571576 0.167408
 1404.000000 0.564829 1.050703 1050.702877 0.421235
 1406.000000 0.539967 0.399345 399.345206 0.160101
 1408.000000 0.528441 0.202221 202.220710 0.081072
 1410.000000 0.512698 0.040310 40.309725 0.016160
 1412.000000 0.511977 0.035863 35.863286 0.014378
 1414.000000 0.497684 0.001341 1.341094 0.000538
 1416.000000 0.504663 0.005437 5.436860 0.002180
 1418.000000 0.504229 0.004471 4.471362 0.001793
 1420.000000 0.541865 0.438162 438.162146 0.175663
 1422.000000 0.571718 1.285857 1285.856903 0.515510
 1424.000000 0.566272 1.097992 1097.991691 0.440194
 1426.000000 0.543087 0.464133 464.132593 0.186074
 1428.000000 0.536747 0.337593 337.592725 0.135344
 1430.000000 0.515107 0.057058 57.058164 0.022875
 1432.000000 0.517429 0.075940 75.940442 0.030445
 1434.000000 0.465579 0.296208 296.207639 0.118752
 1436.000000 0.552526 0.689748 689.747713 0.276525
 1438.000000 0.555773 0.777652 777.652197 0.311767
 1440.000000 0.619978 3.598652 3598.651665 1.442728
 1442.000000 0.590795 2.060946 2060.945553 0.826249
 1444.000000 0.534368 0.295291 295.291484 0.118385
 1446.000000 0.659210 6.336919 6336.919047 2.540521
 1448.000000 0.502731 0.001864 1.864239 0.000747
 1450.000000 0.538293 0.366598 366.597646 0.146972
 1452.000000 0.538699 0.374400 374.400480 0.150100
 1454.000000 0.541734 0.435427 435.426860 0.174566
 1456.000000 0.525903 0.167740 167.740401 0.067248
 1458.000000 0.462670 0.348379 348.379278 0.139668
 1460.000000 0.503310 0.002739 2.738588 0.001098
 1462.000000 0.540497 0.409998 409.998300 0.164372
 1464.000000 0.506445 0.010385 10.385208 0.004164
 1466.000000 0.469109 0.238557 238.556588 0.095639
 1468.000000 0.555801 0.778430 778.430195 0.312079
 1470.000000 0.590587 2.051500 2051.500093 0.822463
 1472.000000 0.626690 4.012559 4012.559154 1.608667
 1474.000000 0.565351 1.067704 1067.704107 0.428051
 1476.000000 0.655909 6.076929 6076.928845 2.436289
 1478.000000 0.557981 0.840458 840.458479 0.336946
 1480.000000 0.526989 0.182095 182.094790 0.073003
 1482.000000 0.530704 0.235679 235.678697 0.094485
 1484.000000 0.452168 0.571971 571.971202 0.229308
 1486.000000 0.464841 0.309041 309.041132 0.123897
 1488.000000 0.572714 1.321828 1321.827865 0.529931
 1490.000000 0.579056 1.562444 1562.443779 0.626396
 1492.000000 0.531689 0.251056 251.055723 0.100650
 1494.000000 0.457806 0.445075 445.075040 0.178434
 1496.000000 0.552227 0.681926 681.926295 0.273390
 1498.000000 0.504044 0.004089 4.089222 0.001639
 1500.000000 0.524423 0.149124 149.123800 0.059785
 1502.000000 0.521320 0.113637 113.636589 0.045558
 1504.000000 0.526731 0.178637 178.637364 0.071617
 1506.000000 0.539186 0.383893 383.892680 0.153906
 1508.000000 0.584944 1.803860 1803.860299 0.723182
 1510.000000 0.582633 1.707036 1707.036269 0.684364
 1512.000000 0.461572 0.369184 369.184055 0.148009
 1514.000000 0.509509 0.022604 22.604133 0.009062
 1516.000000 0.510694 0.028591 28.591219 0.011462
 1518.000000 0.589423 1.999125 1999.125065 0.801465
 1520.000000 0.536372 0.330735 330.735013 0.132594
 1522.000000 0.502861 0.002046 2.045871 0.000820
 1524.000000 0.520962 0.109855 109.854947 0.044042
 1526.000000 0.575245 1.415436 1415.436324 0.567460
 1528.000000 0.611518 3.109075 3109.075378 1.246453
 1530.000000 0.489465 0.027744 27.744088 0.011123
 1532.000000 0.606202 2.819730 2819.729665 1.130452
 1534.000000 0.517365 0.075385 75.384512 0.030222
 1536.000000 0.507947 0.015790 15.789940 0.006330
 1538.000000 0.507167 0.012841 12.840698 0.005148
 1540.000000 0.519286 0.092986 92.985869 0.037279
 1542.000000 0.461815 0.364514 364.514428 0.146137
 1544.000000 0.667625 7.024511 7024.511290 2.816182
 1546.000000 0.729927 13.216560 13216.560107 5.298623
 1548.000000 0.619319 3.559265 3559.264521 1.426937
 1550.000000 0.556641 0.802050 802.050408 0.321548
 1552.000000 0.574859 1.400965 1400.964895 0.561658
 1554.000000 0.536264 0.328773 328.772697 0.131808
 1556.000000 0.538577 0.372052 372.051807 0.149158
 1558.000000 0.547687 0.568509 568.508589 0.227920
 1560.000000 0.587840 1.928974 1928.973626 0.773341
 1562.000000 0.519484 0.094909 94.909269 0.038050
 1564.000000 0.542952 0.461212 461.211801 0.184903
 1566.000000 0.526124 0.170615 170.614997 0.068401
 1568.000000 0.523677 0.140154 140.154348 0.056189
 1570.000000 0.447513 0.688730 688.729967 0.276117
 1572.000000 0.510056 0.025282 25.281735 0.010136
 1574.000000 0.640865 4.960736 4960.736083 1.988798
 1576.000000 0.582996 1.722073 1722.072859 0.690393
 1578.000000 0.534410 0.296005 296.005470 0.118671
 1580.000000 0.534327 0.294578 294.577639 0.118098
 1582.000000 0.528191 0.198679 198.678593 0.079652
 1584.000000 0.534864 0.303867 303.867158 0.121823
 1586.000000 0.539801 0.396027 396.027107 0.158770
 1588.000000 0.531107 0.241908 241.907773 0.096983
 1590.000000 0.541085 0.422002 422.002259 0.169184
 1592.000000 0.536828 0.339081 339.080749 0.135940
 1594.000000 0.563352 1.003357 1003.357126 0.402254
 1596.000000 0.492516 0.014002 14.001800 0.005613
 1598.000000 0.456634 0.470153 470.152979 0.188488
 1600.000000 0.529279 0.214315 214.314920 0.085921
 1602.000000 0.496398 0.003244 3.244356 0.001301
 1604.000000 0.570563 1.244780 1244.780421 0.499042
 1606.000000 0.545171 0.510100 510.100459 0.204503
 1608.000000 0.512369 0.038250 38.250130 0.015335
 1610.000000 0.486583 0.045005 45.005287 0.018043
 1612.000000 0.540743 0.414995 414.994769 0.166375
 1614.000000 0.549687 0.617189 617.188944 0.247436
 1616.000000 0.469679 0.229846 229.846398 0.092147
 1618.000000 0.578204 1.528969 1528.968712 0.612976
 1620.000000 0.605907 2.804099 2804.099391 1.124186
 1622.000000 0.491476 0.018166 18.165621 0.007283
 1624.000000 0.528529 0.203479 203.478821 0.081576
 1626.000000 0.492908 0.012574 12.573513 0.005041
 1628.000000 0.544389 0.492601 492.600976 0.197488
 1630.000000 0.589699 2.011499 2011.499353 0.806426
 1632.000000 0.531715 0.251461 251.460510 0.100812
 1634.000000 0.589732 2.012973 2012.973245 0.807017
 1636.000000 0.530169 0.227538 227.537955 0.091222
 1638.000000 0.547369 0.560959 560.958572 0.224893
 1640.000000 0.670895 7.301275 7301.274970 2.927139
 1642.000000 0.563807 1.017819 1017.819080 0.408052
 1644.000000 0.569823 1.218822 1218.821826 0.488635
 1646.000000 0.470760 0.213741 213.741451 0.085691
 1648.000000 0.481102 0.089282 89.282432 0.035794
 1650.000000 0.539621 0.392464 392.463750 0.157342
 1652.000000 0.460220 0.395604 395.604281 0.158601
 1654.000000 0.594970 2.254827 2254.826890 0.903978
 1656.000000 0.494808 0.006739 6.739484 0.002702
 1658.000000 0.470076 0.223862 223.861613 0.089748
 1660.000000 0.549157 0.604105 604.105168 0.242191
 1662.000000 0.501101 0.000303 0.303253 0.000122
 1664.000000 0.570243 1.233514 1233.514198 0.494526
 1666.000000 0.506567 0.010781 10.780696 0.004322
 1668.000000 0.482389 0.077535 77.534927 0.031084
 1670.000000 0.576169 1.450444 1450.444203 0.581495
 1672.000000 0.522157 0.122730 122.730308 0.049204
 1674.000000 0.507253 0.013151 13.151420 0.005273
 1676.000000 0.473731 0.172514 172.514185 0.069162
 1678.000000 0.468057 0.255083 255.083447 0.102265
 1680.000000 0.520825 0.108422 108.421828 0.043467
 1682.000000 0.491153 0.019567 19.567047 0.007845
 1684.000000 0.470005 0.224922 224.921620 0.090173
 1686.000000 0.511789 0.034744 34.744067 0.013929
 1688.000000 0.486491 0.045622 45.622220 0.018290
 1690.000000 0.478365 0.117023 117.022724 0.046915
 1692.000000 0.593959 2.207083 2207.082539 0.884837
 1694.000000 0.513792 0.047552 47.551813 0.019064
 1696.000000 0.477147 0.130568 130.568174 0.052346
 1698.000000 0.526970 0.181846 181.846214 0.072904
 1700.000000 0.551499 0.663030 663.029515 0.265814
 1702.000000 0.576829 1.475677 1475.677453 0.591611
 1704.000000 0.521683 0.117543 117.542662 0.047124
 1706.000000 0.522501 0.126570 126.569794 0.050743
 1708.000000 0.638537 4.798109 4798.109472 1.923600
 1710.000000 0.670515 7.268852 7268.852309 2.914140
 1712.000000 0.553161 0.706527 706.527296 0.283252
 1714.000000 0.641049 4.973686 4973.686446 1.993990
 1716.000000 0.631089 4.296060 4296.060220 1.722324
 1718.000000 0.637347 4.716072 4716.072288 1.890711
 1720.000000 0.549640 0.616037 616.036743 0.246974
 1722.000000 0.501122 0.000315 0.314921 0.000126
 1724.000000 0.534442 0.296571 296.570758 0.118898
 1726.000000 0.526472 0.175194 175.193934 0.070237
 1728.000000 0.551420 0.660998 660.997552 0.264999
 1730.000000 0.537743 0.356136 356.136423 0.142778
 1732.000000 0.550542 0.638612 638.612110 0.256025
 1734.000000 0.479351 0.106593 106.592698 0.042734
 1736.000000 0.584051 1.766144 1766.144336 0.708061
 1738.000000 0.529657 0.219891 219.891011 0.088156
 1740.000000 0.520571 0.105792 105.792182 0.042413
 1742.000000 0.554710 0.748297 748.296599 0.299998
 1744.000000 0.518518 0.085730 85.729757 0.034370
 1746.000000 0.577041 1.483827 1483.826790 0.594878
 1748.000000 0.477345 0.128310 128.310255 0.051441
 1750.000000 0.440747 0.877740 877.739673 0.351893
 1752.000000 0.459832 0.403369 403.369166 0.161714
 1754.000000 0.488360 0.033870 33.870157 0.013579
 1756.000000 0.511996 0.035975 35.975279 0.014423
 1758.000000 0.487938 0.036376 36.375804 0.014583
 1760.000000 0.619441 3.566544 3566.544206 1.429856
 1762.000000 0.802752 22.914700 22914.700091 9.186684
 1764.000000 0.591752 2.104597 2104.597350 0.843750
 1766.000000 0.582440 1.699080 1699.079509 0.681174
 1768.000000 0.579773 1.590944 1590.944207 0.637822
 1770.000000 0.493474 0.010648 10.648451 0.004269
 1772.000000 0.482335 0.078014 78.014119 0.031276
 1774.000000 0.506371 0.010147 10.147168 0.004068
 1776.000000 0.565245 1.064219 1064.218650 0.426654
 1778.000000 0.669221 7.158905 7158.904572 2.870061
 1780.000000 0.525515 0.162754 162.754380 0.065250
 1782.000000 0.546476 0.540016 540.015831 0.216497
 1784.000000 0.551714 0.668587 668.587213 0.268042
 1786.000000 0.491550 0.017853 17.852569 0.007157
 1788.000000 0.516275 0.066217 66.217062 0.026547
 1790.000000 0.537198 0.345918 345.918325 0.138681
 1792.000000 0.595124 2.262163 2262.162607 0.906919
 1794.000000 0.553599 0.718217 718.216700 0.287939
 1796.000000 0.562907 0.989316 989.316488 0.396625
 1798.000000 0.527976 0.195661 195.660823 0.078442
 1800.000000 0.500047 0.000001 0.000555 0.000000
 1802.000000 0.514197 0.050385 50.385414 0.020200
 1804.000000 0.554296 0.737017 737.016875 0.295476
 1806.000000 0.533503 0.280614 280.613820 0.112500
 1808.000000 0.534061 0.290032 290.031970 0.116276
 1810.000000 0.476550 0.137477 137.477104 0.055116
 1812.000000 0.524629 0.151647 151.647023 0.060796
 1814.000000 0.619329 3.559873 3559.872546 1.427181
 1816.000000 0.652976 5.850420 5850.419781 2.345479
 1818.000000 0.491014 0.020188 20.187764 0.008093
 1820.000000 0.506119 0.009359 9.359343 0.003752
 1822.000000 0.557840 0.836366 836.366292 0.335306
 1824.000000 0.499996 0.000000 0.000004 0.000000
 1826.000000 0.570475 1.241678 1241.678052 0.497799
 1828.000000 0.590560 2.050266 2050.265794 0.821968
 1830.000000 0.504413 0.004868 4.867880 0.001952
 1832.000000 0.510223 0.026130 26.129500 0.010476
 1834.000000 0.450592 0.610298 610.298089 0.244673
 1836.000000 0.458870 0.422929 422.929205 0.169556
 1838.000000 0.471575 0.201993 201.993013 0.080981
 1840.000000 0.494376 0.007908 7.907746 0.003170
 1842.000000 0.459904 0.401920 401.920164 0.161133
 1844.000000 0.586625 1.875976 1875.976218 0.752094
 1846.000000 0.544565 0.496517 496.517387 0.199058
 1848.000000 0.564082 1.026641 1026.641316 0.411589
 1850.000000 0.643484 5.146942 5146.941970 2.063450
 1852.000000 0.504731 0.005595 5.594968 0.002243
 1854.000000 0.509446 0.022305 22.304778 0.008942
 1856.000000 0.543262 0.467901 467.900856 0.187585
 1858.000000 0.456016 0.483650 483.650020 0.193899
 1860.000000 0.631589 4.328895 4328.895019 1.735488
 1862.000000 0.573508 1.350858 1350.857964 0.541570
 1864.000000 0.539000 0.380242 380.242166 0.152442
 1866.000000 0.513712 0.047005 47.005257 0.018845
 1868.000000 0.508707 0.018954 18.954020 0.007599
 1870.000000 0.535075 0.307559 307.558819 0.123303
 1872.000000 0.487492 0.039112 39.112333 0.015680
 1874.000000 0.516909 0.071477 71.476616 0.028656
 1876.000000 0.451057 0.598865 598.865167 0.240090
 1878.000000 0.543569 0.474575 474.575194 0.190261
 1880.000000 0.508762 0.019191 19.191366 0.007694
 1882.000000 0.562719 0.983416 983.416386 0.394259
 1884.000000 0.575693 1.432351 1432.350754 0.574241
 1886.000000 0.568943 1.188275 1188.274880 0.476389
 1888.000000 0.566312 1.099334 1099.333970 0.440732
 1890.000000 0.623677 3.824022 3824.022479 1.533081
 1892.000000 0.508724 0.019028 19.028386 0.007629
 1894.000000 0.564661 1.045259 1045.258794 0.419052
 1896.000000 0.521151 0.111841 111.840905 0.044838
 1898.000000 0.498619 0.000477 0.476664 0.000191
 1900.000000 0.527311 0.186478 186.478047 0.074761
 1902.000000 0.549778 0.619456 619.455734 0.248345
 1904.000000 0.519337 0.093478 93.478200 0.037476
 1906.000000 0.600249 2.512445 2512.444913 1.007259
 1908.000000 0.492686 0.013372 13.371952 0.005361
 1910.000000 0.518853 0.088855 88.854772 0.035623
 1912.000000 0.533000 0.272248 272.247813 0.109146
 1914.000000 0.536179 0.327236 327.235686 0.131191
 1916.000000 0.541136 0.423037 423.036788 0.169599
 1918.000000 0.519663 0.096663 96.662660 0.038753
 1920.000000 0.529380 0.215801 215.801052 0.086516
 1922.000000 0.477045 0.131735 131.735218 0.052814
 1924.000000 0.550134 0.628353 628.352703 0.251912
 1926.000000 0.502290 0.001311 1.311177 0.000526
 1928.000000 0.567887 1.152158 1152.158090 0.461909
 1930.000000 0.583678 1.750493 1750.493457 0.701787
 1932.000000 0.506468 0.010458 10.458081 0.004193
 1934.000000 0.478090 0.120015 120.015244 0.048115
 1936.000000 0.498865 0.000322 0.322153 0.000129
 1938.000000 0.529405 0.216160 216.159970 0.086660
 1940.000000 0.520622 0.106314 106.314032 0.042622
 1942.000000 0.606656 2.843876 2843.875661 1.140132
 1944.000000 0.593000 2.162254 2162.253874 0.866865
 1946.000000 0.547542 0.565052 565.052269 0.226534
 1948.000000 0.668714 7.116082 7116.082098 2.852893
 1950.000000 0.578262 1.531249 1531.248877 0.613890
 1952.000000 0.446920 0.704361 704.361373 0.282384
 1954.000000 0.492380 0.014517 14.516710 0.005820
 1956.000000 0.507791 0.015177 15.176848 0.006085
 1958.000000 0.528598 0.204464 204.464364 0.081971
 1960.000000 0.570662 1.248294 1248.294136 0.500451
 1962.000000 0.531663 0.250642 250.641893 0.100484
 1964.000000 0.590997 2.070132 2070.132485 0.829932
 1966.000000 0.452307 0.568654 568.653983 0.227978
 1968.000000 0.487314 0.040236 40.235553 0.016131
 1970.000000 0.477613 0.125292 125.291672 0.050230
 1972.000000 0.547614 0.566779 566.779350 0.227226
 1974.000000 0.542889 0.459870 459.870088 0.184366
 1976.000000 0.469452 0.233289 233.288599 0.093527
 1978.000000 0.549469 0.611798 611.798315 0.245275
 1980.000000 0.546499 0.540537 540.537111 0.216706
 1982.000000 0.544180 0.487974 487.974407 0.195633
 1984.000000 0.519877 0.098776 98.775526 0.039600
 1986.000000 0.514007 0.049051 49.050751 0.019665
 1988.000000 0.539368 0.387467 387.466781 0.155338
 1990.000000 0.545814 0.524736 524.736404 0.210371
 1992.000000 0.571545 1.279688 1279.688290 0.513037
 1994.000000 0.506033 0.009100 9.099763 0.003648
 1996.000000 0.456495 0.473180 473.180267 0.189702
 1998.000000 0.533581 0.281926 281.926051 0.113026
 2000.000000 0.474547 0.161968 161.967931 0.064934
