#! FIELDS time d1 bb.bias bb.force2 lw
 0.000000 0.837001 28.392335 28392.335481 11.382711
 2.000000 0.504784 0.005722 5.722171 0.002294
 4.000000 0.543707 0.477577 477.576512 0.191464
 6.000000 0.581251 1.650420 1650.420384 0.661667
 8.000000 0.538404 0.368722 368.722490 0.147824
 10.000000 0.599490 2.474551 2474.551382 0.992067
 12.000000 0.570910 1.257052 1257.052157 0.503962
 14.000000 0.551430 0.661267 661.267130 0.265107
 16.000000 0.564321 1.034294 1034.294326 0.414657
 18.000000 0.561877 0.957181 957.181222 0.383741
 20.000000 0.456378 0.475712 475.711949 0.190717
 22.000000 0.566083 1.091727 1091.726534 0.437682
 24.000000 0.488438 0.033418 33.417548 0.013397
 26.000000 0.491227 0.019243 19.243178 0.007715
 28.000000 0.481695 0.083766 83.765614 0.033582
 30.000000 0.477470 0.126903 126.903369 0.050877
 32.000000 0.585420 1.824159 1824.159118 0.731320
 34.000000 0.564999 1.056217 1056.217232 0.423446
 36.000000 0.510262 0.026325 26.325479 0.010554
 38.000000 0.483789 0.065699 65.699475 0.026339
 40.000000 0.480118 0.098822 98.821806 0.039618
 42.000000 0.443311 0.803410 803.409570 0.322093
 44.000000 0.513954 0.048678 48.677533 0.019515
 46.000000 0.510150 0.025756 25.755642 0.010326
 48.000000 0.554290 0.736862 736.862197 0.295414
 50.000000 0.566688 1.111835 1111.835442 0.445744
 52.000000 0.569054 1.192125 1192.124539 0.477932
 54.000000 0.476396 0.139293 139.292600 0.055844
 56.000000 0.461170 0.376944 376.943515 0.151120
 58.000000 0.469111 0.238527 238.527443 0.095628
 60.000000 0.480338 0.096653 96.652845 0.038749
 62.000000 0.501096 0.000300 0.300123 0.000120
 64.000000 0.461381 0.372866 372.866137 0.149485
 66.000000 0.494707 0.007005 7.004585 0.002808
 68.000000 0.495317 0.005483 5.483092 0.002198
 70.000000 0.520029 0.100294 100.293854 0.040209
 72.000000 0.522299 0.124316 124.316040 0.049839
 74.000000 0.529591 0.218905 218.904902 0.087761
 76.000000 0.576753 1.472771 1472.771196 0.590446
 78.000000 0.491564 0.017793 17.793460 0.007134
 80.000000 0.488020 0.035881 35.880613 0.014385
 82.000000 0.551358 0.659409 659.409445 0.264362
 84.000000 0.547161 0.556052 556.051750 0.222926
 86.000000 0.559863 0.895896 895.896472 0.359172
 88.000000 0.473130 0.180506 180.505642 0.072366
 90.000000 0.519228 0.092430 92.430097 0.037056
 92.000000 0.492087 0.015656 15.655825 0.006277
 94.000000 0.430487 1.208020 1208.019655 0.484305
 96.000000 0.632054 4.359561 4359.561270 1.747782
 98.000000 0.574648 1.393083 1393.083236 0.558498
 100.000000 0.520635 0.106452 106.451847 0.042677
 102.000000 0.487364 0.039916 39.915558 0.016002
 104.000000 0.558410 0.852947 852.946512 0.341953
 106.000000 0.577301 1.493867 1493.867365 0.598903
 108.000000 0.645743 5.310257 5310.257072 2.128924
 110.000000 0.576510 1.463451 1463.450660 0.586709
 112.000000 0.663040 6.645470 6645.470124 2.664221
 114.000000 0.611800 3.124792 3124.792082 1.252754
 116.000000 0.496182 0.003645 3.645033 0.001461
 118.000000 0.535894 0.322097 322.097314 0.129131
 120.000000 0.513953 0.048670 48.670123 0.019512
 122.000000 0.559325 0.879853 879.852783 0.352740
 124.000000 0.532837 0.269562 269.561687 0.108069
 126.000000 0.555429 0.768106 768.106139 0.307940
 128.000000 0.539472 0.389501 389.500847 0.156154
 130.000000 0.565655 1.077660 1077.660428 0.432043
 132.000000 0.554796 0.750664 750.663984 0.300947
 134.000000 0.535882 0.321871 321.870977 0.129041
 136.000000 0.557801 0.835243 835.243299 0.334856
 138.000000 0.478671 0.113734 113.734043 0.045597
 140.000000 0.538137 0.363599 363.599206 0.145770
 142.000000 0.569342 1.202067 1202.067347 0.481918
 144.000000 0.559346 0.880491 880.490913 0.352996
 146.000000 0.588662 1.965234 1965.233547 0.787878
 148.000000 0.518838 0.088713 88.713412 0.035566
 150.000000 0.596426 2.324471 2324.470584 0.931899
 152.000000 0.462949 0.343189 343.188950 0.137587
 154.000000 0.480501 0.095056 95.056199 0.038109
 156.000000 0.551302 0.657985 657.985099 0.263791
 158.000000 0.503842 0.003690 3.689554 0.001479
 160.000000 0.580357 1.614327 1614.326516 0.647196
 162.000000 0.534702 0.301056 301.056396 0.120696
 164.000000 0.550781 0.644682 644.681921 0.258458
 166.000000 0.530386 0.230832 230.831718 0.092542
 168.000000 0.560393 0.911830 911.829524 0.365560
 170.000000 0.533543 0.281276 281.275560 0.112766
 172.000000 0.549618 0.615495 615.495358 0.246757
 174.000000 0.533488 0.280368 280.367886 0.112402
 176.000000 0.524064 0.144772 144.772339 0.058040
 178.000000 0.531712 0.251405 251.404893 0.100790
 180.000000 0.545118 0.508915 508.914763 0.204028
 182.000000 0.566166 1.094483 1094.483279 0.438787
 184.000000 0.565258 1.064640 1064.639957 0.426823
 186.000000 0.548790 0.595123 595.123342 0.238590
 188.000000 0.513835 0.047850 47.850483 0.019184
 190.000000 0.493083 0.011961 11.961465 0.004795
 192.000000 0.464589 0.313486 313.486287 0.125679
 194.000000 0.551858 0.672317 672.317180 0.269537
 196.000000 0.576136 1.449176 1449.176448 0.580986
 198.000000 0.619216 3.553133 3553.132618 1.424479
 200.000000 0.488742 0.031688 31.687899 0.012704
 202.000000 0.469660 0.230128 230.128207 0.092260
 204.000000 0.583357 1.737113 1737.112863 0.696422
 206.000000 0.548095 0.578285 578.285403 0.231839
 208.000000 0.499289 0.000126 0.126398 0.000051
 210.000000 0.522763 0.129543 129.542917 0.051935
 212.000000 0.576699 1.470674 1470.674416 0.589605
 214.000000 0.615392 3.328820 3328.819705 1.334550
 216.000000 0.524284 0.147427 147.426508 0.059104
 218.000000 0.671969 7.393352 7393.352167 2.964053
 220.000000 0.546675 0.544646 544.645614 0.218353
 222.000000 0.580651 1.626153 1626.152881 0.651937
 224.000000 0.563172 0.997672 997.672476 0.399975
 226.000000 0.622992 3.781768 3781.767609 1.516140
 228.000000 0.548918 0.598237 598.236712 0.239838
 230.000000 0.482784 0.074098 74.097638 0.029706
 232.000000 0.555414 0.767670 767.670094 0.307765
 234.000000 0.504389 0.004816 4.815776 0.001931
 236.000000 0.456661 0.469569 469.569282 0.188254
 238.000000 0.564377 1.036094 1036.094259 0.415378
 240.000000 0.606193 2.819240 2819.239555 1.130255
 242.000000 0.532035 0.256564 256.563990 0.102859
 244.000000 0.510533 0.027738 27.737575 0.011120
 246.000000 0.494660 0.007129 7.129266 0.002858
 248.000000 0.492190 0.015249 15.249145 0.006114
 250.000000 0.564078 1.026488 1026.487825 0.411527
 252.000000 0.483336 0.069422 69.421637 0.027832
 254.000000 0.535519 0.315395 315.394585 0.126444
 256.000000 0.559356 0.880793 880.792614 0.353117
 258.000000 0.536363 0.330568 330.568145 0.132527
 260.000000 0.526408 0.174339 174.339370 0.069894
 262.000000 0.520190 0.101906 101.906015 0.040855
 264.000000 0.515958 0.063662 63.661521 0.025522
 266.000000 0.549976 0.624389 624.389052 0.250322
 268.000000 0.537237 0.346647 346.646983 0.138974
 270.000000 0.556113 0.787167 787.166525 0.315581
 272.000000 0.614113 3.255431 3255.430745 1.305128
 274.000000 0.484584 0.059410 59.410267 0.023818
 276.000000 0.530724 0.235997 235.996776 0.094613
 278.000000 0.527496 0.189010 189.010113 0.075776
 280.000000 0.557139 0.816227 816.227113 0.327232
 282.000000 0.542691 0.455629 455.629356 0.182665
 284.000000 0.524084 0.145011 145.011125 0.058136
 286.000000 0.616928 3.418016 3418.016096 1.370310
 288.000000 0.513854 0.047981 47.981464 0.019236
 290.000000 0.498244 0.000771 0.771006 0.000309
 292.000000 0.561249 0.937850 937.849672 0.375991
 294.000000 0.534374 0.295401 295.401459 0.118429
 296.000000 0.546216 0.533981 533.980936 0.214077
 298.000000 0.556822 0.807189 807.189431 0.323609
 300.000000 0.553599 0.718220 718.220331 0.287940
 302.000000 0.557392 0.823472 823.471690 0.330136
 304.000000 0.525992 0.168902 168.902186 0.067714
 306.000000 0.544422 0.493337 493.336691 0.197783
 308.000000 0.503738 0.003493 3.492644 0.001400
 310.000000 0.672595 7.447288 7447.287938 2.985676
 312.000000 0.608269 2.930537 2930.537013 1.174875
 314.000000 0.536747 0.337578 337.577517 0.135337
 316.000000 0.577861 1.515574 1515.573767 0.607605
 318.000000 0.539570 0.391440 391.440263 0.156931
 320.000000 0.548610 0.590725 590.724541 0.236826
 322.000000 0.601693 2.585358 2585.358415 1.036491
 324.000000 0.504616 0.005328 5.327655 0.002136
 326.000000 0.581369 1.655247 1655.247406 0.663602
 328.000000 0.521715 0.117888 117.888215 0.047262
 330.000000 0.590262 2.036820 2036.820401 0.816577
 332.000000 0.499895 0.000003 0.002769 0.000001
 334.000000 0.557511 0.826886 826.886101 0.331505
 336.000000 0.468787 0.243557 243.557408 0.097644
 338.000000 0.465268 0.301578 301.577539 0.120905
 340.000000 0.549232 0.605960 605.959541 0.242934
 342.000000 0.622217 3.734277 3734.276538 1.497101
 344.000000 0.633538 4.458102 4458.101511 1.787288
 346.000000 0.600333 2.516658 2516.658427 1.008948
 348.000000 0.533528 0.281036 281.035757 0.112669
 350.000000 0.522047 0.121517 121.517033 0.048717
 352.000000 0.655997 6.083772 6083.772254 2.439032
 354.000000 0.546567 0.542133 542.132574 0.217345
 356.000000 0.446049 0.727667 727.667209 0.291728
 358.000000 0.549326 0.608261 608.261336 0.243857
 360.000000 0.533226 0.275993 275.993389 0.110648
 362.000000 0.500107 0.000003 0.002878 0.000001
 364.000000 0.548959 0.599250 599.250189 0.240244
 366.000000 0.518800 0.088360 88.359608 0.035424
 368.000000 0.554515 0.742983 742.982630 0.297868
 370.000000 0.665003 6.806457 6806.456713 2.728762
 372.000000 0.527087 0.183423 183.423396 0.073536
 374.000000 0.598394 2.420326 2420.326112 0.970328
 376.000000 0.576558 1.465282 1465.281793 0.587443
 378.000000 0.502410 0.001452 1.452163 0.000582
 380.000000 0.538347 0.367631 367.631069 0.147386
 382.000000 0.567906 1.152809 1152.808638 0.462170
 384.000000 0.465769 0.292935 292.934895 0.117440
 386.000000 0.490785 0.021229 21.229376 0.008511
 388.000000 0.514734 0.054275 54.274653 0.021759
 390.000000 0.556606 0.801047 801.047471 0.321146
 392.000000 0.562565 0.978604 978.603998 0.392330
 394.000000 0.512514 0.039148 39.147769 0.015695
 396.000000 0.564484 1.039532 1039.532330 0.416757
 398.000000 0.472089 0.194749 194.749152 0.078076
 400.000000 0.442735 0.819833 819.833104 0.328678
 402.000000 0.656501 6.123130 6123.129690 2.454811
 404.000000 0.669585 7.189794 7189.794119 2.882445
 406.000000 0.514828 0.054970 54.969932 0.022038
 408.000000 0.546108 0.531480 531.480029 0.213075
 410.000000 0.509658 0.023322 23.321537 0.009350
 412.000000 0.554393 0.739662 739.662295 0.296536
 414.000000 0.550413 0.635367 635.367038 0.254724
 416.000000 0.519442 0.094498 94.498173 0.037885
 418.000000 0.514182 0.050283 50.282913 0.020159
 420.000000 0.573716 1.358517 1358.516501 0.544640
 422.000000 0.510174 0.025876 25.875992 0.010374
 424.000000 0.610251 3.038817 3038.816547 1.218285
 426.000000 0.714144 11.464368 11464.367636 4.596155
 428.000000 0.533211 0.275746 275.746105 0.110549
 430.000000 0.568121 1.160102 1160.101539 0.465094
 432.000000 0.515127 0.057210 57.210238 0.022936
 434.000000 0.490879 0.020800 20.800029 0.008339
 436.000000 0.530091 0.226371 226.370632 0.090754
 438.000000 0.575182 1.413065 1413.064941 0.566509
 440.000000 0.639901 4.893084 4893.084355 1.961676
 442.000000 0.537638 0.354152 354.151538 0.141982
 444.000000 0.524831 0.154149 154.149431 0.061800
 446.000000 0.474298 0.165152 165.152221 0.066211
 448.000000 0.439032 0.929259 929.259281 0.372547
 450.000000 0.522802 0.129983 129.982645 0.052111
 452.000000 0.439293 0.921329 921.329302 0.369368
 454.000000 0.523612 0.139384 139.384317 0.055880
 456.000000 0.529344 0.215262 215.261780 0.086300
 458.000000 0.506387 0.010199 10.199262 0.004089
 460.000000 0.519057 0.090793 90.793383 0.036400
 462.000000 0.470984 0.210488 210.487802 0.084386
 464.000000 0.463395 0.334977 334.977449 0.134295
 466.000000 0.506884 0.011847 11.846809 0.004749
 468.000000 0.508312 0.017272 17.272415 0.006925
 470.000000 0.494278 0.008185 8.185272 0.003282
 472.000000 0.474536 0.162105 162.104818 0.064989
 474.000000 0.528027 0.196379 196.378814 0.078730
 476.000000 0.501764 0.000778 0.777531 0.000312
 478.000000 0.546547 0.541665 541.664889 0.217158
 480.000000 0.551020 0.650756 650.755867 0.260893
 482.000000 0.538762 0.375632 375.632056 0.150594
 484.000000 0.470180 0.222312 222.312453 0.089127
 486.000000 0.489522 0.027447 27.446778 0.011004
 488.000000 0.554334 0.738048 738.048484 0.295889
 490.000000 0.521879 0.119677 119.677448 0.047980
 492.000000 0.571123 1.264606 1264.606230 0.506991
 494.000000 0.508157 0.016635 16.634557 0.006669
 496.000000 0.507731 0.014943 14.942808 0.005991
 498.000000 0.473885 0.170504 170.503972 0.068356
 500.000000 0.491245 0.019161 19.161276 0.007682
 502.000000 0.482788 0.074061 74.061121 0.029692
 504.000000 0.431893 1.159646 1159.645806 0.464911
 506.000000 0.520265 0.102671 102.671353 0.041162
 508.000000 0.489955 0.025226 25.226083 0.010113
 510.000000 0.519895 0.098948 98.948379 0.039669
 512.000000 0.544735 0.500305 500.305265 0.200576
 514.000000 0.522917 0.131296 131.296457 0.052638
 516.000000 0.541953 0.440016 440.015810 0.176406
 518.000000 0.475052 0.155598 155.598430 0.062381
 520.000000 0.556086 0.786404 786.404185 0.315276
 522.000000 0.574277 1.379253 1379.252656 0.552953
 524.000000 0.505499 0.007560 7.560455 0.003031
 526.000000 0.532203 0.259254 259.254064 0.103937
 528.000000 0.521952 0.120475 120.474674 0.048299
 530.000000 0.517375 0.075474 75.474244 0.030258
 532.000000 0.496871 0.002448 2.448298 0.000982
 534.000000 0.648111 5.484215 5484.214768 2.198665
 536.000000 0.601780 2.589810 2589.810209 1.038275
 538.000000 0.569957 1.223512 1223.511867 0.490516
 540.000000 0.564712 1.046903 1046.902991 0.419712
 542.000000 0.535442 0.314030 314.030004 0.125897
 544.000000 0.515956 0.063651 63.650761 0.025518
 546.000000 0.576711 1.471138 1471.137796 0.589791
 548.000000 0.598705 2.435660 2435.660064 0.976475
 550.000000 0.535999 0.323984 323.984188 0.129888
 552.000000 0.523865 0.142390 142.390088 0.057085
 554.000000 0.423080 1.479188 1479.187693 0.593018
 556.000000 0.467960 0.256643 256.643160 0.102890
 558.000000 0.523867 0.142407 142.406650 0.057092
 560.000000 0.521209 0.112460 112.459899 0.045086
 562.000000 0.535966 0.323387 323.387048 0.129648
 564.000000 0.531134 0.242324 242.324239 0.097150
 566.000000 0.460666 0.386795 386.795183 0.155069
 568.000000 0.488281 0.034332 34.331601 0.013764
 570.000000 0.467330 0.266836 266.836381 0.106977
 572.000000 0.559112 0.873571 873.571107 0.350222
 574.000000 0.542734 0.456546 456.545836 0.183033
 576.000000 0.524958 0.155725 155.724568 0.062431
 578.000000 0.531753 0.252062 252.061526 0.101053
 580.000000 0.538720 0.374816 374.815860 0.150267
 582.000000 0.521044 0.110710 110.709551 0.044384
 584.000000 0.528860 0.208228 208.227659 0.083480
 586.000000 0.572913 1.329090 1329.090163 0.532843
 588.000000 0.574882 1.401832 1401.832478 0.562006
 590.000000 0.653721 5.907533 5907.532747 2.368376
 592.000000 0.540174 0.403482 403.482080 0.161759
 594.000000 0.521668 0.117376 117.376300 0.047057
 596.000000 0.559076 0.872499 872.498791 0.349792
 598.000000 0.568796 1.183209 1183.208618 0.474358
 600.000000 0.468459 0.248712 248.712374 0.099711
 602.000000 0.494749 0.006893 6.893069 0.002763
 604.000000 0.475487 0.150222 150.221699 0.060225
 606.000000 0.525580 0.163582 163.581699 0.065581
 608.000000 0.589262 1.991948 1991.947823 0.798588
 610.000000 0.583882 1.759064 1759.063731 0.705223
 612.000000 0.538318 0.367058 367.058279 0.147157
 614.000000 0.468846 0.242641 242.640960 0.097277
 616.000000 0.571919 1.293086 1293.086307 0.518408
 618.000000 0.537423 0.350127 350.126834 0.140369
 620.000000 0.616247 3.378347 3378.346888 1.354406
 622.000000 0.583999 1.763943 1763.942741 0.707179
 624.000000 0.559175 0.875411 875.410568 0.350959
 626.000000 0.527544 0.189672 189.671938 0.076041
 628.000000 0.591736 2.103866 2103.866173 0.843457
 630.000000 0.521392 0.114401 114.401224 0.045864
 632.000000 0.454284 0.522499 522.499147 0.209474
 634.000000 0.507926 0.015707 15.706856 0.006297
 636.000000 0.507117 0.012661 12.661194 0.005076
 638.000000 0.551829 0.671559 671.558682 0.269233
 640.000000 0.555022 0.756846 756.845954 0.303426
 642.000000 0.634474 4.520815 4520.815117 1.812430
 644.000000 0.530989 0.240079 240.079069 0.096250
 646.000000 0.471108 0.208687 208.686579 0.083664
 648.000000 0.495954 0.004093 4.093088 0.001641
 650.000000 0.585615 1.832490 1832.490415 0.734660
 652.000000 0.567177 1.128204 1128.203899 0.452306
 654.000000 0.457441 0.452826 452.826070 0.181542
 656.000000 0.465298 0.301061 301.060672 0.120698
 658.000000 0.538940 0.379079 379.078844 0.151976
 660.000000 0.471343 0.205302 205.301980 0.082307
 662.000000 0.527303 0.186363 186.362615 0.074714
 664.000000 0.708562 10.874488 10874.488420 4.359668
 666.000000 0.548925 0.598424 598.423747 0.239913
 668.000000 0.555038 0.757283 757.283318 0.303601
 670.000000 0.563492 1.007823 1007.823384 0.404044
 672.000000 0.535610 0.317025 317.025183 0.127098
 674.000000 0.446257 0.722085 722.084585 0.289489
 676.000000 0.516887 0.071293 71.292812 0.028582
 678.000000 0.565362 1.068046 1068.045917 0.428188
 680.000000 0.596794 2.342260 2342.259988 0.939030
 682.000000 0.616027 3.365568 3365.567920 1.349283
 684.000000 0.431987 1.156453 1156.452941 0.463631
 686.000000 0.467236 0.268366 268.366339 0.107590
 688.000000 0.494487 0.007599 7.598630 0.003046
 690.000000 0.515546 0.060422 60.421612 0.024223
 692.000000 0.554202 0.734477 734.476757 0.294458
 694.000000 0.491593 0.017667 17.667423 0.007083
 696.000000 0.506331 0.010021 10.020525 0.004017
 698.000000 0.532614 0.265925 265.925306 0.106612
 700.000000 0.574145 1.374386 1374.385555 0.551002
 702.000000 0.480244 0.097577 97.576617 0.039119
 704.000000 0.484656 0.058860 58.860162 0.023598
 706.000000 0.523700 0.140426 140.425856 0.056298
 708.000000 0.493277 0.011298 11.298468 0.004530
 710.000000 0.477658 0.124786 124.786194 0.050028
 712.000000 0.435483 1.040615 1040.614938 0.417191
 714.000000 0.540265 0.405322 405.322381 0.162497
 716.000000 0.526189 0.171461 171.460829 0.068740
 718.000000 0.461708 0.366562 366.562199 0.146958
 720.000000 0.537555 0.352603 352.603197 0.141361
 722.000000 0.473796 0.171665 171.665311 0.068822
 724.000000 0.494399 0.007842 7.842011 0.003144
 726.000000 0.649347 5.576107 5576.106829 2.235505
 728.000000 0.706876 10.699469 10699.468515 4.289501
 730.000000 0.554285 0.736715 736.714766 0.295355
 732.000000 0.534745 0.301796 301.796221 0.120992
 734.000000 0.620507 3.630485 3630.484673 1.455490
 736.000000 0.628361 4.119160 4119.160225 1.651404
 738.000000 0.482164 0.079533 79.532953 0.031885
 740.000000 0.490576 0.022203 22.203409 0.008902
 742.000000 0.561183 0.935828 935.827968 0.375181
 744.000000 0.514824 0.054937 54.936660 0.022025
 746.000000 0.479551 0.104538 104.538148 0.041910
 748.000000 0.563074 0.994581 994.580913 0.398735
 750.000000 0.472640 0.187138 187.137509 0.075025
 752.000000 0.510753 0.028909 28.909223 0.011590
 754.000000 0.545158 0.509820 509.819551 0.204391
 756.000000 0.556612 0.801218 801.218288 0.321215
 758.000000 0.558371 0.851797 851.797214 0.341492
 760.000000 0.524571 0.150934 150.933920 0.060511
 762.000000 0.570977 1.259420 1259.419655 0.504911
 764.000000 0.606478 2.834368 2834.367799 1.136320
 766.000000 0.589454 2.000516 2000.516329 0.802023
 768.000000 0.513357 0.044601 44.600511 0.017881
 770.000000 0.517374 0.075466 75.466452 0.030255
 772.000000 0.539297 0.386065 386.065133 0.154777
 774.000000 0.570580 1.245401 1245.400807 0.499291
 776.000000 0.486215 0.047505 47.504722 0.019045
 778.000000 0.558722 0.862066 862.066120 0.345609
 780.000000 0.646880 5.393427 5393.426578 2.162267
 782.000000 0.523036 0.132661 132.661351 0.053185
 784.000000 0.575643 1.430447 1430.447215 0.573478
 786.000000 0.535400 0.313292 313.291511 0.125601
 788.000000 0.565831 1.083434 1083.434367 0.434357
 790.000000 0.512206 0.037247 37.247427 0.014933
 792.000000 0.513998 0.048983 48.983285 0.019638
 794.000000 0.551563 0.664679 664.679070 0.266475
 796.000000 0.559103 0.873279 873.279227 0.350105
 798.000000 0.550835 0.646053 646.053183 0.259008
 800.000000 0.550975 0.649622 649.622033 0.260439
 802.000000 0.597027 2.353542 2353.542014 0.943554
 804.000000 0.499430 0.000081 0.081342 0.000033
 806.000000 0.494811 0.006731 6.731404 0.002699
 808.000000 0.531097 0.241760 241.760365 0.096924
 810.000000 0.576710 1.471114 1471.114305 0.589781
 812.000000 0.478554 0.114978 114.977748 0.046095
 814.000000 0.551860 0.672372 672.372341 0.269559
 816.000000 0.553421 0.713457 713.457310 0.286031
 818.000000 0.531967 0.255468 255.467617 0.102419
 820.000000 0.509625 0.023159 23.159225 0.009285
 822.000000 0.549846 0.621157 621.157001 0.249027
 824.000000 0.472075 0.194958 194.958249 0.078160
 826.000000 0.505065 0.006414 6.413539 0.002571
 828.000000 0.539504 0.390145 390.144930 0.156412
 830.000000 0.505172 0.006688 6.687778 0.002681
 832.000000 0.558547 0.856947 856.947214 0.343557
 834.000000 0.549047 0.601408 601.408174 0.241109
 836.000000 0.563709 1.014702 1014.702238 0.406802
 838.000000 0.476066 0.143212 143.211977 0.057415
 840.000000 0.480786 0.092296 92.296185 0.037002
 842.000000 0.551139 0.653796 653.796481 0.262112
 844.000000 0.520146 0.101466 101.466225 0.040679
 846.000000 0.528244 0.199426 199.425600 0.079951
 848.000000 0.557868 0.837179 837.179102 0.335632
 850.000000 0.599101 2.455249 2455.248881 0.984329
 852.000000 0.614386 3.271061 3271.061317 1.311394
 854.000000 0.580803 1.632290 1632.290149 0.654398
 856.000000 0.552354 0.685230 685.230168 0.274714
 858.000000 0.578562 1.542992 1542.992090 0.618598
 860.000000 0.476450 0.138650 138.650215 0.055586
 862.000000 0.537267 0.347207 347.206982 0.139198
 864.000000 0.551461 0.662071 662.071391 0.265430
 866.000000 0.502859 0.002043 2.042854 0.000819
 868.000000 0.554626 0.745989 745.988567 0.299073
 870.000000 0.512167 0.037011 37.011324 0.014838
 872.000000 0.485492 0.052619 52.618584 0.021095
 874.000000 0.484902 0.056986 56.986153 0.022846
 876.000000 0.545337 0.513867 513.866656 0.206013
 878.000000 0.492346 0.014646 14.646139 0.005872
 880.000000 0.535504 0.315127 315.127165 0.126337
 882.000000 0.465399 0.299305 299.305323 0.119994
 884.000000 0.580186 1.607456 1607.455650 0.644442
 886.000000 0.495942 0.004117 4.117378 0.001651
 888.000000 0.462513 0.351321 351.320738 0.140847
 890.000000 0.429291 1.249947 1249.946813 0.501114
 892.000000 0.484186 0.062519 62.518710 0.025064
 894.000000 0.556904 0.809513 809.512801 0.324540
 896.000000 0.516607 0.068950 68.950242 0.027643
 898.000000 0.537440 0.350443 350.442882 0.140495
 900.000000 0.513292 0.044169 44.169365 0.017708
 902.000000 0.495541 0.004971 4.970763 0.001993
 904.000000 0.548360 0.584683 584.683205 0.234404
 906.000000 0.510388 0.026978 26.978464 0.010816
 908.000000 0.463667 0.330027 330.026856 0.132310
 910.000000 0.552631 0.692503 692.503304 0.277630
 912.000000 0.503137 0.002460 2.459699 0.000986
 914.000000 0.578368 1.535379 1535.378956 0.615546
 916.000000 0.556006 0.784163 784.163412 0.314377
 918.000000 0.563950 1.022400 1022.399892 0.409888
 920.000000 0.551963 0.675043 675.042851 0.270630
 922.000000 0.557223 0.818609 818.608897 0.328187
 924.000000 0.529859 0.222892 222.891885 0.089359
 926.000000 0.557056 0.813846 813.845699 0.326277
 928.000000 0.418672 1.653548 1653.548178 0.662920
 930.000000 0.583308 1.735072 1735.072084 0.695604
 932.000000 0.506607 0.010915 10.914670 0.004376
 934.000000 0.482422 0.077249 77.249260 0.030970
 936.000000 0.484309 0.061552 61.552062 0.024677
 938.000000 0.501915 0.000917 0.916837 0.000368
 940.000000 0.502199 0.001208 1.208485 0.000484
 942.000000 0.513856 0.047998 47.997650 0.019243
 944.000000 0.511626 0.033792 33.791983 0.013547
 946.000000 0.544277 0.490104 490.104255 0.196487
 948.000000 0.510558 0.027865 27.865350 0.011171
 950.000000 0.445298 0.748073 748.072586 0.299908
 952.000000 0.482719 0.074660 74.659846 0.029932
 954.000000 0.462639 0.348952 348.952075 0.139898
 956.000000 0.519263 0.092770 92.770332 0.037192
 958.000000 0.484087 0.063309 63.309274 0.025381
 960.000000 0.516024 0.064189 64.188698 0.025734
 962.000000 0.566114 1.092751 1092.751453 0.438093
 964.000000 0.516187 0.065503 65.503121 0.026261
 966.000000 0.548407 0.585808 585.807976 0.234855
 968.000000 0.544766 0.500997 500.996550 0.200853
 970.000000 0.572496 1.313900 1313.900240 0.526753
 972.000000 0.469986 0.225217 225.216844 0.090291
 974.000000 0.520802 0.108183 108.183366 0.043372
 976.000000 0.484901 0.056998 56.998157 0.022851
 978.000000 0.511450 0.032776 32.775790 0.013140
 980.000000 0.522326 0.124612 124.612499 0.049958
 982.000000 0.546435 0.539052 539.052349 0.216110
 984.000000 0.460929 0.381641 381.641357 0.153003
 986.000000 0.504829 0.005829 5.829015 0.002337
 988.000000 0.505249 0.006889 6.888807 0.002762
 990.000000 0.566703 1.112327 1112.326771 0.445941
 992.000000 0.563819 1.018223 1018.222536 0.408213
 994.000000 0.567713 1.146276 1146.276414 0.459551
 996.000000 0.558185 0.846388 846.387750 0.339324
 998.000000 0.515365 0.059019 59.019216 0.023661
 1000.000000 0.551260 0.656903 656.903490 0.263358
 1002.000000 0.525233 0.159179 159.178508 0.063816
 1004.000000 0.466932 0.273368 273.368478 0.109596
 1006.000000 0.473838 0.171111 171.110691 0.068600
 1008.000000 0.475100 0.154999 154.998678 0.062140
 1010.000000 0.450633 0.609264 609.264007 0.244259
 1012.000000 0.510723 0.028743 28.743188 0.011523
 1014.000000 0.557906 0.838286 838.285733 0.336075
 1016.000000 0.517255 0.074433 74.432748 0.029841
 1018.000000 0.516161 0.065296 65.295841 0.026178
 1020.000000 0.547537 0.564944 564.944314 0.226491
 1022.000000 0.577071 1.484998 1484.997538 0.595347
 1024.000000 0.553618 0.718718 718.717574 0.288140
 1026.000000 0.531699 0.251214 251.213822 0.100714
 1028.000000 0.539674 0.393505 393.504870 0.157759
 1030.000000 0.536750 0.337635 337.634990 0.135361
 1032.000000 0.513706 0.046960 46.960361 0.018827
 1034.000000 0.503208 0.002574 2.573607 0.001032
 1036.000000 0.639256 4.848033 4848.033209 1.943615
 1038.000000 0.540426 0.408560 408.559711 0.163795
 1040.000000 0.495232 0.005684 5.683864 0.002279
 1042.000000 0.426580 1.347642 1347.642225 0.540280
 1044.000000 0.555495 0.769927 769.926580 0.308670
 1046.000000 0.510332 0.026686 26.685733 0.010699
 1048.000000 0.531966 0.255455 255.455346 0.102414
 1050.000000 0.559116 0.873668 873.668043 0.350260
 1052.000000 0.549917 0.622929 622.929263 0.249737
 1054.000000 0.466473 0.281009 281.008630 0.112659
 1056.000000 0.539781 0.395623 395.622889 0.158608
 1058.000000 0.578138 1.526383 1526.383015 0.611939
 1060.000000 0.576063 1.446398 1446.398362 0.579872
 1062.000000 0.538670 0.373850 373.850367 0.149880
 1064.000000 0.569495 1.207389 1207.389176 0.484052
 1066.000000 0.634708 4.536569 4536.569150 1.818746
 1068.000000 0.709273 10.948829 10948.828919 4.389472
 1070.000000 0.677562 7.882024 7882.024153 3.159966
 1072.000000 0.532893 0.270493 270.492984 0.108443
 1074.000000 0.541573 0.432089 432.088602 0.173228
 1076.000000 0.522236 0.123612 123.611820 0.049557
 1078.000000 0.495707 0.004607 4.606860 0.001847
 1080.000000 0.548521 0.588560 588.560054 0.235958
 1082.000000 0.650441 5.658124 5658.124443 2.268387
 1084.000000 0.551827 0.671514 671.514077 0.269215
 1086.000000 0.532110 0.257762 257.761681 0.103339
 1088.000000 0.487381 0.039808 39.807790 0.015959
 1090.000000 0.539698 0.393977 393.976582 0.157948
 1092.000000 0.523286 0.135556 135.555952 0.054345
 1094.000000 0.555114 0.759402 759.401919 0.304450
 1096.000000 0.502633 0.001734 1.733516 0.000695
 1098.000000 0.505387 0.007255 7.254917 0.002909
 1100.000000 0.562315 0.970784 970.783656 0.389195
 1102.000000 0.510887 0.029629 29.628998 0.011878
 1104.000000 0.591576 2.096555 2096.554513 0.840525
 1106.000000 0.505458 0.007446 7.446149 0.002985
 1108.000000 0.492026 0.015896 15.896472 0.006373
 1110.000000 0.557280 0.820263 820.262675 0.328850
 1112.000000 0.514045 0.049318 49.317806 0.019772
 1114.000000 0.568721 1.180627 1180.627000 0.473323
 1116.000000 0.555503 0.770156 770.155649 0.308761
 1118.000000 0.482980 0.072424 72.423590 0.029035
 1120.000000 0.561876 0.957169 957.168502 0.383736
 1122.000000 0.556369 0.794360 794.360045 0.318465
 1124.000000 0.525199 0.158744 158.743824 0.063642
 1126.000000 0.503869 0.003742 3.741580 0.001500
 1128.000000 0.561408 0.942732 942.732145 0.377949
 1130.000000 0.529482 0.217298 217.298377 0.087117
 1132.000000 0.568567 1.175348 1175.347770 0.471206
 1134.000000 0.512832 0.041165 41.165457 0.016504
 1136.000000 0.535221 0.310134 310.134174 0.124335
 1138.000000 0.490314 0.023454 23.453778 0.009403
 1140.000000 0.580554 1.622255 1622.254512 0.650375
 1142.000000 0.536864 0.339743 339.742974 0.136206
 1144.000000 0.555269 0.763674 763.674279 0.306163
 1146.000000 0.537286 0.347563 347.562722 0.139341
 1148.000000 0.529715 0.220747 220.746824 0.088499
 1150.000000 0.533453 0.279782 279.781891 0.112167
 1152.000000 0.530597 0.234040 234.039515 0.093828
 1154.000000 0.501206 0.000364 0.363719 0.000146
 1156.000000 0.548365 0.584805 584.804626 0.234453
 1158.000000 0.647048 5.405757 5405.757148 2.167211
 1160.000000 0.556363 0.794186 794.185997 0.318395
 1162.000000 0.459243 0.415279 415.278809 0.166489
 1164.000000 0.393646 2.827804 2827.804437 1.133689
 1166.000000 0.562536 0.977693 977.692911 0.391965
 1168.000000 0.462940 0.343361 343.361016 0.137656
 1170.000000 0.559079 0.872579 872.579054 0.349824
 1172.000000 0.602127 2.607470 2607.470495 1.045355
 1174.000000 0.517016 0.072383 72.382889 0.029019
 1176.000000 0.526282 0.172685 172.684585 0.069231
 1178.000000 0.528221 0.199106 199.105748 0.079823
 1180.000000 0.433808 1.095353 1095.353247 0.439136
 1182.000000 0.512147 0.036885 36.884926 0.014787
 1184.000000 0.484766 0.058020 58.020487 0.023261
 1186.000000 0.536490 0.332886 332.885985 0.133457
 1188.000000 0.560751 0.922672 922.672479 0.369907
 1190.000000 0.547450 0.562868 562.868108 0.225658
 1192.000000 0.532926 0.271024 271.024309 0.108656
 1194.000000 0.487496 0.039085 39.084942 0.015669
 1196.000000 0.520795 0.108104 108.103885 0.043340
 1198.000000 0.490145 0.024282 24.282434 0.009735
 1200.000000 0.532700 0.267325 267.325394 0.107173
 1202.000000 0.553791 0.723368 723.367674 0.290004
 1204.000000 0.515299 0.058514 58.514134 0.023459
 1206.000000 0.537151 0.345057 345.057152 0.138336
 1208.000000 0.559506 0.885244 885.244065 0.354901
 1210.000000 0.560387 0.911655 911.655160 0.365490
 1212.000000 0.618447 3.507426 3507.425853 1.406155
 1214.000000 0.513797 0.047592 47.591551 0.019080
 1216.000000 0.497906 0.001097 1.096642 0.000440
 1218.000000 0.580527 1.621131 1621.131233 0.649924
 1220.000000 0.676025 7.746211 7746.210638 3.105517
 1222.000000 0.538179 0.364401 364.401000 0.146091
 1224.000000 0.530490 0.232405 232.405073 0.093173
 1226.000000 0.603670 2.686843 2686.843010 1.077177
 1228.000000 0.584878 1.801060 1801.059755 0.722059
 1230.000000 0.533271 0.276737 276.736882 0.110946
 1232.000000 0.521830 0.119139 119.139305 0.047764
 1234.000000 0.506957 0.012100 12.100460 0.004851
 1236.000000 0.510013 0.025063 25.062782 0.010048
 1238.000000 0.650769 5.682796 5682.795526 2.278277
 1240.000000 0.521749 0.118258 118.258122 0.047411
 1242.000000 0.512225 0.037363 37.362522 0.014979
 1244.000000 0.527966 0.195520 195.519860 0.078385
 1246.000000 0.546727 0.545846 545.846064 0.218834
 1248.000000 0.574548 1.389354 1389.354276 0.557003
 1250.000000 0.560338 0.910167 910.166781 0.364893
 1252.000000 0.570182 1.231368 1231.367892 0.493665
 1254.000000 0.524611 0.151425 151.424702 0.060707
 1256.000000 0.631954 4.352938 4352.938139 1.745127
 1258.000000 0.592379 2.133491 2133.490656 0.855333
 1260.000000 0.558820 0.864955 864.955007 0.346767
 1262.000000 0.446504 0.715453 715.452898 0.286831
 1264.000000 0.532842 0.269656 269.655523 0.108107
 1266.000000 0.478700 0.113424 113.423579 0.045472
 1268.000000 0.465920 0.290354 290.353811 0.116405
 1270.000000 0.524498 0.150040 150.039733 0.060152
 1272.000000 0.418531 1.659295 1659.294974 0.665224
 1274.000000 0.584638 1.790899 1790.898848 0.717985
 1276.000000 0.584084 1.767542 1767.541787 0.708621
 1278.000000 0.554665 0.747071 747.070583 0.299506
 1280.000000 0.549047 0.601403 601.403176 0.241107
 1282.000000 0.504906 0.006018 6.018229 0.002413
 1284.000000 0.463192 0.338713 338.712653 0.135793
 1286.000000 0.469279 0.235947 235.947062 0.094593
 1288.000000 0.573874 1.364350 1364.349872 0.546979
 1290.000000 0.488288 0.034291 34.291359 0.013748
 1292.000000 0.553719 0.721439 721.439266 0.289231
 1294.000000 0.481956 0.081393 81.393126 0.032631
 1296.000000 0.520929 0.109508 109.507895 0.043903
 1298.000000 0.614558 3.280909 3280.908670 1.315342
 1300.000000 0.559727 0.891826 891.826207 0.357540
 1302.000000 0.581013 1.640786 1640.786499 0.657804
 1304.000000 0.474261 0.165625 165.624906 0.066400
 1306.000000 0.523089 0.133271 133.271326 0.053430
 1308.000000 0.493705 0.009907 9.907436 0.003972
 1310.000000 0.523988 0.143859 143.859282 0.057674
 1312.000000 0.589843 2.017927 2017.926838 0.809003
 1314.000000 0.567184 1.128415 1128.415395 0.452391
 1316.000000 0.508942 0.019989 19.989011 0.008014
 1318.000000 0.550205 0.630139 630.139200 0.252628
 1320.000000 0.620805 3.648463 3648.463251 1.462698
 1322.000000 0.584241 1.774153 1774.153080 0.711272
 1324.000000 0.501380 0.000476 0.476131 0.000191
 1326.000000 0.482547 0.076152 76.151757 0.030530
 1328.000000 0.498617 0.000479 0.478511 0.000192
 1330.000000 0.534989 0.306064 306.063950 0.122703
 1332.000000 0.520184 0.101844 101.843517 0.040830
 1334.000000 0.537388 0.349463 349.462734 0.140102
 1336.000000 0.560885 0.926755 926.755069 0.371543
 1338.000000 0.575907 1.440460 1440.460282 0.577492
 1340.000000 0.480049 0.099514 99.514099 0.039896
 1342.000000 0.440499 0.885089 885.088962 0.354839
 1344.000000 0.471026 0.209875 209.875485 0.084141
 1346.000000 0.545979 0.528517 528.516683 0.211887
 1348.000000 0.490069 0.024658 24.657660 0.009885
 1350.000000 0.448994 0.650415 650.414687 0.260756
 1352.000000 0.447346 0.693106 693.105873 0.277872
 1354.000000 0.513967 0.048769 48.769068 0.019552
 1356.000000 0.444281 0.776140 776.140216 0.311161
 1358.000000 0.546903 0.549978 549.977522 0.220490
 1360.000000 0.487086 0.041690 41.689836 0.016714
 1362.000000 0.514995 0.056214 56.214154 0.022537
 1364.000000 0.554479 0.741986 741.986344 0.297468
 1366.000000 0.523399 0.136878 136.878457 0.054876
 1368.000000 0.489837 0.025823 25.822811 0.010353
 1370.000000 0.693951 9.404204 9404.203683 3.770219
 1372.000000 0.553583 0.717792 717.791838 0.287768
 1374.000000 0.554246 0.735669 735.669193 0.294936
 1376.000000 0.536803 0.338620 338.619872 0.135755
 1378.000000 0.496278 0.003464 3.463718 0.001389
 1380.000000 0.504936 0.006090 6.090187 0.002442
 1382.000000 0.562699 0.982785 982.784606 0.394006
 1384.000000 0.525897 0.167663 167.663101 0.067217
 1386.000000 0.543039 0.463098 463.098413 0.185660
 1388.000000 0.537848 0.358121 358.120819 0.143573
 1390.000000 0.575111 1.410397 1410.397428 0.565439
 1392.000000 0.523465 0.137657 137.657400 0.055188
 1394.000000 0.481099 0.089309 89.308807 0.035805
 1396.000000 0.550697 0.642547 642.547030 0.257602
 1398.000000 0.540837 0.416923 416.922993 0.167148
 1400.000000 0.540641 0.412922 412.922498 0.165544
 1402.000000 0.600415 2.520775 2520.774831 1.010598
 1404.000000 0.586030 1.850277 1850.276611 0.741790
 1406.000000 0.543024 0.462760 462.760234 0.185524
 1408.000000 0.519225 0.092401 92.401251 0.037044
 1410.000000 0.530435 0.231573 231.572740 0.092839
 1412.000000 0.529157 0.212539 212.538545 0.085208
 1414.000000 0.524277 0.147340 147.340235 0.059070
 1416.000000 0.504822 0.005814 5.813933 0.002331
 1418.000000 0.585402 1.823390 1823.389749 0.731011
 1420.000000 0.485850 0.050058 50.057882 0.020069
 1422.000000 0.506001 0.009003 9.003201 0.003609
 1424.000000 0.487287 0.040408 40.408214 0.016200
 1426.000000 0.476561 0.137345 137.345281 0.055063
 1428.000000 0.444736 0.763524 763.523709 0.306103
 1430.000000 0.528980 0.209962 209.962110 0.084175
 1432.000000 0.575499 1.425027 1425.026763 0.571304
 1434.000000 0.525193 0.158677 158.677378 0.063615
 1436.000000 0.535754 0.319591 319.591274 0.128127
 1438.000000 0.539732 0.394656 394.656351 0.158221
 1440.000000 0.516582 0.068740 68.740093 0.027558
 1442.000000 0.500959 0.000230 0.229756 0.000092
 1444.000000 0.523904 0.142854 142.853757 0.057271
 1446.000000 0.532830 0.269457 269.456930 0.108027
 1448.000000 0.530183 0.227751 227.750637 0.091307
 1450.000000 0.535248 0.310610 310.610035 0.124526
 1452.000000 0.525269 0.159632 159.631646 0.063998
 1454.000000 0.521837 0.119209 119.208866 0.047792
 1456.000000 0.542134 0.443816 443.815696 0.177929
 1458.000000 0.504505 0.005075 5.074856 0.002035
 1460.000000 0.525325 0.160335 160.334786 0.064279
 1462.000000 0.539707 0.394160 394.160348 0.158022
 1464.000000 0.565502 1.072637 1072.636569 0.430028
 1466.000000 0.531583 0.249379 249.378542 0.099978
 1468.000000 0.544176 0.487885 487.885172 0.195597
 1470.000000 0.504576 0.005235 5.235166 0.002099
 1472.000000 0.492978 0.012326 12.325927 0.004942
 1474.000000 0.494991 0.006273 6.272792 0.002515
 1476.000000 0.557638 0.830547 830.547360 0.332973
 1478.000000 0.522650 0.128260 128.259810 0.051420
 1480.000000 0.562863 0.987931 987.930692 0.396069
 1482.000000 0.524791 0.153648 153.647918 0.061599
 1484.000000 0.635565 4.594498 4594.498463 1.841971
 1486.000000 0.537478 0.351148 351.147919 0.140778
 1488.000000 0.520220 0.102209 102.208585 0.040976
 1490.000000 0.510119 0.025599 25.599324 0.010263
 1492.000000 0.527766 0.192737 192.737271 0.077270
 1494.000000 0.497368 0.001731 1.731277 0.000694
 1496.000000 0.600943 2.547389 2547.388632 1.021268
 1498.000000 0.505590 0.007812 7.811811 0.003132
 1500.000000 0.542587 0.453403 453.403140 0.181773
 1502.000000 0.546530 0.541261 541.261365 0.216996
 1504.000000 0.561729 0.952632 952.632198 0.381918
 1506.000000 0.472281 0.192082 192.082180 0.077007
 1508.000000 0.461162 0.377092 377.091695 0.151179
 1510.000000 0.510307 0.026557 26.556853 0.010647
 1512.000000 0.606285 2.824110 2824.110490 1.132208
 1514.000000 0.614135 3.256707 3256.707284 1.305640
 1516.000000 0.476364 0.139663 139.663103 0.055992
 1518.000000 0.582115 1.685705 1685.704544 0.675812
 1520.000000 0.517950 0.080550 80.549620 0.032293
 1522.000000 0.459845 0.403101 403.100782 0.161606
 1524.000000 0.499843 0.000006 0.006159 0.000002
 1526.000000 0.585820 1.841267 1841.267465 0.738179
 1528.000000 0.577661 1.507802 1507.802059 0.604490
 1530.000000 0.536002 0.324039 324.038780 0.129910
 1532.000000 0.575485 1.424505 1424.505087 0.571095
 1534.000000 0.507198 0.012952 12.951952 0.005193
 1536.000000 0.536844 0.339372 339.371705 0.136057
 1538.000000 0.621813 3.709606 3709.606473 1.487210
 1540.000000 0.580152 1.606079 1606.079040 0.643890
 1542.000000 0.477626 0.125148 125.148434 0.050173
 1544.000000 0.528863 0.208269 208.268823 0.083497
 1546.000000 0.490674 0.021745 21.744561 0.008718
 1548.000000 0.551324 0.658540 658.539747 0.264014
 1550.000000 0.460075 0.398492 398.492239 0.159759
 1552.000000 0.511770 0.034634 34.633979 0.013885
 1554.000000 0.454452 0.518661 518.660677 0.207935
 1556.000000 0.667668 7.028103 7028.102930 2.817622
 1558.000000 0.525801 0.166420 166.420134 0.066719
 1560.000000 0.548163 0.579922 579.922119 0.232495
 1562.000000 0.628145 4.105266 4105.265578 1.645833
 1564.000000 0.535477 0.314659 314.659486 0.126149
 1566.000000 0.584608 1.789625 1789.625053 0.717475
 1568.000000 0.585673 1.834946 1834.946040 0.735644
 1570.000000 0.481576 0.084861 84.860512 0.034021
 1572.000000 0.531396 0.246434 246.434282 0.098797
 1574.000000 0.623623 3.820681 3820.681105 1.531741
 1576.000000 0.551754 0.669627 669.627462 0.268459
 1578.000000 0.584181 1.771595 1771.595030 0.710246
 1580.000000 0.642031 5.043212 5043.211553 2.021863
 1582.000000 0.501642 0.000674 0.674142 0.000270
 1584.000000 0.495004 0.006241 6.240960 0.002502
 1586.000000 0.532233 0.259744 259.744120 0.104133
 1588.000000 0.536708 0.336864 336.863823 0.135051
 1590.000000 0.474651 0.160643 160.643224 0.064403
 1592.000000 0.442081 0.838665 838.664864 0.336227
 1594.000000 0.515506 0.060109 60.108771 0.024098
 1596.000000 0.518433 0.084947 84.947137 0.034056
 1598.000000 0.470362 0.219610 219.609688 0.088043
 1600.000000 0.545758 0.523439 523.438709 0.209851
 1602.000000 0.564795 1.049599 1049.598991 0.420793
 1604.000000 0.674586 7.620108 7620.107519 3.054961
 1606.000000 0.527894 0.194518 194.518088 0.077984
 1608.000000 0.495090 0.006028 6.027656 0.002417
 1610.000000 0.521065 0.110934 110.934468 0.044475
 1612.000000 0.549362 0.609145 609.144770 0.244211
 1614.000000 0.509580 0.022945 22.944568 0.009199
 1616.000000 0.532537 0.264664 264.663939 0.106106
 1618.000000 0.566339 1.100212 1100.212392 0.441084
 1620.000000 0.678037 7.924256 7924.256188 3.176897
 1622.000000 0.572559 1.316186 1316.186199 0.527669
 1624.000000 0.537139 0.344819 344.819387 0.138241
 1626.000000 0.538480 0.370185 370.185220 0.148410
 1628.000000 0.597080 2.356130 2356.129742 0.944591
 1630.000000 0.595147 2.263246 2263.246020 0.907353
 1632.000000 0.649501 5.587653 5587.653453 2.240134
 1634.000000 0.504438 0.004925 4.924881 0.001974
 1636.000000 0.512403 0.038462 38.461608 0.015420
 1638.000000 0.541851 0.437887 437.886855 0.175552
 1640.000000 0.545730 0.522803 522.803107 0.209596
 1642.000000 0.581129 1.645485 1645.484576 0.659688
 1644.000000 0.612011 3.136604 3136.604340 1.257489
 1646.000000 0.556570 0.800029 800.028952 0.320738
 1648.000000 0.587429 1.910938 1910.938091 0.766110
 1650.000000 0.564775 1.048944 1048.944025 0.420530
 1652.000000 0.611226 3.092819 3092.818844 1.239935
 1654.000000 0.513757 0.047317 47.317116 0.018970
 1656.000000 0.524980 0.156001 156.001355 0.062542
 1658.000000 0.549174 0.604523 604.522643 0.242358
 1660.000000 0.616544 3.395624 3395.623553 1.361332
 1662.000000 0.611866 3.128479 3128.479236 1.254232
 1664.000000 0.594445 2.229980 2229.979866 0.894016
 1666.000000 0.526184 0.171395 171.395429 0.068714
 1668.000000 0.524559 0.150788 150.787771 0.060452
 1670.000000 0.480327 0.096762 96.761623 0.038792
 1672.000000 0.548076 0.577818 577.818138 0.231652
 1674.000000 0.538572 0.371951 371.950628 0.149118
 1676.000000 0.582637 1.707231 1707.231330 0.684442
 1678.000000 0.560587 0.917706 917.705754 0.367915
 1680.000000 0.567568 1.141343 1141.342579 0.457573
 1682.000000 0.569950 1.223249 1223.248674 0.490410
 1684.000000 0.560207 0.906212 906.211707 0.363307
 1686.000000 0.503390 0.002873 2.872715 0.001152
 1688.000000 0.503329 0.002771 2.771263 0.001111
 1690.000000 0.581973 1.679896 1679.896204 0.673484
 1692.000000 0.544894 0.503870 503.869898 0.202005
 1694.000000 0.557189 0.817641 817.641423 0.327799
 1696.000000 0.508970 0.020115 20.115134 0.008064
 1698.000000 0.535784 0.320126 320.126470 0.128341
 1700.000000 0.569688 1.214119 1214.118653 0.486750
 1702.000000 0.557890 0.837811 837.811206 0.335885
 1704.000000 0.507448 0.013870 13.869590 0.005560
 1706.000000 0.552444 0.687601 687.601199 0.275665
 1708.000000 0.493831 0.009516 9.515656 0.003815
 1710.000000 0.496199 0.003613 3.612592 0.001448
 1712.000000 0.533531 0.281078 281.077875 0.112686
 1714.000000 0.452101 0.573573 573.573273 0.229950
 1716.000000 0.486656 0.044514 44.514357 0.017846
 1718.000000 0.572794 1.324729 1324.728657 0.531094
 1720.000000 0.501139 0.000324 0.324258 0.000130
 1722.000000 0.481562 0.084994 84.994112 0.034075
 1724.000000 0.515265 0.058258 58.258316 0.023356
 1726.000000 0.594189 2.217884 2217.884304 0.889167
 1728.000000 0.647697 5.453637 5453.636530 2.186406
 1730.000000 0.636757 4.675637 4675.636964 1.874500
 1732.000000 0.456250 0.478511 478.511063 0.191839
 1734.000000 0.490123 0.024390 24.389655 0.009778
 1736.000000 0.496952 0.002323 2.322711 0.000931
 1738.000000 0.563709 1.014704 1014.704410 0.406803
 1740.000000 0.488278 0.034351 34.350912 0.013772
 1742.000000 0.518054 0.081491 81.490636 0.032670
 1744.000000 0.546138 0.532182 532.181801 0.213356
 1746.000000 0.498297 0.000725 0.725216 0.000291
 1748.000000 0.463405 0.334805 334.804782 0.134226
 1750.000000 0.542960 0.461390 461.390001 0.184975
 1752.000000 0.552357 0.685323 685.322665 0.274751
 1754.000000 0.466834 0.274989 274.988524 0.110245
 1756.000000 0.465130 0.303983 303.983397 0.121869
 1758.000000 0.408803 2.079216 2079.215724 0.833574
 1760.000000 0.472922 0.183308 183.308493 0.073490
 1762.000000 0.518055 0.081497 81.497243 0.032673
 1764.000000 0.561008 0.930480 930.480295 0.373037
 1766.000000 0.550681 0.642136 642.135697 0.257437
 1768.000000 0.612524 3.165425 3165.425149 1.269044
 1770.000000 0.470825 0.212794 212.793779 0.085311
 1772.000000 0.550786 0.644796 644.795618 0.258504
 1774.000000 0.513754 0.047291 47.291042 0.018959
 1776.000000 0.572157 1.301643 1301.642608 0.521839
 1778.000000 0.518727 0.087672 87.672217 0.035148
 1780.000000 0.495545 0.004962 4.962189 0.001989
 1782.000000 0.584700 1.793515 1793.515186 0.719034
 1784.000000 0.616329 3.383110 3383.109520 1.356315
 1786.000000 0.526253 0.172300 172.299581 0.069076
 1788.000000 0.606251 2.822344 2822.343503 1.131500
 1790.000000 0.521232 0.112702 112.702251 0.045183
 1792.000000 0.528820 0.207651 207.650654 0.083249
 1794.000000 0.577024 1.483170 1483.169853 0.594614
 1796.000000 0.456220 0.479167 479.167084 0.192102
 1798.000000 0.576797 1.474432 1474.431894 0.591111
 1800.000000 0.595492 2.279663 2279.663452 0.913935
 1802.000000 0.609906 3.019831 3019.831445 1.210674
 1804.000000 0.551129 0.653547 653.547025 0.262012
 1806.000000 0.575628 1.429881 1429.880520 0.573250
 1808.000000 0.587353 1.907647 1907.646757 0.764791
 1810.000000 0.680559 8.150424 8150.423610 3.267569
 1812.000000 0.538034 0.361641 361.641399 0.144985
 1814.000000 0.537487 0.351328 351.327972 0.140850
 1816.000000 0.541814 0.437110 437.110408 0.175241
 1818.000000 0.594332 2.224630 2224.630477 0.891872
 1820.000000 0.545624 0.520384 520.384411 0.208626
 1822.000000 0.533547 0.281346 281.345515 0.112794
 1824.000000 0.556858 0.808212 808.212366 0.324019
 1826.000000 0.483924 0.064611 64.611475 0.025903
 1828.000000 0.569813 1.218468 1218.468445 0.488494
 1830.000000 0.500901 0.000203 0.202973 0.000081
 1832.000000 0.519663 0.096657 96.657322 0.038751
 1834.000000 0.511986 0.035918 35.917835 0.014400
 1836.000000 0.509011 0.020299 20.298938 0.008138
 1838.000000 0.521215 0.112523 112.522518 0.045111
 1840.000000 0.545124 0.509042 509.041715 0.204079
 1842.000000 0.510446 0.027279 27.279010 0.010936
 1844.000000 0.465668 0.294675 294.674929 0.118137
 1846.000000 0.524997 0.156206 156.206353 0.062624
 1848.000000 0.573717 1.358547 1358.546797 0.544652
 1850.000000 0.588392 1.953286 1953.286140 0.783088
 1852.000000 0.474337 0.164652 164.652095 0.066010
 1854.000000 0.533212 0.275759 275.759304 0.110554
 1856.000000 0.658170 6.254455 6254.455491 2.507460
 1858.000000 0.457203 0.457898 457.898294 0.183575
 1860.000000 0.567592 1.142183 1142.182749 0.457910
 1862.000000 0.462394 0.353544 353.544249 0.141739
 1864.000000 0.540645 0.412998 412.997937 0.165574
 1866.000000 0.504451 0.004953 4.952865 0.001986
 1868.000000 0.515070 0.056777 56.776742 0.022762
 1870.000000 0.558617 0.858984 858.983657 0.344373
 1872.000000 0.538838 0.377098 377.098170 0.151182
 1874.000000 0.611957 3.133598 3133.598380 1.256284
 1876.000000 0.553191 0.707320 707.319692 0.283570
 1878.000000 0.569071 1.192695 1192.695183 0.478161
 1880.000000 0.527782 0.192960 192.960056 0.077359
 1882.000000 0.508881 0.019716 19.716339 0.007904
 1884.000000 0.495034 0.006165 6.164717 0.002471
 1886.000000 0.559741 0.892251 892.251495 0.357711
 1888.000000 0.546445 0.539294 539.294165 0.216207
 1890.000000 0.533113 0.274120 274.120268 0.109897
 1892.000000 0.491034 0.020097 20.096971 0.008057
 1894.000000 0.501537 0.000590 0.590466 0.000237
 1896.000000 0.514703 0.054046 54.046223 0.021668
 1898.000000 0.539879 0.397575 397.575232 0.159391
 1900.000000 0.437349 0.981279 981.279274 0.393403
 1902.000000 0.487229 0.040774 40.773620 0.016346
 1904.000000 0.476314 0.140262 140.262232 0.056232
 1906.000000 0.465327 0.300548 300.548066 0.120492
 1908.000000 0.466286 0.284159 284.158818 0.113922
 1910.000000 0.446451 0.716868 716.867509 0.287398
 1912.000000 0.490478 0.022665 22.664798 0.009086
 1914.000000 0.489198 0.029171 29.171325 0.011695
 1916.000000 0.484886 0.057111 57.111118 0.022896
 1918.000000 0.474633 0.160866 160.866283 0.064493
 1920.000000 0.488935 0.030610 30.609578 0.012272
 1922.000000 0.483678 0.066601 66.600889 0.026701
 1924.000000 0.458559 0.429334 429.333586 0.172123
 1926.000000 0.497685 0.001339 1.339250 0.000537
 1928.000000 0.499435 0.000080 0.079756 0.000032
 1930.000000 0.460970 0.380833 380.832693 0.152679
 1932.000000 0.481751 0.083255 83.255113 0.033378
 1934.000000 0.508226 0.016919 16.918691 0.006783
 1936.000000 0.507640 0.014594 14.593624 0.005851
 1938.000000 0.544196 0.488312 488.312105 0.195768
 1940.000000 0.657509 6.202236 6202.236001 2.486525
 1942.000000 0.587407 1.909984 1909.983832 0.765728
 1944.000000 0.665008 6.806917 6806.917439 2.728947
 1946.000000 0.569318 1.201263 1201.263355 0.481596
 1948.000000 0.565741 1.080466 1080.466294 0.433167
 1950.000000 0.521795 0.118757 118.756991 0.047611
 1952.000000 0.490569 0.022234 22.234086 0.008914
 1954.000000 0.488102 0.035390 35.390203 0.014188
 1956.000000 0.533918 0.287602 287.602107 0.115302
 1958.000000 0.546365 0.537439 537.438682 0.215463
 1960.000000 0.493824 0.009535 9.534731 0.003823
 1962.000000 0.481099 0.089315 89.314737 0.035807
 1964.000000 0.446322 0.720330 720.330132 0.288786
 1966.000000 0.584221 1.773279 1773.278859 0.710921
 1968.000000 0.530917 0.238968 238.968079 0.095804
 1970.000000 0.536916 0.340689 340.688551 0.136585
 1972.000000 0.463604 0.331170 331.169747 0.132769
 1974.000000 0.534382 0.295533 295.532719 0.118481
 1976.000000 0.548562 0.589577 589.576569 0.236366
 1978.000000 0.540131 0.402629 402.629082 0.161417
 1980.000000 0.543561 0.474395 474.395279 0.190189
 1982.000000 0.520902 0.109228 109.227584 0.043790
 1984.000000 0.562490 0.976254 976.254065 0.391388
 1986.000000 0.580928 1.637352 1637.352237 0.656427
 1988.000000 0.563659 1.013122 1013.121644 0.406168
 1990.000000 0.566910 1.119239 1119.238771 0.448712
 1992.000000 0.526724 0.178549 178.549140 0.071582
 1994.000000 0.522030 0.121330 121.330061 0.048642
 1996.000000 0.462556 0.350511 350.510526 0.140522
 1998.000000 0.493303 0.011214 11.213963 0.004496
 2000.000000 0.468106 0.254309 254.309033 0.101954
