#! FIELDS time d1 bb.bias bb.force2 lw
 0.000000 0.837001 81.320172 81320.172444 32.601898
 2.000000 0.467517 10.085199 10085.199342 4.043236
 4.000000 0.478506 11.218925 11218.924555 4.497755
 6.000000 0.537479 18.334763 18334.763438 7.350551
 8.000000 0.407758 4.976714 4976.713589 1.995204
 10.000000 0.389319 3.760881 3760.881345 1.507767
 12.000000 0.422132 6.042387 6042.386821 2.422440
 14.000000 0.304101 0.350327 350.327235 0.140449
 16.000000 0.260303 0.010123 10.122773 0.004058
 18.000000 0.292831 0.171141 171.140839 0.068612
 20.000000 0.428633 6.558237 6558.236768 2.629249
 22.000000 0.347544 1.635296 1635.295852 0.655603
 24.000000 0.287804 0.111700 111.699823 0.044781
 26.000000 0.281513 0.055105 55.105143 0.022092
 28.000000 0.268943 0.001296 1.295834 0.000520
 30.000000 0.291748 0.157264 157.264113 0.063048
 32.000000 0.286695 0.100287 100.286799 0.040206
 34.000000 0.250984 0.061489 61.488658 0.024651
 36.000000 0.299549 0.270314 270.314363 0.108371
 38.000000 0.264482 0.001193 1.193191 0.000478
 40.000000 0.268649 0.000983 0.982844 0.000394
 42.000000 0.299386 0.267638 267.638312 0.107298
 44.000000 0.308139 0.429997 429.997197 0.172389
 46.000000 0.287141 0.104801 104.800982 0.042016
 48.000000 0.253396 0.044030 44.030329 0.017652
 50.000000 0.283178 0.068153 68.153333 0.027323
 52.000000 0.283654 0.072144 72.143839 0.028923
 54.000000 0.286336 0.096716 96.716171 0.038774
 56.000000 0.277748 0.030699 30.698733 0.012307
 58.000000 0.287665 0.110234 110.234185 0.044194
 60.000000 0.266865 0.000010 0.009847 0.000004
 62.000000 0.278854 0.037130 37.130196 0.014886
 64.000000 0.279722 0.042613 42.612582 0.017084
 66.000000 0.285474 0.088427 88.427487 0.035451
 68.000000 0.262997 0.003366 3.366418 0.001350
 70.000000 0.279616 0.041918 41.918451 0.016805
 72.000000 0.250600 0.064533 64.532996 0.025872
 74.000000 0.279645 0.042108 42.107978 0.016881
 76.000000 0.251665 0.056265 56.264896 0.022557
 78.000000 0.240010 0.177638 177.638248 0.071217
 80.000000 0.288946 0.124087 124.086834 0.049747
 82.000000 0.296108 0.216699 216.699457 0.086877
 84.000000 0.285939 0.092851 92.850942 0.037225
 86.000000 0.292521 0.167110 167.109855 0.066996
 88.000000 0.265037 0.000664 0.663809 0.000266
 90.000000 0.257301 0.021929 21.929249 0.008792
 92.000000 0.279616 0.041919 41.919047 0.016806
 94.000000 0.369377 2.637365 2637.364516 1.057340
 96.000000 0.464963 9.830365 9830.365166 3.941071
 98.000000 0.293237 0.176493 176.492651 0.070757
 100.000000 0.357561 2.065423 2065.422894 0.828044
 102.000000 0.260724 0.008829 8.828516 0.003539
 104.000000 0.278740 0.036441 36.440887 0.014609
 106.000000 0.276252 0.022969 22.968997 0.009208
 108.000000 0.260057 0.010923 10.922760 0.004379
 110.000000 0.252049 0.053418 53.418293 0.021416
 112.000000 0.286532 0.098653 98.653311 0.039551
 114.000000 0.262995 0.003371 3.370986 0.001351
 116.000000 0.277373 0.028656 28.656325 0.011489
 118.000000 0.271050 0.004803 4.802725 0.001925
 120.000000 0.266204 0.000053 0.053462 0.000021
 122.000000 0.242318 0.148214 148.214435 0.059420
 124.000000 0.279516 0.041278 41.277674 0.016549
 126.000000 0.295145 0.202758 202.758436 0.081287
 128.000000 0.286835 0.101690 101.689591 0.040768
 130.000000 0.282005 0.058812 58.812485 0.023578
 132.000000 0.266871 0.000010 0.010402 0.000004
 134.000000 0.280292 0.046415 46.414825 0.018608
 136.000000 0.298079 0.246676 246.676026 0.098894
 138.000000 0.291255 0.151145 151.144794 0.060595
 140.000000 0.272963 0.009911 9.910655 0.003973
 142.000000 0.340313 1.355950 1355.950487 0.543611
 144.000000 0.284224 0.077069 77.068845 0.030898
 146.000000 0.288222 0.116155 116.154837 0.046567
 148.000000 0.347062 1.615836 1615.836036 0.647801
 150.000000 0.364907 2.412809 2412.809080 0.967314
 152.000000 0.439060 7.429842 7429.842188 2.978682
 154.000000 0.471008 10.438841 10438.841173 4.185014
 156.000000 0.554645 20.732899 20732.898551 8.311982
 158.000000 0.441759 7.664340 7664.339799 3.072694
 160.000000 0.431408 6.784948 6784.948384 2.720139
 162.000000 0.410382 5.163539 5163.538759 2.070103
 164.000000 0.466432 9.976594 9976.593577 3.999695
 166.000000 0.420511 5.917048 5917.047620 2.372191
 168.000000 0.445383 7.984844 7984.843743 3.201187
 170.000000 0.249284 0.075540 75.540103 0.030285
 172.000000 0.255029 0.033858 33.858048 0.013574
 174.000000 0.263970 0.001818 1.817929 0.000729
 176.000000 0.269071 0.001445 1.445050 0.000579
 178.000000 0.255745 0.029822 29.821785 0.011956
 180.000000 0.304101 0.350325 350.324682 0.140448
 182.000000 0.301562 0.304413 304.412594 0.122041
 184.000000 0.282488 0.062575 62.574977 0.025087
 186.000000 0.286111 0.094523 94.523358 0.037895
 188.000000 0.259841 0.011647 11.646933 0.004669
 190.000000 0.276507 0.024206 24.206135 0.009704
 192.000000 0.433879 6.989950 6989.950349 2.802326
 194.000000 0.509264 14.713400 14713.400462 5.898718
 196.000000 0.292176 0.162683 162.682603 0.065221
 198.000000 0.304254 0.353205 353.204691 0.141603
 200.000000 0.245136 0.115892 115.892244 0.046462
 202.000000 0.279746 0.042768 42.767682 0.017146
 204.000000 0.277353 0.028551 28.550606 0.011446
 206.000000 0.246832 0.098354 98.353882 0.039431
 208.000000 0.333183 1.106118 1106.118063 0.443451
 210.000000 0.301162 0.297486 297.485961 0.119264
 212.000000 0.275421 0.019158 19.158309 0.007681
 214.000000 0.279324 0.040050 40.050353 0.016057
 216.000000 0.285758 0.091120 91.119724 0.036531
 218.000000 0.289180 0.126709 126.708899 0.050799
 220.000000 0.269186 0.001586 1.586132 0.000636
 222.000000 0.266492 0.000008 0.007617 0.000003
 224.000000 0.473420 10.686749 10686.749417 4.284402
 226.000000 0.440454 7.550498 7550.498476 3.027054
 228.000000 0.462286 9.566759 9566.758551 3.835389
 230.000000 0.477220 11.083145 11083.145329 4.443320
 232.000000 0.438290 7.363647 7363.646907 2.952144
 234.000000 0.409043 5.067790 5067.789955 2.031717
 236.000000 0.481198 11.505939 11505.938966 4.612822
 238.000000 0.318845 0.680648 680.647855 0.272877
 240.000000 0.274826 0.016642 16.641917 0.006672
 242.000000 0.258484 0.016741 16.740858 0.006712
 244.000000 0.269788 0.002436 2.435728 0.000977
 246.000000 0.381783 3.312956 3312.955537 1.328190
 248.000000 0.489269 12.387964 12387.964128 4.966432
 250.000000 0.447414 8.167402 8167.402054 3.274376
 252.000000 0.447133 8.141985 8141.985304 3.264186
 254.000000 0.490451 12.519805 12519.804751 5.019288
 256.000000 0.488454 12.297364 12297.363586 4.930110
 258.000000 0.504659 14.160102 14160.101852 5.676896
 260.000000 0.446586 8.092768 8092.767740 3.244454
 262.000000 0.465378 9.871528 9871.527690 3.957573
 264.000000 0.409755 5.118589 5118.588962 2.052083
 266.000000 0.361418 2.244460 2244.459531 0.899822
 268.000000 0.276885 0.026104 26.103916 0.010465
 270.000000 0.270567 0.003803 3.803420 0.001525
 272.000000 0.265661 0.000253 0.252776 0.000101
 274.000000 0.255584 0.030705 30.705000 0.012310
 276.000000 0.267504 0.000175 0.175409 0.000070
 278.000000 0.288936 0.123985 123.985213 0.049707
 280.000000 0.262361 0.004634 4.634292 0.001858
 282.000000 0.268355 0.000712 0.712349 0.000286
 284.000000 0.304288 0.353846 353.846256 0.141860
 286.000000 0.267760 0.000299 0.298656 0.000120
 288.000000 0.268520 0.000859 0.858901 0.000344
 290.000000 0.292676 0.169126 169.125824 0.067804
 292.000000 0.274580 0.015654 15.654366 0.006276
 294.000000 0.253263 0.044917 44.916575 0.018007
 296.000000 0.255619 0.030511 30.511200 0.012232
 298.000000 0.267975 0.000428 0.427821 0.000172
 300.000000 0.268497 0.000838 0.837899 0.000336
 302.000000 0.270435 0.003550 3.550211 0.001423
 304.000000 0.257097 0.022894 22.893577 0.009178
 306.000000 0.296853 0.227801 227.800659 0.091327
 308.000000 0.387227 3.633721 3633.720683 1.456787
 310.000000 0.310225 0.474335 474.334737 0.190165
 312.000000 0.318411 0.669359 669.358572 0.268351
 314.000000 0.280345 0.046773 46.773287 0.018752
 316.000000 0.281999 0.058772 58.771854 0.023562
 318.000000 0.305824 0.383322 383.322050 0.153677
 320.000000 0.256590 0.025387 25.386616 0.010178
 322.000000 0.269873 0.002571 2.570606 0.001031
 324.000000 0.341732 1.408701 1408.701482 0.564760
 326.000000 0.302236 0.316296 316.296462 0.126806
 328.000000 0.263574 0.002391 2.390571 0.000958
 330.000000 0.263667 0.002249 2.249245 0.000902
 332.000000 0.285779 0.091325 91.324754 0.036613
 334.000000 0.263441 0.002602 2.601631 0.001043
 336.000000 0.278439 0.034646 34.645607 0.013890
 338.000000 0.277118 0.027307 27.307101 0.010948
 340.000000 0.270372 0.003432 3.432268 0.001376
 342.000000 0.293455 0.179407 179.407058 0.071926
 344.000000 0.262202 0.004983 4.983107 0.001998
 346.000000 0.287452 0.108009 108.009150 0.043302
 348.000000 0.278544 0.035270 35.269778 0.014140
 350.000000 0.272416 0.008262 8.262296 0.003312
 352.000000 0.268314 0.000678 0.678238 0.000272
 354.000000 0.264520 0.001152 1.151890 0.000462
 356.000000 0.261429 0.006859 6.858746 0.002750
 358.000000 0.271417 0.005642 5.642131 0.002262
 360.000000 0.255747 0.029810 29.809739 0.011951
 362.000000 0.319330 0.693357 693.356931 0.277972
 364.000000 0.274701 0.016139 16.138566 0.006470
 366.000000 0.262666 0.004002 4.001903 0.001604
 368.000000 0.256472 0.025981 25.980813 0.010416
 370.000000 0.278182 0.033152 33.152482 0.013291
 372.000000 0.287784 0.111488 111.488177 0.044696
 374.000000 0.254392 0.037665 37.664918 0.015100
 376.000000 0.304219 0.352548 352.547711 0.141339
 378.000000 0.239707 0.181710 181.709825 0.072849
 380.000000 0.263589 0.002368 2.368348 0.000949
 382.000000 0.263316 0.002808 2.807521 0.001126
 384.000000 0.269094 0.001473 1.473086 0.000591
 386.000000 0.255830 0.029360 29.359503 0.011770
 388.000000 0.258816 0.015407 15.406999 0.006177
 390.000000 0.278523 0.035141 35.140978 0.014088
 392.000000 0.296062 0.216016 216.015550 0.086602
 394.000000 0.282857 0.065535 65.535262 0.026274
 396.000000 0.286070 0.094126 94.125780 0.037736
 398.000000 0.287145 0.104842 104.841863 0.042032
 400.000000 0.311421 0.500728 500.728389 0.200746
 402.000000 0.263525 0.002468 2.467566 0.000989
 404.000000 0.249016 0.077891 77.890634 0.031227
 406.000000 0.411303 5.229924 5229.924251 2.096718
 408.000000 0.408769 5.048301 5048.301381 2.023904
 410.000000 0.258443 0.016906 16.905840 0.006778
 412.000000 0.257704 0.020082 20.081919 0.008051
 414.000000 0.284066 0.075682 75.682299 0.030342
 416.000000 0.351041 1.779751 1779.751319 0.713516
 418.000000 0.397248 4.262841 4262.840951 1.709007
 420.000000 0.279205 0.039303 39.302724 0.015757
 422.000000 0.258201 0.017919 17.918941 0.007184
 424.000000 0.331750 1.058948 1058.948012 0.424541
 426.000000 0.315828 0.604211 604.210749 0.242233
 428.000000 0.282933 0.066152 66.152398 0.026521
 430.000000 0.271212 0.005165 5.164826 0.002071
 432.000000 0.255325 0.032158 32.158383 0.012893
 434.000000 0.295159 0.202959 202.958771 0.081368
 436.000000 0.273009 0.010058 10.057649 0.004032
 438.000000 0.274404 0.014965 14.964988 0.006000
 440.000000 0.280672 0.049035 49.035374 0.019659
 442.000000 0.260282 0.010191 10.190648 0.004086
 444.000000 0.288430 0.118413 118.413035 0.047473
 446.000000 0.271621 0.006136 6.135607 0.002460
 448.000000 0.262568 0.004199 4.199193 0.001683
 450.000000 0.278243 0.033501 33.500852 0.013431
 452.000000 0.280306 0.046505 46.505177 0.018644
 454.000000 0.270725 0.004117 4.116578 0.001650
 456.000000 0.354993 1.950365 1950.365014 0.781917
 458.000000 0.280561 0.048261 48.261072 0.019348
 460.000000 0.284466 0.079205 79.205488 0.031754
 462.000000 0.323803 0.816147 816.146621 0.327200
 464.000000 0.469901 10.326087 10326.087170 4.139810
 466.000000 0.424832 6.254042 6254.042080 2.507295
 468.000000 0.435545 7.130002 7130.001792 2.858474
 470.000000 0.484494 11.862185 11862.185232 4.755643
 472.000000 0.282302 0.061116 61.115994 0.024502
 474.000000 0.275048 0.017563 17.562711 0.007041
 476.000000 0.265465 0.000361 0.360859 0.000145
 478.000000 0.463518 9.687568 9687.567548 3.883822
 480.000000 0.262714 0.003906 3.905840 0.001566
 482.000000 0.270096 0.002940 2.940241 0.001179
 484.000000 0.281698 0.056486 56.486445 0.022646
 486.000000 0.261984 0.005481 5.480881 0.002197
 488.000000 0.263305 0.002826 2.825585 0.001133
 490.000000 0.280765 0.049691 49.690725 0.019921
 492.000000 0.300228 0.281583 281.583012 0.112889
 494.000000 0.269438 0.001920 1.920316 0.000770
 496.000000 0.267746 0.000291 0.291330 0.000117
 498.000000 0.280418 0.047278 47.278213 0.018954
 500.000000 0.286764 0.100971 100.970716 0.040480
 502.000000 0.260163 0.010575 10.575236 0.004240
 504.000000 0.272563 0.008693 8.692737 0.003485
 506.000000 0.268177 0.000570 0.570202 0.000229
 508.000000 0.268041 0.000472 0.472371 0.000189
 510.000000 0.298566 0.254399 254.398730 0.101990
 512.000000 0.276240 0.022914 22.913953 0.009186
 514.000000 0.269372 0.001830 1.830283 0.000734
 516.000000 0.263881 0.001940 1.940282 0.000778
 518.000000 0.287426 0.107736 107.736149 0.043192
 520.000000 0.294809 0.197994 197.994219 0.079377
 522.000000 0.258234 0.017776 17.775704 0.007126
 524.000000 0.280239 0.046053 46.053089 0.018463
 526.000000 0.261413 0.006901 6.901120 0.002767
 528.000000 0.258215 0.017858 17.857779 0.007159
 530.000000 0.268840 0.001180 1.180430 0.000473
 532.000000 0.292229 0.163358 163.357813 0.065491
 534.000000 0.248539 0.082149 82.149427 0.032934
 536.000000 0.249496 0.073705 73.704587 0.029549
 538.000000 0.273420 0.011402 11.402183 0.004571
 540.000000 0.293311 0.177479 177.479349 0.071153
 542.000000 0.267734 0.000285 0.285035 0.000114
 544.000000 0.310335 0.476735 476.734640 0.191127
 546.000000 0.276890 0.026129 26.128771 0.010475
 548.000000 0.264099 0.001648 1.648352 0.000661
 550.000000 0.265051 0.000653 0.652952 0.000262
 552.000000 0.297425 0.236524 236.524412 0.094824
 554.000000 0.298341 0.250817 250.817447 0.100555
 556.000000 0.287962 0.113372 113.371888 0.045452
 558.000000 0.413942 5.422490 5422.489602 2.173919
 560.000000 0.434185 7.015626 7015.626324 2.812620
 562.000000 0.400170 4.455800 4455.799880 1.786365
 564.000000 0.272904 0.009725 9.724830 0.003899
 566.000000 0.316023 0.609003 609.003372 0.244154
 568.000000 0.315711 0.601336 601.336259 0.241080
 570.000000 0.308238 0.432047 432.047224 0.173211
 572.000000 0.422736 6.089409 6089.408819 2.441292
 574.000000 0.387932 3.676291 3676.291390 1.473854
 576.000000 0.254903 0.034595 34.594911 0.013869
 578.000000 0.271782 0.006542 6.542099 0.002623
 580.000000 0.299944 0.276844 276.844070 0.110989
 582.000000 0.266389 0.000019 0.019234 0.000008
 584.000000 0.331404 1.047737 1047.737367 0.420046
 586.000000 0.470647 10.401948 10401.948235 4.170223
 588.000000 0.417584 5.694017 5694.017166 2.282776
 590.000000 0.282635 0.063748 63.747851 0.025557
 592.000000 0.284433 0.078910 78.910394 0.031636
 594.000000 0.316447 0.619521 619.520898 0.248371
 596.000000 0.295333 0.205444 205.443896 0.082364
 598.000000 0.262779 0.003778 3.777843 0.001515
 600.000000 0.262812 0.003715 3.715115 0.001489
 602.000000 0.283636 0.071989 71.989082 0.028861
 604.000000 0.292063 0.161247 161.246521 0.064645
 606.000000 0.302073 0.313395 313.395137 0.125643
 608.000000 0.261137 0.007645 7.645052 0.003065
 610.000000 0.295460 0.207261 207.261060 0.083093
 612.000000 0.268950 0.001303 1.303080 0.000522
 614.000000 0.300015 0.278029 278.029351 0.111464
 616.000000 0.277796 0.030965 30.964995 0.012414
 618.000000 0.274079 0.013736 13.736051 0.005507
 620.000000 0.271465 0.005756 5.756321 0.002308
 622.000000 0.309167 0.451574 451.573724 0.181039
 624.000000 0.271571 0.006014 6.013510 0.002411
 626.000000 0.286530 0.098636 98.635798 0.039544
 628.000000 0.274970 0.017237 17.237401 0.006911
 630.000000 0.377383 3.064510 3064.509634 1.228586
 632.000000 0.278939 0.037653 37.652984 0.015095
 634.000000 0.389229 3.755371 3755.371320 1.505558
 636.000000 0.481770 11.567358 11567.358440 4.637445
 638.000000 0.451107 8.504557 8504.557031 3.409544
 640.000000 0.253413 0.043912 43.912181 0.017605
 642.000000 0.345479 1.552859 1552.858729 0.622553
 644.000000 0.282334 0.061369 61.369500 0.024604
 646.000000 0.273082 0.010290 10.290065 0.004125
 648.000000 0.296890 0.228363 228.363020 0.091553
 650.000000 0.259484 0.012898 12.898094 0.005171
 652.000000 0.295186 0.203344 203.344182 0.081522
 654.000000 0.338615 1.294131 1294.131173 0.518827
 656.000000 0.274288 0.014522 14.522240 0.005822
 658.000000 0.265986 0.000116 0.115948 0.000046
 660.000000 0.302280 0.317083 317.083410 0.127121
 662.000000 0.262393 0.004566 4.565512 0.001830
 664.000000 0.257979 0.018867 18.867302 0.007564
 666.000000 0.263065 0.003243 3.243394 0.001300
 668.000000 0.258577 0.016361 16.360506 0.006559
 670.000000 0.267188 0.000068 0.067849 0.000027
 672.000000 0.253045 0.046387 46.386621 0.018597
 674.000000 0.292828 0.171108 171.107777 0.068598
 676.000000 0.287549 0.109022 109.021733 0.043708
 678.000000 0.304139 0.351038 351.037887 0.140734
 680.000000 0.275649 0.020171 20.170758 0.008087
 682.000000 0.288644 0.120748 120.747516 0.048409
 684.000000 0.260092 0.010806 10.806003 0.004332
 686.000000 0.287861 0.112297 112.296908 0.045021
 688.000000 0.257990 0.018823 18.822865 0.007546
 690.000000 0.276856 0.025954 25.953772 0.010405
 692.000000 0.270835 0.004344 4.344221 0.001742
 694.000000 0.278244 0.033511 33.510838 0.013435
 696.000000 0.253135 0.045775 45.775016 0.018352
 698.000000 0.262873 0.003599 3.598863 0.001443
 700.000000 0.276756 0.025449 25.449068 0.010203
 702.000000 0.274005 0.013461 13.460955 0.005397
 704.000000 0.272043 0.007227 7.226954 0.002897
 706.000000 0.478259 11.192844 11192.844322 4.487299
 708.000000 0.339467 1.324966 1324.966284 0.531189
 710.000000 0.455447 8.909512 8909.511882 3.571893
 712.000000 0.416368 5.602644 5602.643686 2.246144
 714.000000 0.454905 8.858454 8858.454159 3.551424
 716.000000 0.461831 9.522250 9522.250019 3.817545
 718.000000 0.491427 12.629333 12629.333453 5.063199
 720.000000 0.483802 11.786957 11786.957409 4.725484
 722.000000 0.310804 0.487036 487.036494 0.195257
 724.000000 0.284640 0.080758 80.757752 0.032376
 726.000000 0.260225 0.010373 10.373390 0.004159
 728.000000 0.259000 0.014695 14.695399 0.005892
 730.000000 0.273182 0.010613 10.613451 0.004255
 732.000000 0.264780 0.000890 0.890205 0.000357
 734.000000 0.290109 0.137384 137.383733 0.055078
 736.000000 0.262821 0.003698 3.697633 0.001482
 738.000000 0.271337 0.005452 5.452463 0.002186
 740.000000 0.289816 0.133974 133.973622 0.053711
 742.000000 0.271170 0.005070 5.070449 0.002033
 744.000000 0.268940 0.001292 1.292228 0.000518
 746.000000 0.358510 2.108788 2108.787822 0.845430
 748.000000 0.307679 0.420502 420.501771 0.168582
 750.000000 0.268480 0.000822 0.822386 0.000330
 752.000000 0.286530 0.098642 98.642122 0.039546
 754.000000 0.284601 0.080407 80.407311 0.032236
 756.000000 0.275840 0.021035 21.035343 0.008433
 758.000000 0.262620 0.004095 4.094548 0.001642
 760.000000 0.276577 0.024556 24.555998 0.009845
 762.000000 0.277525 0.029476 29.475698 0.011817
 764.000000 0.262868 0.003608 3.608162 0.001447
 766.000000 0.289097 0.125782 125.782004 0.050427
 768.000000 0.282108 0.059611 59.610972 0.023899
 770.000000 0.273651 0.012195 12.194739 0.004889
 772.000000 0.288912 0.123712 123.712034 0.049597
 774.000000 0.275965 0.021613 21.613469 0.008665
 776.000000 0.266769 0.000003 0.002611 0.000001
 778.000000 0.275158 0.018025 18.025081 0.007226
 780.000000 0.279528 0.041353 41.352796 0.016579
 782.000000 0.253411 0.043926 43.926365 0.017610
 784.000000 0.264686 0.000981 0.980817 0.000393
 786.000000 0.261289 0.007229 7.229064 0.002898
 788.000000 0.293497 0.179969 179.968790 0.072151
 790.000000 0.258266 0.017644 17.644499 0.007074
 792.000000 0.310953 0.490310 490.310210 0.196569
 794.000000 0.271169 0.005067 5.066825 0.002031
 796.000000 0.259750 0.011959 11.958525 0.004794
 798.000000 0.288640 0.120703 120.702957 0.048391
 800.000000 0.263193 0.003016 3.015817 0.001209
 802.000000 0.264186 0.001538 1.537966 0.000617
 804.000000 0.300730 0.290083 290.082776 0.116296
 806.000000 0.261659 0.006269 6.269365 0.002513
 808.000000 0.283920 0.074419 74.418823 0.029835
 810.000000 0.281612 0.055840 55.840001 0.022387
 812.000000 0.275345 0.018827 18.827284 0.007548
 814.000000 0.262725 0.003884 3.884207 0.001557
 816.000000 0.302959 0.329281 329.280944 0.132011
 818.000000 0.256369 0.026512 26.512339 0.010629
 820.000000 0.264119 0.001623 1.622837 0.000651
 822.000000 0.276134 0.022406 22.405961 0.008983
 824.000000 0.286875 0.102097 102.097114 0.040932
 826.000000 0.264369 0.001320 1.319888 0.000529
 828.000000 0.258176 0.018022 18.022320 0.007225
 830.000000 0.285026 0.084265 84.265388 0.033783
 832.000000 0.264818 0.000854 0.854129 0.000342
 834.000000 0.241879 0.153608 153.607874 0.061583
 836.000000 0.265478 0.000353 0.353454 0.000142
 838.000000 0.272735 0.009206 9.206275 0.003691
 840.000000 0.286839 0.101729 101.728845 0.040784
 842.000000 0.273136 0.010462 10.462006 0.004194
 844.000000 0.297642 0.239871 239.870890 0.096166
 846.000000 0.296959 0.229410 229.409724 0.091972
 848.000000 0.272572 0.008717 8.716952 0.003495
 850.000000 0.319196 0.689831 689.830606 0.276559
 852.000000 0.281261 0.053250 53.249791 0.021348
 854.000000 0.296290 0.219383 219.383111 0.087952
 856.000000 0.286733 0.100663 100.662560 0.040356
 858.000000 0.306465 0.395976 395.975802 0.158750
 860.000000 0.267538 0.000190 0.189822 0.000076
 862.000000 0.271955 0.006993 6.992773 0.002803
 864.000000 0.268584 0.000919 0.919359 0.000369
 866.000000 0.277270 0.028106 28.105725 0.011268
 868.000000 0.258507 0.016647 16.646887 0.006674
 870.000000 0.282237 0.060611 60.611215 0.024300
 872.000000 0.258073 0.018462 18.462219 0.007402
 874.000000 0.257765 0.019811 19.810708 0.007942
 876.000000 0.267881 0.000369 0.368774 0.000148
 878.000000 0.265201 0.000537 0.537353 0.000215
 880.000000 0.290369 0.140453 140.452840 0.056309
 882.000000 0.266192 0.000056 0.056415 0.000023
 884.000000 0.249390 0.074621 74.621203 0.029916
 886.000000 0.262385 0.004583 4.583246 0.001837
 888.000000 0.296421 0.221333 221.332858 0.088734
 890.000000 0.267758 0.000298 0.297953 0.000119
 892.000000 0.273139 0.010473 10.472656 0.004199
 894.000000 0.289896 0.134897 134.897423 0.054081
 896.000000 0.259403 0.013192 13.191612 0.005289
 898.000000 0.268793 0.001130 1.130224 0.000453
 900.000000 0.263340 0.002766 2.766431 0.001109
 902.000000 0.264358 0.001333 1.332600 0.000534
 904.000000 0.288559 0.119821 119.820808 0.048037
 906.000000 0.273025 0.010106 10.106334 0.004052
 908.000000 0.271383 0.005561 5.560581 0.002229
 910.000000 0.267535 0.000188 0.188452 0.000076
 912.000000 0.316459 0.619815 619.814600 0.248489
 914.000000 0.295084 0.201883 201.882941 0.080936
 916.000000 0.268495 0.000836 0.835775 0.000335
 918.000000 0.264526 0.001146 1.145548 0.000459
 920.000000 0.272946 0.009858 9.857959 0.003952
 922.000000 0.265470 0.000358 0.357865 0.000143
 924.000000 0.269068 0.001441 1.441016 0.000578
 926.000000 0.286692 0.100255 100.255466 0.040193
 928.000000 0.307101 0.408730 408.730376 0.163863
 930.000000 0.286899 0.102332 102.332378 0.041026
 932.000000 0.317189 0.638115 638.115444 0.255826
 934.000000 0.278232 0.033442 33.441926 0.013407
 936.000000 0.282274 0.060898 60.898465 0.024415
 938.000000 0.281348 0.053888 53.887580 0.021604
 940.000000 0.262818 0.003702 3.702360 0.001484
 942.000000 0.291967 0.160031 160.031399 0.064158
 944.000000 0.279195 0.039240 39.239977 0.015732
 946.000000 0.260913 0.008276 8.276404 0.003318
 948.000000 0.298080 0.246707 246.706913 0.098907
 950.000000 0.258009 0.018740 18.740058 0.007513
 952.000000 0.338248 1.280987 1280.987196 0.513558
 954.000000 0.266392 0.000019 0.018924 0.000008
 956.000000 0.279441 0.040798 40.798339 0.016356
 958.000000 0.279356 0.040255 40.255113 0.016139
 960.000000 0.281746 0.056848 56.847719 0.022791
 962.000000 0.279623 0.041967 41.966714 0.016825
 964.000000 0.253500 0.043339 43.339416 0.017375
 966.000000 0.271640 0.006185 6.184640 0.002479
 968.000000 0.271597 0.006076 6.075957 0.002436
 970.000000 0.267776 0.000308 0.307907 0.000123
 972.000000 0.336092 1.204953 1204.953398 0.483075
 974.000000 0.287621 0.109768 109.767844 0.044007
 976.000000 0.253449 0.043675 43.675221 0.017510
 978.000000 0.271765 0.006498 6.497792 0.002605
 980.000000 0.294882 0.199028 199.028403 0.079792
 982.000000 0.290051 0.136709 136.709437 0.054808
 984.000000 0.296946 0.229208 229.208100 0.091891
 986.000000 0.324757 0.843630 843.629906 0.338218
 988.000000 0.282804 0.065104 65.103726 0.026101
 990.000000 0.321803 0.760004 760.004406 0.304692
 992.000000 0.319623 0.701101 701.100539 0.281077
 994.000000 0.259621 0.012411 12.411203 0.004976
 996.000000 0.258310 0.017457 17.457074 0.006999
 998.000000 0.302646 0.323631 323.631478 0.129746
 1000.000000 0.329991 1.002491 1002.491327 0.401907
 1002.000000 0.262585 0.004166 4.165811 0.001670
 1004.000000 0.283588 0.071583 71.582607 0.028698
 1006.000000 0.296717 0.225757 225.756624 0.090508
 1008.000000 0.277614 0.029961 29.961336 0.012012
 1010.000000 0.267473 0.000163 0.162609 0.000065
 1012.000000 0.268294 0.000662 0.662273 0.000266
 1014.000000 0.244275 0.125349 125.348524 0.050253
 1016.000000 0.262593 0.004149 4.148941 0.001663
 1018.000000 0.281606 0.055797 55.796942 0.022369
 1020.000000 0.246746 0.099209 99.208635 0.039774
 1022.000000 0.265979 0.000118 0.118364 0.000047
 1024.000000 0.254663 0.036020 36.019793 0.014441
 1026.000000 0.258450 0.016879 16.878641 0.006767
 1028.000000 0.271424 0.005659 5.659127 0.002269
 1030.000000 0.278708 0.036249 36.249492 0.014533
 1032.000000 0.260160 0.010583 10.583142 0.004243
 1034.000000 0.274320 0.014642 14.641543 0.005870
 1036.000000 0.264097 0.001651 1.651271 0.000662
 1038.000000 0.266877 0.000011 0.011031 0.000004
 1040.000000 0.271759 0.006483 6.482617 0.002599
 1042.000000 0.268850 0.001192 1.192234 0.000478
 1044.000000 0.300713 0.289787 289.786909 0.116178
 1046.000000 0.293748 0.183348 183.348456 0.073506
 1048.000000 0.255607 0.030579 30.578572 0.012259
 1050.000000 0.266392 0.000019 0.018810 0.000008
 1052.000000 0.270920 0.004523 4.522805 0.001813
 1054.000000 0.322733 0.785865 785.864899 0.315059
 1056.000000 0.246792 0.098746 98.746191 0.039588
 1058.000000 0.260959 0.008145 8.145315 0.003266
 1060.000000 0.287032 0.103684 103.684185 0.041568
 1062.000000 0.265928 0.000136 0.136424 0.000055
 1064.000000 0.289031 0.125043 125.042655 0.050131
 1066.000000 0.262283 0.004804 4.804214 0.001926
 1068.000000 0.264574 0.001095 1.094990 0.000439
 1070.000000 0.230669 0.323956 323.955726 0.129876
 1072.000000 0.273035 0.010138 10.138330 0.004065
 1074.000000 0.260197 0.010463 10.463330 0.004195
 1076.000000 0.243339 0.136041 136.041377 0.054540
 1078.000000 0.256337 0.026676 26.675569 0.010694
 1080.000000 0.295745 0.211387 211.386737 0.084747
 1082.000000 0.255029 0.033858 33.858290 0.013574
 1084.000000 0.255630 0.030452 30.451808 0.012208
 1086.000000 0.288250 0.116461 116.460957 0.046690
 1088.000000 0.270953 0.004593 4.593383 0.001842
 1090.000000 0.268802 0.001140 1.140176 0.000457
 1092.000000 0.307824 0.423474 423.474420 0.169774
 1094.000000 0.266163 0.000064 0.063537 0.000025
 1096.000000 0.296016 0.215352 215.352281 0.086336
 1098.000000 0.296811 0.227168 227.167583 0.091073
 1100.000000 0.315746 0.602206 602.206455 0.241429
 1102.000000 0.287122 0.104610 104.609898 0.041939
 1104.000000 0.300339 0.283456 283.456313 0.113640
 1106.000000 0.276258 0.022999 22.999414 0.009221
 1108.000000 0.253075 0.046181 46.181268 0.018514
 1110.000000 0.294325 0.191249 191.248813 0.076673
 1112.000000 0.308252 0.432333 432.333145 0.173326
 1114.000000 0.313999 0.560080 560.079966 0.224540
 1116.000000 0.268482 0.000824 0.824158 0.000330
 1118.000000 0.277596 0.029863 29.863296 0.011972
 1120.000000 0.281471 0.054790 54.790260 0.021966
 1122.000000 0.281423 0.054441 54.440539 0.021826
 1124.000000 0.274675 0.016034 16.034478 0.006428
 1126.000000 0.308922 0.446374 446.373964 0.178955
 1128.000000 0.269111 0.001493 1.493428 0.000599
 1130.000000 0.261910 0.005656 5.655849 0.002267
 1132.000000 0.271403 0.005609 5.608944 0.002249
 1134.000000 0.305577 0.378512 378.511572 0.151748
 1136.000000 0.283503 0.070862 70.862188 0.028409
 1138.000000 0.285010 0.084115 84.115086 0.033722
 1140.000000 0.300156 0.280383 280.383167 0.112408
 1142.000000 0.271303 0.005373 5.373446 0.002154
 1144.000000 0.290421 0.141062 141.062325 0.056553
 1146.000000 0.279520 0.041299 41.299437 0.016557
 1148.000000 0.255379 0.031852 31.851707 0.012770
 1150.000000 0.341181 1.388108 1388.107769 0.556503
 1152.000000 0.267623 0.000229 0.228764 0.000092
 1154.000000 0.310825 0.487489 487.488951 0.195438
 1156.000000 0.321974 0.764736 764.735608 0.306589
 1158.000000 0.267221 0.000077 0.076796 0.000031
 1160.000000 0.290770 0.145243 145.243314 0.058229
 1162.000000 0.274858 0.016773 16.772751 0.006724
 1164.000000 0.262073 0.005274 5.274366 0.002115
 1166.000000 0.268931 0.001282 1.281584 0.000514
 1168.000000 0.279578 0.041678 41.677644 0.016709
 1170.000000 0.280093 0.045066 45.066319 0.018067
 1172.000000 0.285218 0.086036 86.035936 0.034492
 1174.000000 0.273399 0.011330 11.329662 0.004542
 1176.000000 0.302642 0.323562 323.561819 0.129718
 1178.000000 0.265037 0.000664 0.663659 0.000266
 1180.000000 0.282440 0.062199 62.199450 0.024936
 1182.000000 0.293144 0.175256 175.255750 0.070261
 1184.000000 0.267438 0.000149 0.148732 0.000060
 1186.000000 0.262587 0.004161 4.160702 0.001668
 1188.000000 0.287734 0.110960 110.960005 0.044485
 1190.000000 0.299794 0.274355 274.354873 0.109991
 1192.000000 0.255719 0.029963 29.962725 0.012012
 1194.000000 0.273659 0.012225 12.224630 0.004901
 1196.000000 0.250492 0.065406 65.405710 0.026222
 1198.000000 0.285212 0.085985 85.984938 0.034472
 1200.000000 0.269186 0.001587 1.587126 0.000636
 1202.000000 0.261721 0.006116 6.115537 0.002452
 1204.000000 0.262614 0.004106 4.106107 0.001646
 1206.000000 0.262873 0.003597 3.597308 0.001442
 1208.000000 0.256465 0.026021 26.020863 0.010432
 1210.000000 0.273323 0.011076 11.076147 0.004441
 1212.000000 0.315009 0.584235 584.234948 0.234224
 1214.000000 0.273891 0.013046 13.046405 0.005230
 1216.000000 0.301922 0.310735 310.735325 0.124576
 1218.000000 0.304150 0.351244 351.243674 0.140816
 1220.000000 0.271520 0.005889 5.888719 0.002361
 1222.000000 0.260468 0.009606 9.605597 0.003851
 1224.000000 0.255037 0.033811 33.810610 0.013555
 1226.000000 0.248035 0.086783 86.783427 0.034792
 1228.000000 0.277631 0.030053 30.053276 0.012049
 1230.000000 0.259578 0.012563 12.562793 0.005037
 1232.000000 0.258651 0.016061 16.060984 0.006439
 1234.000000 0.278414 0.034498 34.497776 0.013830
 1236.000000 0.312524 0.525724 525.723639 0.210767
 1238.000000 0.292932 0.172463 172.463139 0.069142
 1240.000000 0.287668 0.110262 110.262008 0.044205
 1242.000000 0.254740 0.035559 35.558839 0.014256
 1244.000000 0.284197 0.076828 76.828088 0.030801
 1246.000000 0.278000 0.032112 32.111842 0.012874
 1248.000000 0.289240 0.127387 127.387100 0.051070
 1250.000000 0.263123 0.003139 3.139161 0.001259
 1252.000000 0.260941 0.008197 8.196754 0.003286
 1254.000000 0.274660 0.015975 15.974949 0.006404
 1256.000000 0.270334 0.003363 3.363011 0.001348
 1258.000000 0.277699 0.030430 30.430475 0.012200
 1260.000000 0.284778 0.082001 82.000614 0.032875
 1262.000000 0.260472 0.009594 9.593617 0.003846
 1264.000000 0.328035 0.941514 941.513703 0.377460
 1266.000000 0.256762 0.024526 24.526313 0.009833
 1268.000000 0.255492 0.031220 31.220335 0.012516
 1270.000000 0.279970 0.044243 44.243081 0.017737
 1272.000000 0.274044 0.013608 13.607628 0.005455
 1274.000000 0.267149 0.000058 0.058173 0.000023
 1276.000000 0.474806 10.830462 10830.462075 4.342018
 1278.000000 0.479276 11.300644 11300.644235 4.530517
 1280.000000 0.457557 9.109766 9109.766041 3.652177
 1282.000000 0.427094 6.434226 6434.225914 2.579532
 1284.000000 0.417935 5.720491 5720.490520 2.293390
 1286.000000 0.463651 9.700670 9700.669998 3.889075
 1288.000000 0.503387 14.009088 14009.087986 5.616354
 1290.000000 0.435989 7.167483 7167.483219 2.873500
 1292.000000 0.299193 0.264498 264.498298 0.106039
 1294.000000 0.255320 0.032186 32.185817 0.012904
 1296.000000 0.286414 0.097488 97.488448 0.039084
 1298.000000 0.256753 0.024571 24.570852 0.009851
 1300.000000 0.290851 0.146217 146.217331 0.058620
 1302.000000 0.267414 0.000139 0.139481 0.000056
 1304.000000 0.310156 0.472831 472.830840 0.189562
 1306.000000 0.258655 0.016048 16.047965 0.006434
 1308.000000 0.249693 0.072029 72.029488 0.028877
 1310.000000 0.266558 0.000003 0.002938 0.000001
 1312.000000 0.273286 0.010954 10.954034 0.004392
 1314.000000 0.279329 0.040081 40.081493 0.016069
 1316.000000 0.271337 0.005454 5.453584 0.002186
 1318.000000 0.271550 0.005963 5.962902 0.002391
 1320.000000 0.289984 0.135920 135.920090 0.054491
 1322.000000 0.260808 0.008582 8.581715 0.003440
 1324.000000 0.271953 0.006985 6.985151 0.002800
 1326.000000 0.246754 0.099126 99.126099 0.039740
 1328.000000 0.298834 0.258685 258.685490 0.103709
 1330.000000 0.279944 0.044071 44.071027 0.017668
 1332.000000 0.262760 0.003816 3.816069 0.001530
 1334.000000 0.254658 0.036049 36.049194 0.014452
 1336.000000 0.262424 0.004500 4.499717 0.001804
 1338.000000 0.277939 0.031768 31.767865 0.012736
 1340.000000 0.290092 0.137192 137.192211 0.055001
 1342.000000 0.279380 0.040407 40.407034 0.016199
 1344.000000 0.273751 0.012546 12.545681 0.005030
 1346.000000 0.291815 0.158104 158.104049 0.063385
 1348.000000 0.270530 0.003731 3.730881 0.001496
 1350.000000 0.296114 0.216793 216.792586 0.086914
 1352.000000 0.315677 0.600507 600.506579 0.240748
 1354.000000 0.287126 0.104643 104.642715 0.041952
 1356.000000 0.281548 0.055365 55.364502 0.022196
 1358.000000 0.275715 0.020470 20.469759 0.008206
 1360.000000 0.296614 0.224212 224.212065 0.089888
 1362.000000 0.267134 0.000055 0.054618 0.000022
 1364.000000 0.297336 0.235159 235.158555 0.094277
 1366.000000 0.291748 0.157262 157.262258 0.063048
 1368.000000 0.290037 0.136541 136.541482 0.054741
 1370.000000 0.283959 0.074757 74.756810 0.029971
 1372.000000 0.285868 0.092176 92.176327 0.036954
 1374.000000 0.269722 0.002334 2.333671 0.000936
 1376.000000 0.287057 0.103939 103.939239 0.041670
 1378.000000 0.289209 0.127038 127.037538 0.050930
 1380.000000 0.253385 0.044103 44.102956 0.017681
 1382.000000 0.260739 0.008784 8.784490 0.003522
 1384.000000 0.277066 0.027036 27.036364 0.010839
 1386.000000 0.279458 0.040902 40.902315 0.016398
 1388.000000 0.286123 0.094633 94.632739 0.037939
 1390.000000 0.269417 0.001890 1.890438 0.000758
 1392.000000 0.303502 0.339206 339.205959 0.135990
 1394.000000 0.290461 0.141537 141.537492 0.056743
 1396.000000 0.274562 0.015583 15.582716 0.006247
 1398.000000 0.268466 0.000810 0.809670 0.000325
 1400.000000 0.307022 0.407141 407.140893 0.163226
 1402.000000 0.280828 0.050137 50.137499 0.020101
 1404.000000 0.272937 0.009830 9.829868 0.003941
 1406.000000 0.308735 0.442437 442.437156 0.177377
 1408.000000 0.257911 0.019166 19.165511 0.007684
 1410.000000 0.307133 0.409383 409.383428 0.164125
 1412.000000 0.298847 0.258901 258.901214 0.103796
 1414.000000 0.302403 0.319270 319.269550 0.127998
 1416.000000 0.284629 0.080664 80.663945 0.032339
 1418.000000 0.265419 0.000389 0.388871 0.000156
 1420.000000 0.298274 0.249752 249.752288 0.100128
 1422.000000 0.271465 0.005756 5.755935 0.002308
 1424.000000 0.276513 0.024237 24.237155 0.009717
 1426.000000 0.284592 0.080327 80.326940 0.032204
 1428.000000 0.324566 0.838086 838.085874 0.335995
 1430.000000 0.273968 0.013327 13.326823 0.005343
 1432.000000 0.292905 0.172106 172.106296 0.068999
 1434.000000 0.337705 1.261613 1261.613032 0.505791
 1436.000000 0.268489 0.000831 0.830624 0.000333
 1438.000000 0.258402 0.017075 17.075124 0.006846
 1440.000000 0.260131 0.010678 10.677531 0.004281
 1442.000000 0.292268 0.163856 163.856045 0.065691
 1444.000000 0.280821 0.050083 50.083054 0.020079
 1446.000000 0.274981 0.017284 17.283579 0.006929
 1448.000000 0.291825 0.158233 158.232791 0.063437
 1450.000000 0.284174 0.076626 76.626085 0.030720
 1452.000000 0.279043 0.038291 38.290937 0.015351
 1454.000000 0.357129 2.045846 2045.845643 0.820196
 1456.000000 0.283346 0.069548 69.548482 0.027883
 1458.000000 0.284055 0.075591 75.590881 0.030305
 1460.000000 0.260791 0.008630 8.630438 0.003460
 1462.000000 0.273318 0.011061 11.061137 0.004434
 1464.000000 0.272855 0.009573 9.572510 0.003838
 1466.000000 0.331497 1.050729 1050.729491 0.421246
 1468.000000 0.353274 1.875193 1875.193089 0.751780
 1470.000000 0.483732 11.779371 11779.370937 4.722443
 1472.000000 0.456597 9.018380 9018.379886 3.615540
 1474.000000 0.485089 11.927030 11927.030221 4.781640
 1476.000000 0.430443 6.705701 6705.700876 2.688368
 1478.000000 0.522620 16.378062 16378.062155 6.566094
 1480.000000 0.353337 1.877936 1877.935773 0.752879
 1482.000000 0.466086 9.941972 9941.972227 3.985815
 1484.000000 0.287263 0.106048 106.048312 0.042516
 1486.000000 0.292258 0.163727 163.726894 0.065639
 1488.000000 0.262387 0.004579 4.579421 0.001836
 1490.000000 0.258984 0.014755 14.754713 0.005915
 1492.000000 0.282011 0.058864 58.863751 0.023599
 1494.000000 0.279707 0.042513 42.513422 0.017044
 1496.000000 0.291564 0.154974 154.973744 0.062130
 1498.000000 0.247431 0.092506 92.505513 0.037086
 1500.000000 0.274394 0.014930 14.929793 0.005985
 1502.000000 0.252492 0.050233 50.232555 0.020139
 1504.000000 0.263939 0.001859 1.859398 0.000745
 1506.000000 0.252272 0.051800 51.800184 0.020767
 1508.000000 0.270192 0.003107 3.107499 0.001246
 1510.000000 0.268407 0.000757 0.757406 0.000304
 1512.000000 0.301891 0.310183 310.183054 0.124355
 1514.000000 0.278770 0.036622 36.622495 0.014682
 1516.000000 0.303891 0.346420 346.420053 0.138883
 1518.000000 0.301133 0.296976 296.976248 0.119060
 1520.000000 0.439884 7.501097 7501.096921 3.007249
 1522.000000 0.518478 15.852249 15852.249067 6.355291
 1524.000000 0.286367 0.097024 97.024455 0.038898
 1526.000000 0.312737 0.530615 530.614833 0.212728
 1528.000000 0.251513 0.057408 57.407887 0.023015
 1530.000000 0.264219 0.001498 1.497697 0.000600
 1532.000000 0.290758 0.145098 145.098102 0.058171
 1534.000000 0.310501 0.480363 480.362625 0.192581
 1536.000000 0.389951 3.799743 3799.743496 1.523347
 1538.000000 0.474029 10.749785 10749.785068 4.309673
 1540.000000 0.464447 9.779298 9779.298445 3.920598
 1542.000000 0.387132 3.627980 3627.979719 1.454486
 1544.000000 0.352754 1.852749 1852.749257 0.742782
 1546.000000 0.295576 0.208940 208.940041 0.083766
 1548.000000 0.418389 5.754882 5754.882092 2.307178
 1550.000000 0.262597 0.004141 4.141023 0.001660
 1552.000000 0.316454 0.619706 619.706074 0.248445
 1554.000000 0.260803 0.008596 8.595624 0.003446
 1556.000000 0.279893 0.043733 43.733318 0.017533
 1558.000000 0.273571 0.011918 11.917581 0.004778
 1560.000000 0.273231 0.010773 10.773491 0.004319
 1562.000000 0.433521 6.960071 6960.070975 2.790347
 1564.000000 0.326945 0.908371 908.370886 0.364173
 1566.000000 0.260443 0.009682 9.682044 0.003882
 1568.000000 0.283800 0.073384 73.383738 0.029420
 1570.000000 0.299871 0.275631 275.631141 0.110503
 1572.000000 0.257853 0.019418 19.418470 0.007785
 1574.000000 0.266352 0.000025 0.024792 0.000010
 1576.000000 0.271175 0.005080 5.080320 0.002037
 1578.000000 0.283181 0.068180 68.179670 0.027334
 1580.000000 0.466722 10.005489 10005.489158 4.011279
 1582.000000 0.427066 6.431994 6431.993698 2.578637
 1584.000000 0.277350 0.028532 28.532430 0.011439
 1586.000000 0.275654 0.020192 20.192442 0.008095
 1588.000000 0.309653 0.461951 461.951103 0.185200
 1590.000000 0.257150 0.022641 22.641147 0.009077
 1592.000000 0.255942 0.028754 28.754358 0.011528
 1594.000000 0.292485 0.166653 166.653023 0.066813
 1596.000000 0.274805 0.016560 16.559517 0.006639
 1598.000000 0.291961 0.159945 159.944765 0.064123
 1600.000000 0.270292 0.003285 3.285366 0.001317
 1602.000000 0.291591 0.155312 155.311752 0.062266
 1604.000000 0.301715 0.307092 307.092457 0.123116
 1606.000000 0.297556 0.238535 238.534526 0.095630
 1608.000000 0.348966 1.693283 1693.282806 0.678850
 1610.000000 0.289411 0.129328 129.328341 0.051849
 1612.000000 0.268729 0.001063 1.063246 0.000426
 1614.000000 0.256580 0.025437 25.437194 0.010198
 1616.000000 0.269093 0.001472 1.471635 0.000590
 1618.000000 0.264201 0.001519 1.519387 0.000609
 1620.000000 0.267385 0.000129 0.129039 0.000052
 1622.000000 0.264716 0.000951 0.951104 0.000381
 1624.000000 0.257967 0.018921 18.920656 0.007585
 1626.000000 0.280212 0.045871 45.871185 0.018390
 1628.000000 0.273238 0.010794 10.794291 0.004328
 1630.000000 0.255565 0.030813 30.813189 0.012353
 1632.000000 0.306245 0.391605 391.605233 0.156998
 1634.000000 0.283669 0.072272 72.271834 0.028974
 1636.000000 0.264164 0.001565 1.565309 0.000628
 1638.000000 0.270760 0.004190 4.189525 0.001680
 1640.000000 0.305435 0.375742 375.741655 0.150638
 1642.000000 0.275406 0.019095 19.094919 0.007655
 1644.000000 0.261608 0.006397 6.396602 0.002564
 1646.000000 0.270680 0.004027 4.027371 0.001615
 1648.000000 0.258607 0.016241 16.241259 0.006511
 1650.000000 0.283039 0.067013 67.012528 0.026866
 1652.000000 0.273935 0.013206 13.206221 0.005294
 1654.000000 0.289581 0.131268 131.268448 0.052627
 1656.000000 0.295051 0.201421 201.421376 0.080751
 1658.000000 0.260028 0.011018 11.018067 0.004417
 1660.000000 0.268203 0.000590 0.590450 0.000237
 1662.000000 0.275855 0.021105 21.104913 0.008461
 1664.000000 0.257841 0.019473 19.473218 0.007807
 1666.000000 0.264953 0.000734 0.734161 0.000294
 1668.000000 0.261975 0.005504 5.503912 0.002207
 1670.000000 0.255891 0.029030 29.029635 0.011638
 1672.000000 0.290663 0.143954 143.954371 0.057712
 1674.000000 0.347193 1.621134 1621.133512 0.649925
 1676.000000 0.272842 0.009533 9.533366 0.003822
 1678.000000 0.295101 0.202128 202.128461 0.081035
 1680.000000 0.247542 0.091443 91.442776 0.036660
 1682.000000 0.333372 1.112401 1112.401007 0.445970
 1684.000000 0.279681 0.042346 42.346367 0.016977
 1686.000000 0.275036 0.017512 17.511822 0.007021
 1688.000000 0.326624 0.898722 898.721922 0.360305
 1690.000000 0.435078 7.090559 7090.559378 2.842661
 1692.000000 0.457856 9.138307 9138.307022 3.663619
 1694.000000 0.465531 9.886801 9886.801360 3.963697
 1696.000000 0.420882 5.945573 5945.572936 2.383627
 1698.000000 0.258190 0.017962 17.961705 0.007201
 1700.000000 0.296578 0.223665 223.665134 0.089669
 1702.000000 0.286101 0.094423 94.422833 0.037855
 1704.000000 0.309365 0.455785 455.785458 0.182728
 1706.000000 0.255713 0.029994 29.994017 0.012025
 1708.000000 0.274543 0.015511 15.511097 0.006219
 1710.000000 0.290923 0.147087 147.087321 0.058968
 1712.000000 0.265795 0.000190 0.190014 0.000076
 1714.000000 0.272087 0.007344 7.344196 0.002944
 1716.000000 0.265374 0.000417 0.417431 0.000167
 1718.000000 0.253505 0.043310 43.310095 0.017363
 1720.000000 0.253505 0.043305 43.305247 0.017361
 1722.000000 0.294935 0.199768 199.768461 0.080089
 1724.000000 0.290064 0.136859 136.859110 0.054868
 1726.000000 0.284510 0.079596 79.596032 0.031911
 1728.000000 0.267528 0.000186 0.185686 0.000074
 1730.000000 0.269878 0.002578 2.578278 0.001034
 1732.000000 0.269801 0.002456 2.455767 0.000985
 1734.000000 0.259933 0.011335 11.334796 0.004544
 1736.000000 0.267366 0.000122 0.122403 0.000049
 1738.000000 0.331640 1.055395 1055.394751 0.423116
 1740.000000 0.251566 0.057005 57.004719 0.022854
 1742.000000 0.270084 0.002919 2.919000 0.001170
 1744.000000 0.322969 0.792501 792.501481 0.317720
 1746.000000 0.254846 0.034930 34.930081 0.014004
 1748.000000 0.298319 0.250463 250.462674 0.100412
 1750.000000 0.243477 0.134446 134.445862 0.053900
 1752.000000 0.275839 0.021033 21.033039 0.008432
 1754.000000 0.339687 1.333009 1333.008992 0.534414
 1756.000000 0.360325 2.192982 2192.982129 0.879184
 1758.000000 0.260908 0.008292 8.291686 0.003324
 1760.000000 0.303038 0.330717 330.716719 0.132587
 1762.000000 0.278074 0.032529 32.529475 0.013041
 1764.000000 0.276082 0.022164 22.163519 0.008886
 1766.000000 0.262181 0.005031 5.030622 0.002017
 1768.000000 0.320006 0.711263 711.262872 0.285151
 1770.000000 0.276226 0.022846 22.846334 0.009159
 1772.000000 0.266303 0.000033 0.033048 0.000013
 1774.000000 0.273855 0.012919 12.918714 0.005179
 1776.000000 0.276671 0.025022 25.022306 0.010032
 1778.000000 0.252623 0.049303 49.302652 0.019766
 1780.000000 0.262673 0.003987 3.986897 0.001598
 1782.000000 0.278404 0.034439 34.439134 0.013807
 1784.000000 0.287038 0.103748 103.748493 0.041594
 1786.000000 0.261640 0.006317 6.317064 0.002533
 1788.000000 0.238733 0.195066 195.065958 0.078203
 1790.000000 0.287328 0.106728 106.727525 0.042788
 1792.000000 0.309177 0.451772 451.771920 0.181119
 1794.000000 0.307518 0.417202 417.201823 0.167259
 1796.000000 0.276313 0.023262 23.261938 0.009326
 1798.000000 0.248429 0.083150 83.150096 0.033336
 1800.000000 0.263812 0.002037 2.037484 0.000817
 1802.000000 0.263614 0.002330 2.329862 0.000934
 1804.000000 0.274960 0.017195 17.195045 0.006894
 1806.000000 0.345141 1.539564 1539.564232 0.617223
 1808.000000 0.375848 2.980135 2980.135220 1.194760
 1810.000000 0.294084 0.187930 187.929931 0.075343
 1812.000000 0.253704 0.042010 42.010318 0.016842
 1814.000000 0.288090 0.114737 114.737314 0.045999
 1816.000000 0.291848 0.158524 158.524124 0.063554
 1818.000000 0.285231 0.086161 86.160662 0.034542
 1820.000000 0.265082 0.000628 0.628119 0.000252
 1822.000000 0.267407 0.000137 0.137204 0.000055
 1824.000000 0.258810 0.015430 15.430431 0.006186
 1826.000000 0.269645 0.002218 2.218168 0.000889
 1828.000000 0.284919 0.083286 83.285867 0.033390
 1830.000000 0.268543 0.000880 0.880219 0.000353
 1832.000000 0.277258 0.028043 28.042631 0.011243
 1834.000000 0.272362 0.008109 8.109384 0.003251
 1836.000000 0.289300 0.128064 128.063810 0.051342
 1838.000000 0.394184 4.065146 4065.145862 1.629749
 1840.000000 0.321174 0.742749 742.748792 0.297774
 1842.000000 0.435568 7.131946 7131.946018 2.859253
 1844.000000 0.398644 4.354491 4354.490660 1.745750
 1846.000000 0.435948 7.164071 7164.070553 2.872132
 1848.000000 0.449733 8.378360 8378.359953 3.358950
 1850.000000 0.436119 7.178527 7178.527120 2.877928
 1852.000000 0.433201 6.933424 6933.423715 2.779664
 1854.000000 0.284136 0.076297 76.297176 0.030588
 1856.000000 0.282454 0.062308 62.308447 0.024980
 1858.000000 0.283357 0.069644 69.643898 0.027921
 1860.000000 0.264140 0.001596 1.596490 0.000640
 1862.000000 0.251855 0.054846 54.846110 0.021988
 1864.000000 0.265714 0.000227 0.227093 0.000091
 1866.000000 0.266126 0.000073 0.073009 0.000029
 1868.000000 0.462672 9.604489 9604.488556 3.850515
 1870.000000 0.394765 4.102314 4102.313905 1.644650
 1872.000000 0.442923 7.766534 7766.533508 3.113664
 1874.000000 0.501828 13.825261 13825.260688 5.542656
 1876.000000 0.409165 5.076431 5076.431298 2.035181
 1878.000000 0.432327 6.860800 6860.799850 2.750549
 1880.000000 0.432028 6.836070 6836.069634 2.740634
 1882.000000 0.466799 10.013210 10013.210244 4.014375
 1884.000000 0.469269 10.261878 10261.878126 4.114068
 1886.000000 0.456992 9.055958 9055.958424 3.630605
 1888.000000 0.476728 11.031398 11031.398257 4.422574
 1890.000000 0.514677 15.377258 15377.257559 6.164864
 1892.000000 0.499564 13.560243 13560.243139 5.436408
 1894.000000 0.452305 8.615416 8615.416251 3.453988
 1896.000000 0.417691 5.702094 5702.094255 2.286014
 1898.000000 0.431264 6.773100 6773.099849 2.715389
 1900.000000 0.456875 9.044804 9044.804498 3.626133
 1902.000000 0.432077 6.840172 6840.172427 2.742279
 1904.000000 0.273334 0.011113 11.113481 0.004455
 1906.000000 0.289637 0.131910 131.910198 0.052884
 1908.000000 0.301052 0.295582 295.582011 0.118501
 1910.000000 0.246732 0.099348 99.348484 0.039830
 1912.000000 0.288119 0.115055 115.054970 0.046126
 1914.000000 0.273103 0.010356 10.355724 0.004152
 1916.000000 0.294354 0.191649 191.649258 0.076834
 1918.000000 0.273070 0.010251 10.251118 0.004110
 1920.000000 0.253151 0.045669 45.669205 0.018309
 1922.000000 0.277716 0.030519 30.519459 0.012235
 1924.000000 0.299603 0.271207 271.206817 0.108729
 1926.000000 0.291821 0.158187 158.187256 0.063419
 1928.000000 0.270174 0.003075 3.074810 0.001233
 1930.000000 0.272524 0.008578 8.577654 0.003439
 1932.000000 0.272905 0.009730 9.729667 0.003901
 1934.000000 0.270089 0.002928 2.927902 0.001174
 1936.000000 0.263355 0.002742 2.741879 0.001099
 1938.000000 0.253403 0.043982 43.982468 0.017633
 1940.000000 0.273057 0.010209 10.208871 0.004093
 1942.000000 0.461452 9.485294 9485.293588 3.802729
 1944.000000 0.289914 0.135105 135.104973 0.054165
 1946.000000 0.266601 0.000001 0.001084 0.000000
 1948.000000 0.275379 0.018975 18.974968 0.007607
 1950.000000 0.281725 0.056688 56.687549 0.022726
 1952.000000 0.269879 0.002580 2.580397 0.001035
 1954.000000 0.241422 0.159318 159.318187 0.063872
 1956.000000 0.265511 0.000334 0.333881 0.000134
 1958.000000 0.340930 1.378756 1378.756307 0.552754
 1960.000000 0.271663 0.006241 6.240796 0.002502
 1962.000000 0.281298 0.053521 53.520978 0.021457
 1964.000000 0.289335 0.128461 128.460902 0.051501
 1966.000000 0.304677 0.361192 361.192331 0.144805
 1968.000000 0.342604 1.441625 1441.625408 0.577959
 1970.000000 0.314662 0.575893 575.893263 0.230880
 1972.000000 0.278544 0.035270 35.269696 0.014140
 1974.000000 0.256459 0.026052 26.051526 0.010444
 1976.000000 0.290383 0.140611 140.611216 0.056372
 1978.000000 0.268997 0.001358 1.358122 0.000544
 1980.000000 0.344701 1.522348 1522.347673 0.610321
 1982.000000 0.264473 0.001203 1.202704 0.000482
 1984.000000 0.409509 5.100975 5100.975204 2.045021
 1986.000000 0.282352 0.061509 61.509332 0.024660
 1988.000000 0.267901 0.000381 0.380699 0.000153
 1990.000000 0.283600 0.071683 71.683448 0.028738
 1992.000000 0.271666 0.006248 6.248387 0.002505
 1994.000000 0.279661 0.042211 42.210575 0.016923
 1996.000000 0.279864 0.043541 43.540544 0.017456
 1998.000000 0.304868 0.364835 364.834989 0.146265
 2000.000000 0.264453 0.001226 1.225549 0.000491
