#! FIELDS time d1 bb.bias bb.force2 lw
 0.000000 0.837001 81.320172 81320.172444 32.601898
 2.000000 0.404432 4.744855 4744.855380 1.902250
 4.000000 0.281761 0.056960 56.960031 0.022836
 6.000000 0.278899 0.037405 37.404583 0.014996
 8.000000 0.412245 5.298232 5298.232219 2.124103
 10.000000 0.500222 13.636975 13636.974932 5.467171
 12.000000 0.434676 7.056766 7056.766407 2.829113
 14.000000 0.460667 9.409049 9409.049408 3.772162
 16.000000 0.397646 4.288915 4288.915324 1.719460
 18.000000 0.279424 0.040689 40.688520 0.016312
 20.000000 0.289019 0.124908 124.908471 0.050077
 22.000000 0.274093 0.013788 13.788140 0.005528
 24.000000 0.277217 0.027830 27.829576 0.011157
 26.000000 0.289888 0.134804 134.804229 0.054044
 28.000000 0.276328 0.023337 23.336771 0.009356
 30.000000 0.262064 0.005296 5.296369 0.002123
 32.000000 0.281972 0.058565 58.564808 0.023479
 34.000000 0.263241 0.002933 2.932999 0.001176
 36.000000 0.294308 0.191010 191.009701 0.076577
 38.000000 0.271755 0.006472 6.472280 0.002595
 40.000000 0.271564 0.005995 5.995096 0.002403
 42.000000 0.287233 0.105748 105.747683 0.042395
 44.000000 0.281507 0.055060 55.059553 0.022074
 46.000000 0.251239 0.059503 59.503380 0.023855
 48.000000 0.417686 5.701712 5701.711560 2.285861
 50.000000 0.332804 1.093550 1093.549739 0.438413
 52.000000 0.279270 0.039710 39.710494 0.015920
 54.000000 0.268741 0.001075 1.075478 0.000431
 56.000000 0.289317 0.128260 128.259524 0.051420
 58.000000 0.374325 2.897598 2897.597833 1.161670
 60.000000 0.270896 0.004471 4.470836 0.001792
 62.000000 0.337699 1.261395 1261.394686 0.505703
 64.000000 0.268844 0.001185 1.184763 0.000475
 66.000000 0.266846 0.000008 0.008006 0.000003
 68.000000 0.256977 0.023473 23.473140 0.009411
 70.000000 0.267861 0.000356 0.356446 0.000143
 72.000000 0.271880 0.006795 6.794602 0.002724
 74.000000 0.284866 0.082804 82.803582 0.033197
 76.000000 0.432093 6.841490 6841.490491 2.742807
 78.000000 0.272147 0.007508 7.508252 0.003010
 80.000000 0.268166 0.000562 0.562342 0.000225
 82.000000 0.280014 0.044537 44.536542 0.017855
 84.000000 0.298378 0.251397 251.396894 0.100787
 86.000000 0.278455 0.034738 34.738399 0.013927
 88.000000 0.299691 0.272655 272.654953 0.109310
 90.000000 0.477692 11.132974 11132.974084 4.463297
 92.000000 0.456665 9.024836 9024.836431 3.618128
 94.000000 0.305708 0.381050 381.049811 0.152766
 96.000000 0.299316 0.266497 266.497375 0.106841
 98.000000 0.255709 0.030016 30.015787 0.012034
 100.000000 0.289548 0.130888 130.887738 0.052474
 102.000000 0.258653 0.016056 16.055877 0.006437
 104.000000 0.285975 0.093200 93.200150 0.037365
 106.000000 0.286362 0.096974 96.974046 0.038878
 108.000000 0.254532 0.036814 36.813560 0.014759
 110.000000 0.281011 0.051440 51.439645 0.020623
 112.000000 0.282100 0.059547 59.547185 0.023873
 114.000000 0.269362 0.001816 1.816444 0.000728
 116.000000 0.278252 0.033557 33.556649 0.013453
 118.000000 0.298721 0.256876 256.875898 0.102984
 120.000000 0.263480 0.002539 2.539240 0.001018
 122.000000 0.263773 0.002094 2.093550 0.000839
 124.000000 0.287867 0.112368 112.368074 0.045049
 126.000000 0.301450 0.302471 302.471313 0.121263
 128.000000 0.308297 0.433268 433.268231 0.173701
 130.000000 0.281827 0.057460 57.459905 0.023036
 132.000000 0.271216 0.005174 5.174358 0.002074
 134.000000 0.294706 0.196551 196.550659 0.078799
 136.000000 0.270660 0.003986 3.985687 0.001598
 138.000000 0.258116 0.018277 18.277426 0.007328
 140.000000 0.303784 0.344416 344.416335 0.138079
 142.000000 0.271209 0.005158 5.158243 0.002068
 144.000000 0.276323 0.023312 23.312066 0.009346
 146.000000 0.243403 0.135303 135.303242 0.054244
 148.000000 0.247721 0.089731 89.731088 0.035974
 150.000000 0.288340 0.117438 117.438085 0.047082
 152.000000 0.450786 8.474974 8474.973716 3.397684
 154.000000 0.479733 11.349359 11349.359187 4.550047
 156.000000 0.490887 12.568659 12568.658775 5.038874
 158.000000 0.488399 12.291300 12291.299932 4.927679
 160.000000 0.405353 4.808443 4808.443337 1.927743
 162.000000 0.325169 0.855616 855.616365 0.343023
 164.000000 0.283886 0.074126 74.126235 0.029718
 166.000000 0.242359 0.147722 147.721692 0.059223
 168.000000 0.275916 0.021389 21.389085 0.008575
 170.000000 0.250774 0.063148 63.147814 0.025316
 172.000000 0.270780 0.004229 4.228996 0.001695
 174.000000 0.255095 0.033473 33.473415 0.013420
 176.000000 0.250768 0.063193 63.192999 0.025335
 178.000000 0.281489 0.054927 54.927042 0.022021
 180.000000 0.272076 0.007314 7.313887 0.002932
 182.000000 0.289698 0.132609 132.608563 0.053164
 184.000000 0.284247 0.077266 77.266435 0.030977
 186.000000 0.270048 0.002858 2.858415 0.001146
 188.000000 0.260809 0.008577 8.576883 0.003439
 190.000000 0.303189 0.333476 333.475813 0.133693
 192.000000 0.270926 0.004536 4.535505 0.001818
 194.000000 0.270602 0.003872 3.871610 0.001552
 196.000000 0.313906 0.557900 557.899960 0.223666
 198.000000 0.276560 0.024472 24.471720 0.009811
 200.000000 0.287782 0.111460 111.459834 0.044685
 202.000000 0.305399 0.375057 375.056875 0.150363
 204.000000 0.255013 0.033952 33.951660 0.013611
 206.000000 0.269134 0.001522 1.521600 0.000610
 208.000000 0.277907 0.031588 31.588042 0.012664
 210.000000 0.242456 0.146538 146.538333 0.058748
 212.000000 0.284023 0.075310 75.310445 0.030193
 214.000000 0.329199 0.977561 977.560685 0.391912
 216.000000 0.301477 0.302943 302.942720 0.121452
 218.000000 0.261436 0.006840 6.839892 0.002742
 220.000000 0.312055 0.515026 515.026337 0.206478
 222.000000 0.274182 0.014119 14.119299 0.005661
 224.000000 0.295066 0.201634 201.633614 0.080837
 226.000000 0.295784 0.211957 211.957460 0.084975
 228.000000 0.252013 0.053681 53.680709 0.021521
 230.000000 0.272223 0.007717 7.716871 0.003094
 232.000000 0.259228 0.013835 13.834618 0.005546
 234.000000 0.267256 0.000087 0.086819 0.000035
 236.000000 0.261191 0.007494 7.494449 0.003005
 238.000000 0.276434 0.023849 23.848798 0.009561
 240.000000 0.302600 0.322810 322.809977 0.129417
 242.000000 0.441948 7.680905 7680.905231 3.079335
 244.000000 0.423622 6.158706 6158.705603 2.469074
 246.000000 0.262847 0.003648 3.648039 0.001463
 248.000000 0.236667 0.224999 224.999206 0.090204
 250.000000 0.259167 0.014060 14.059909 0.005637
 252.000000 0.275533 0.019654 19.654292 0.007880
 254.000000 0.283825 0.073602 73.602229 0.029508
 256.000000 0.283399 0.069994 69.993638 0.028061
 258.000000 0.260565 0.009309 9.309069 0.003732
 260.000000 0.384568 3.475175 3475.174501 1.393225
 262.000000 0.335469 1.183431 1183.431440 0.474447
 264.000000 0.277870 0.031377 31.376540 0.012579
 266.000000 0.248215 0.085120 85.119673 0.034125
 268.000000 0.309120 0.450570 450.569551 0.180637
 270.000000 0.292077 0.161426 161.425998 0.064717
 272.000000 0.266638 0.000000 0.000212 0.000000
 274.000000 0.271265 0.005285 5.285486 0.002119
 276.000000 0.261653 0.006284 6.284237 0.002519
 278.000000 0.269736 0.002355 2.354675 0.000944
 280.000000 0.262280 0.004810 4.810466 0.001929
 282.000000 0.264849 0.000826 0.826149 0.000331
 284.000000 0.267583 0.000210 0.209890 0.000084
 286.000000 0.253078 0.046166 46.166251 0.018508
 288.000000 0.294876 0.198935 198.934843 0.079755
 290.000000 0.346486 1.592789 1592.788868 0.638562
 292.000000 0.311244 0.496790 496.789958 0.199167
 294.000000 0.288155 0.115440 115.440037 0.046281
 296.000000 0.271013 0.004723 4.723240 0.001894
 298.000000 0.252492 0.050227 50.227188 0.020136
 300.000000 0.415898 5.567462 5567.461847 2.232039
 302.000000 0.299974 0.277346 277.346482 0.111190
 304.000000 0.267818 0.000332 0.331672 0.000133
 306.000000 0.271312 0.005394 5.393907 0.002162
 308.000000 0.296245 0.218715 218.715071 0.087685
 310.000000 0.253078 0.046166 46.165723 0.018508
 312.000000 0.257800 0.019655 19.654946 0.007880
 314.000000 0.264474 0.001202 1.201578 0.000482
 316.000000 0.263168 0.003060 3.059888 0.001227
 318.000000 0.257392 0.021507 21.507035 0.008622
 320.000000 0.291708 0.156770 156.770463 0.062851
 322.000000 0.276191 0.022680 22.679606 0.009092
 324.000000 0.265019 0.000678 0.678330 0.000272
 326.000000 0.275240 0.018377 18.376737 0.007367
 328.000000 0.271812 0.006618 6.618495 0.002653
 330.000000 0.272414 0.008258 8.257573 0.003311
 332.000000 0.282907 0.065935 65.934526 0.026434
 334.000000 0.362468 2.294486 2294.486320 0.919878
 336.000000 0.269527 0.002045 2.045345 0.000820
 338.000000 0.294308 0.191016 191.016245 0.076580
 340.000000 0.289382 0.128998 128.997916 0.051716
 342.000000 0.334453 1.148760 1148.759683 0.460547
 344.000000 0.278675 0.036048 36.048077 0.014452
 346.000000 0.273341 0.011138 11.138227 0.004465
 348.000000 0.306430 0.395274 395.273632 0.158468
 350.000000 0.355928 1.991912 1991.911532 0.798573
 352.000000 0.258749 0.015671 15.670532 0.006282
 354.000000 0.271349 0.005480 5.480203 0.002197
 356.000000 0.266593 0.000001 0.001353 0.000001
 358.000000 0.260056 0.010924 10.924432 0.004380
 360.000000 0.252561 0.049744 49.744016 0.019943
 362.000000 0.289167 0.126571 126.570947 0.050743
 364.000000 0.278491 0.034953 34.952959 0.014013
 366.000000 0.278099 0.032673 32.672589 0.013099
 368.000000 0.266196 0.000055 0.055460 0.000022
 370.000000 0.300522 0.286551 286.551183 0.114881
 372.000000 0.291848 0.158519 158.519270 0.063552
 374.000000 0.278597 0.035584 35.584403 0.014266
 376.000000 0.258585 0.016327 16.326624 0.006545
 378.000000 0.268126 0.000533 0.532703 0.000214
 380.000000 0.277081 0.027116 27.116191 0.010871
 382.000000 0.273838 0.012856 12.855650 0.005154
 384.000000 0.281953 0.058422 58.421503 0.023422
 386.000000 0.268308 0.000673 0.673291 0.000270
 388.000000 0.303677 0.342448 342.448165 0.137290
 390.000000 0.268986 0.001345 1.344726 0.000539
 392.000000 0.269540 0.002064 2.063708 0.000827
 394.000000 0.263737 0.002146 2.145541 0.000860
 396.000000 0.260035 0.010995 10.994564 0.004408
 398.000000 0.264929 0.000755 0.755077 0.000303
 400.000000 0.269895 0.002606 2.605783 0.001045
 402.000000 0.291331 0.152079 152.078710 0.060970
 404.000000 0.262629 0.004077 4.076581 0.001634
 406.000000 0.315938 0.606916 606.916107 0.243317
 408.000000 0.281116 0.052196 52.195975 0.020926
 410.000000 0.365217 2.428046 2428.046433 0.973423
 412.000000 0.263214 0.002980 2.979996 0.001195
 414.000000 0.310337 0.476785 476.785129 0.191147
 416.000000 0.270285 0.003273 3.272820 0.001312
 418.000000 0.292153 0.162390 162.390148 0.065103
 420.000000 0.280631 0.048748 48.748078 0.019543
 422.000000 0.268939 0.001291 1.291215 0.000518
 424.000000 0.260862 0.008423 8.423394 0.003377
 426.000000 0.282999 0.066685 66.684708 0.026734
 428.000000 0.272465 0.008405 8.405170 0.003370
 430.000000 0.279120 0.038770 38.769823 0.015543
 432.000000 0.268434 0.000781 0.781268 0.000313
 434.000000 0.282914 0.065991 65.990696 0.026456
 436.000000 0.282186 0.060212 60.212331 0.024140
 438.000000 0.293013 0.173532 173.532435 0.069571
 440.000000 0.274276 0.014475 14.474532 0.005803
 442.000000 0.290529 0.142357 142.357070 0.057072
 444.000000 0.320910 0.735574 735.574133 0.294897
 446.000000 0.315343 0.592335 592.335070 0.237472
 448.000000 0.258759 0.015635 15.634759 0.006268
 450.000000 0.264425 0.001256 1.256339 0.000504
 452.000000 0.260662 0.009014 9.013518 0.003614
 454.000000 0.272299 0.007930 7.930404 0.003179
 456.000000 0.289772 0.133465 133.465227 0.053507
 458.000000 0.283538 0.071162 71.162385 0.028530
 460.000000 0.271423 0.005657 5.656865 0.002268
 462.000000 0.271525 0.005902 5.901662 0.002366
 464.000000 0.271139 0.005001 5.001092 0.002005
 466.000000 0.249509 0.073600 73.600127 0.029507
 468.000000 0.312493 0.525012 525.011916 0.210481
 470.000000 0.262082 0.005255 5.254659 0.002107
 472.000000 0.376023 2.989699 2989.698569 1.198594
 474.000000 0.276281 0.023109 23.109340 0.009265
 476.000000 0.303244 0.334481 334.481411 0.134096
 478.000000 0.425789 6.330008 6330.007918 2.537750
 480.000000 0.313295 0.543554 543.554390 0.217915
 482.000000 0.275070 0.017655 17.655193 0.007078
 484.000000 0.292921 0.172316 172.316427 0.069083
 486.000000 0.396764 4.231355 4231.355009 1.696384
 488.000000 0.439614 7.477724 7477.724107 2.997878
 490.000000 0.261213 0.007436 7.435523 0.002981
 492.000000 0.251815 0.055144 55.143980 0.022108
 494.000000 0.277133 0.027385 27.384624 0.010979
 496.000000 0.300116 0.279722 279.722213 0.112143
 498.000000 0.271293 0.005350 5.350388 0.002145
 500.000000 0.309526 0.459231 459.231094 0.184109
 502.000000 0.272893 0.009692 9.692381 0.003886
 504.000000 0.250959 0.061682 61.682425 0.024729
 506.000000 0.295131 0.202550 202.550221 0.081204
 508.000000 0.309401 0.456563 456.562706 0.183040
 510.000000 0.252552 0.049807 49.806782 0.019968
 512.000000 0.271876 0.006783 6.783344 0.002719
 514.000000 0.326103 0.883174 883.174127 0.354071
 516.000000 0.273330 0.011100 11.100087 0.004450
 518.000000 0.282138 0.059837 59.837157 0.023989
 520.000000 0.296440 0.221611 221.610536 0.088845
 522.000000 0.245650 0.110425 110.424538 0.044270
 524.000000 0.268064 0.000488 0.488244 0.000196
 526.000000 0.281525 0.055190 55.189601 0.022126
 528.000000 0.262274 0.004824 4.824005 0.001934
 530.000000 0.297546 0.238378 238.377664 0.095567
 532.000000 0.275993 0.021746 21.746271 0.008718
 534.000000 0.258234 0.017777 17.777481 0.007127
 536.000000 0.300491 0.286028 286.027923 0.114671
 538.000000 0.282993 0.066641 66.640982 0.026717
 540.000000 0.289249 0.127494 127.494406 0.051114
 542.000000 0.280162 0.045532 45.531683 0.018254
 544.000000 0.314020 0.560587 560.586787 0.224744
 546.000000 0.268838 0.001179 1.178819 0.000473
 548.000000 0.268693 0.001026 1.026069 0.000411
 550.000000 0.259715 0.012082 12.081725 0.004844
 552.000000 0.292333 0.164695 164.695123 0.066028
 554.000000 0.257060 0.023070 23.069676 0.009249
 556.000000 0.299702 0.272838 272.838334 0.109383
 558.000000 0.299239 0.265242 265.241755 0.106338
 560.000000 0.277987 0.032037 32.036560 0.012844
 562.000000 0.266898 0.000013 0.013341 0.000005
 564.000000 0.526330 16.856239 16856.238928 6.757799
 566.000000 0.270744 0.004156 4.155644 0.001666
 568.000000 0.277651 0.030166 30.166119 0.012094
 570.000000 0.284088 0.075879 75.879149 0.030421
 572.000000 0.315228 0.589548 589.547808 0.236354
 574.000000 0.305249 0.372140 372.140066 0.149194
 576.000000 0.278851 0.037113 37.112956 0.014879
 578.000000 0.288233 0.116273 116.272929 0.046615
 580.000000 0.295080 0.201834 201.833632 0.080917
 582.000000 0.279530 0.041364 41.364301 0.016583
 584.000000 0.314707 0.576963 576.963222 0.231309
 586.000000 0.287852 0.112210 112.209626 0.044986
 588.000000 0.307998 0.427078 427.078342 0.171219
 590.000000 0.262956 0.003443 3.443121 0.001380
 592.000000 0.267924 0.000395 0.394999 0.000158
 594.000000 0.252559 0.049759 49.758777 0.019949
 596.000000 0.283425 0.070207 70.207105 0.028147
 598.000000 0.287523 0.108748 108.747617 0.043598
 600.000000 0.294823 0.198188 198.188385 0.079455
 602.000000 0.351671 1.806415 1806.415221 0.724206
 604.000000 0.263691 0.002214 2.213585 0.000887
 606.000000 0.283215 0.068463 68.462745 0.027447
 608.000000 0.312966 0.535905 535.905307 0.214849
 610.000000 0.273185 0.010623 10.623379 0.004259
 612.000000 0.267537 0.000189 0.189430 0.000076
 614.000000 0.276169 0.022575 22.575366 0.009051
 616.000000 0.308404 0.435491 435.491311 0.174592
 618.000000 0.259267 0.013688 13.688098 0.005488
 620.000000 0.289342 0.128541 128.540592 0.051533
 622.000000 0.283062 0.067202 67.202160 0.026942
 624.000000 0.269716 0.002325 2.324920 0.000932
 626.000000 0.253014 0.046600 46.599701 0.018682
 628.000000 0.294458 0.193094 193.093857 0.077413
 630.000000 0.290072 0.136952 136.951890 0.054905
 632.000000 0.256964 0.023537 23.537241 0.009436
 634.000000 0.289334 0.128448 128.448070 0.051496
 636.000000 0.251873 0.054716 54.715849 0.021936
 638.000000 0.251563 0.057030 57.030254 0.022864
 640.000000 0.271527 0.005906 5.905507 0.002368
 642.000000 0.286607 0.099404 99.403766 0.039852
 644.000000 0.249905 0.070237 70.237021 0.028159
 646.000000 0.275160 0.018034 18.033699 0.007230
 648.000000 0.280133 0.045337 45.337303 0.018176
 650.000000 0.267156 0.000060 0.059857 0.000024
 652.000000 0.248895 0.078961 78.961466 0.031656
 654.000000 0.262175 0.005045 5.044706 0.002022
 656.000000 0.254566 0.036608 36.607786 0.014676
 658.000000 0.267749 0.000293 0.292662 0.000117
 660.000000 0.241981 0.152351 152.351139 0.061079
 662.000000 0.306005 0.386873 386.873194 0.155101
 664.000000 0.254096 0.039507 39.506699 0.015839
 666.000000 0.285108 0.085018 85.018093 0.034084
 668.000000 0.298486 0.253114 253.114481 0.101476
 670.000000 0.353124 1.868723 1868.722629 0.749186
 672.000000 0.253130 0.045812 45.812337 0.018367
 674.000000 0.253126 0.045841 45.840629 0.018378
 676.000000 0.254731 0.035615 35.615020 0.014278
 678.000000 0.293372 0.178293 178.293240 0.071479
 680.000000 0.278573 0.035440 35.439608 0.014208
 682.000000 0.253560 0.042947 42.946602 0.017218
 684.000000 0.268598 0.000933 0.932952 0.000374
 686.000000 0.279842 0.043398 43.397766 0.017399
 688.000000 0.290414 0.140985 140.985067 0.056522
 690.000000 0.368034 2.568823 2568.822803 1.029861
 692.000000 0.297226 0.233470 233.470112 0.093600
 694.000000 0.316962 0.632412 632.412290 0.253539
 696.000000 0.272555 0.008667 8.667020 0.003475
 698.000000 0.269810 0.002471 2.470737 0.000991
 700.000000 0.273663 0.012238 12.238186 0.004906
 702.000000 0.249676 0.072172 72.171714 0.028934
 704.000000 0.265303 0.000465 0.465004 0.000186
 706.000000 0.281550 0.055377 55.377045 0.022201
 708.000000 0.270291 0.003284 3.284333 0.001317
 710.000000 0.268560 0.000897 0.896647 0.000359
 712.000000 0.254184 0.038952 38.951713 0.015616
 714.000000 0.292275 0.163945 163.945079 0.065727
 716.000000 0.274787 0.016484 16.483530 0.006608
 718.000000 0.268207 0.000594 0.593535 0.000238
 720.000000 0.298618 0.255223 255.223194 0.102321
 722.000000 0.257189 0.022457 22.457027 0.009003
 724.000000 0.293660 0.182162 182.162295 0.073030
 726.000000 0.253017 0.046578 46.577830 0.018673
 728.000000 0.295836 0.212717 212.717123 0.085280
 730.000000 0.254495 0.037038 37.037530 0.014849
 732.000000 0.261658 0.006273 6.272508 0.002515
 734.000000 0.258698 0.015877 15.876901 0.006365
 736.000000 0.327599 0.928189 928.189160 0.372118
 738.000000 0.275308 0.018668 18.667751 0.007484
 740.000000 0.257950 0.018996 18.996254 0.007616
 742.000000 0.268959 0.001314 1.314070 0.000527
 744.000000 0.280796 0.049908 49.907589 0.020008
 746.000000 0.314535 0.572835 572.835104 0.229654
 748.000000 0.393120 3.997594 3997.594077 1.602667
 750.000000 0.515193 15.441308 15441.308275 6.190542
 752.000000 0.469937 10.329723 10329.723255 4.141267
 754.000000 0.443876 7.850763 7850.763013 3.147433
 756.000000 0.277872 0.031390 31.390075 0.012585
 758.000000 0.295782 0.211922 211.921942 0.084961
 760.000000 0.249269 0.075670 75.670136 0.030337
 762.000000 0.275299 0.018631 18.631377 0.007469
 764.000000 0.254697 0.035820 35.819880 0.014360
 766.000000 0.253547 0.043031 43.030771 0.017251
 768.000000 0.290347 0.140195 140.195408 0.056205
 770.000000 0.245418 0.112872 112.871776 0.045251
 772.000000 0.281890 0.057935 57.934923 0.023227
 774.000000 0.279868 0.043569 43.568995 0.017467
 776.000000 0.304099 0.350301 350.301363 0.140439
 778.000000 0.278654 0.035924 35.924114 0.014402
 780.000000 0.273876 0.012995 12.995227 0.005210
 782.000000 0.263944 0.001853 1.852858 0.000743
 784.000000 0.254720 0.035679 35.679179 0.014304
 786.000000 0.254781 0.035319 35.318533 0.014159
 788.000000 0.305913 0.385061 385.061289 0.154374
 790.000000 0.280916 0.050758 50.757587 0.020349
 792.000000 0.279935 0.044013 44.013328 0.017645
 794.000000 0.269242 0.001658 1.657747 0.000665
 796.000000 0.240807 0.167181 167.180686 0.067024
 798.000000 0.258462 0.016830 16.830371 0.006747
 800.000000 0.316645 0.624447 624.446548 0.250346
 802.000000 0.280378 0.047000 46.999543 0.018842
 804.000000 0.253835 0.041163 41.162589 0.016502
 806.000000 0.258200 0.017920 17.920025 0.007184
 808.000000 0.306523 0.397123 397.123491 0.159210
 810.000000 0.270903 0.004487 4.486758 0.001799
 812.000000 0.276160 0.022532 22.532290 0.009033
 814.000000 0.265613 0.000277 0.277486 0.000111
 816.000000 0.260011 0.011075 11.074886 0.004440
 818.000000 0.271800 0.006588 6.588463 0.002641
 820.000000 0.272355 0.008090 8.090058 0.003243
 822.000000 0.287509 0.108600 108.600136 0.043539
 824.000000 0.260016 0.011057 11.057367 0.004433
 826.000000 0.282098 0.059531 59.531454 0.023867
 828.000000 0.308091 0.429000 428.999618 0.171989
 830.000000 0.266980 0.000025 0.024533 0.000010
 832.000000 0.293344 0.177923 177.923068 0.071331
 834.000000 0.266147 0.000067 0.067472 0.000027
 836.000000 0.277822 0.031108 31.108181 0.012472
 838.000000 0.294050 0.187465 187.465243 0.075156
 840.000000 0.302489 0.320810 320.809982 0.128615
 842.000000 0.474647 10.813932 10813.931614 4.335390
 844.000000 0.496143 13.164850 13164.850067 5.277892
 846.000000 0.493585 12.873034 12873.033823 5.160901
 848.000000 0.448423 8.258819 8258.819252 3.311026
 850.000000 0.252272 0.051801 51.800865 0.020767
 852.000000 0.268148 0.000548 0.548459 0.000220
 854.000000 0.358549 2.110603 2110.602746 0.846157
 856.000000 0.293037 0.173843 173.843376 0.069695
 858.000000 0.278153 0.032983 32.983265 0.013223
 860.000000 0.270955 0.004597 4.596722 0.001843
 862.000000 0.268857 0.001200 1.199795 0.000481
 864.000000 0.284870 0.082844 82.843816 0.033213
 866.000000 0.264223 0.001493 1.493403 0.000599
 868.000000 0.264778 0.000892 0.891554 0.000357
 870.000000 0.289043 0.125175 125.174534 0.050183
 872.000000 0.271663 0.006241 6.240558 0.002502
 874.000000 0.279745 0.042760 42.760478 0.017143
 876.000000 0.293899 0.185394 185.394418 0.074326
 878.000000 0.271847 0.006710 6.710019 0.002690
 880.000000 0.317441 0.644506 644.505501 0.258387
 882.000000 0.298552 0.254175 254.174836 0.101901
 884.000000 0.329688 0.992935 992.935474 0.398076
 886.000000 0.438956 7.420909 7420.908606 2.975101
 888.000000 0.389625 3.779711 3779.710661 1.515316
 890.000000 0.449578 8.364172 8364.172230 3.353263
 892.000000 0.432636 6.886466 6886.466315 2.760839
 894.000000 0.477998 11.165190 11165.189742 4.476212
 896.000000 0.498395 13.424534 13424.534469 5.382002
 898.000000 0.498206 13.402619 13402.619223 5.373216
 900.000000 0.397120 4.254494 4254.493721 1.705660
 902.000000 0.428911 6.580846 6580.846425 2.638313
 904.000000 0.319300 0.692570 692.569727 0.277657
 906.000000 0.252040 0.053488 53.488113 0.021444
 908.000000 0.278607 0.035642 35.641722 0.014289
 910.000000 0.262516 0.004307 4.306796 0.001727
 912.000000 0.315995 0.608309 608.309235 0.243876
 914.000000 0.279341 0.040159 40.159194 0.016100
 916.000000 0.304947 0.366341 366.341351 0.146869
 918.000000 0.415693 5.552190 5552.189996 2.225917
 920.000000 0.442134 7.697153 7697.153219 3.085849
 922.000000 0.403386 4.673029 4673.029338 1.873454
 924.000000 0.467395 10.072927 10072.927405 4.038316
 926.000000 0.470141 10.350472 10350.471983 4.149586
 928.000000 0.431538 6.795671 6795.670762 2.724438
 930.000000 0.472320 10.573298 10573.297624 4.238918
 932.000000 0.454115 8.784193 8784.192628 3.521652
 934.000000 0.415238 5.518361 5518.361429 2.212355
 936.000000 0.332307 1.077180 1077.179532 0.431850
 938.000000 0.261432 0.006851 6.850655 0.002746
 940.000000 0.273093 0.010324 10.323866 0.004139
 942.000000 0.303657 0.342071 342.070897 0.137139
 944.000000 0.258834 0.015338 15.338352 0.006149
 946.000000 0.273660 0.012226 12.225982 0.004901
 948.000000 0.292604 0.168191 168.191250 0.067429
 950.000000 0.268742 0.001077 1.076544 0.000432
 952.000000 0.268988 0.001348 1.347631 0.000540
 954.000000 0.317349 0.642173 642.173084 0.257452
 956.000000 0.260903 0.008304 8.303875 0.003329
 958.000000 0.268060 0.000485 0.485319 0.000195
 960.000000 0.345397 1.549618 1549.618240 0.621254
 962.000000 0.252863 0.047635 47.635030 0.019097
 964.000000 0.286819 0.101525 101.525380 0.040702
 966.000000 0.297730 0.241230 241.229588 0.096711
 968.000000 0.282023 0.058955 58.954907 0.023635
 970.000000 0.270757 0.004182 4.182289 0.001677
 972.000000 0.281795 0.057220 57.219915 0.022940
 974.000000 0.326529 0.895887 895.887421 0.359168
 976.000000 0.280508 0.047895 47.895010 0.019201
 978.000000 0.270593 0.003854 3.853556 0.001545
 980.000000 0.267601 0.000218 0.218278 0.000088
 982.000000 0.282386 0.061775 61.774951 0.024766
 984.000000 0.279678 0.042327 42.326623 0.016969
 986.000000 0.396288 4.200438 4200.437505 1.683988
 988.000000 0.479190 11.291511 11291.511083 4.526856
 990.000000 0.473311 10.675507 10675.506524 4.279895
 992.000000 0.448157 8.234659 8234.659481 3.301340
 994.000000 0.370975 2.720056 2720.056464 1.090492
 996.000000 0.480271 11.406738 11406.738311 4.573051
 998.000000 0.472275 10.568655 10568.654816 4.237057
 1000.000000 0.458817 9.230406 9230.406366 3.700543
 1002.000000 0.435765 7.148590 7148.589991 2.865926
 1004.000000 0.431582 6.799232 6799.231812 2.725866
 1006.000000 0.295809 0.212322 212.321684 0.085121
 1008.000000 0.273963 0.013308 13.307933 0.005335
 1010.000000 0.260672 0.008985 8.984803 0.003602
 1012.000000 0.264397 0.001288 1.288277 0.000516
 1014.000000 0.268721 0.001055 1.054778 0.000423
 1016.000000 0.254871 0.034783 34.783049 0.013945
 1018.000000 0.270139 0.003015 3.015093 0.001209
 1020.000000 0.261566 0.006504 6.503983 0.002607
 1022.000000 0.267987 0.000436 0.435726 0.000175
 1024.000000 0.276099 0.022241 22.240900 0.008917
 1026.000000 0.257428 0.021337 21.337211 0.008554
 1028.000000 0.266645 0.000000 0.000118 0.000000
 1030.000000 0.256893 0.023881 23.881253 0.009574
 1032.000000 0.275199 0.018198 18.198224 0.007296
 1034.000000 0.270804 0.004280 4.279868 0.001716
 1036.000000 0.289269 0.127719 127.718996 0.051204
 1038.000000 0.273131 0.010447 10.446962 0.004188
 1040.000000 0.258129 0.018222 18.221846 0.007305
 1042.000000 0.279381 0.040416 40.416162 0.016203
 1044.000000 0.298562 0.254334 254.333995 0.101965
 1046.000000 0.318090 0.661091 661.091118 0.265037
 1048.000000 0.271938 0.006945 6.945452 0.002784
 1050.000000 0.446655 8.098927 8098.926863 3.246924
 1052.000000 0.540421 18.735321 18735.321112 7.511138
 1054.000000 0.449295 8.338283 8338.283489 3.342884
 1056.000000 0.319760 0.704724 704.723759 0.282529
 1058.000000 0.271728 0.006405 6.405064 0.002568
 1060.000000 0.267987 0.000436 0.435966 0.000175
 1062.000000 0.256598 0.025346 25.346238 0.010162
 1064.000000 0.268532 0.000870 0.870117 0.000349
 1066.000000 0.286434 0.097691 97.691241 0.039165
 1068.000000 0.265926 0.000137 0.137213 0.000055
 1070.000000 0.329792 0.996203 996.203369 0.399386
 1072.000000 0.254045 0.039825 39.825348 0.015966
 1074.000000 0.264291 0.001411 1.410594 0.000566
 1076.000000 0.287966 0.113412 113.411618 0.045468
 1078.000000 0.293563 0.180859 180.858931 0.072508
 1080.000000 0.274862 0.016791 16.790577 0.006731
 1082.000000 0.294228 0.189911 189.911187 0.076137
 1084.000000 0.261949 0.005565 5.565240 0.002231
 1086.000000 0.261366 0.007024 7.023864 0.002816
 1088.000000 0.274760 0.016376 16.375624 0.006565
 1090.000000 0.263045 0.003278 3.278241 0.001314
 1092.000000 0.253599 0.042691 42.690925 0.017115
 1094.000000 0.269166 0.001562 1.561632 0.000626
 1096.000000 0.283652 0.072123 72.122886 0.028915
 1098.000000 0.344282 1.506020 1506.020093 0.603775
 1100.000000 0.262698 0.003937 3.936809 0.001578
 1102.000000 0.300484 0.285901 285.900826 0.114620
 1104.000000 0.269723 0.002335 2.335259 0.000936
 1106.000000 0.288729 0.121684 121.683931 0.048784
 1108.000000 0.303171 0.333133 333.133466 0.133556
 1110.000000 0.290528 0.142336 142.335711 0.057064
 1112.000000 0.285239 0.086236 86.235836 0.034573
 1114.000000 0.273208 0.010698 10.698475 0.004289
 1116.000000 0.253183 0.045451 45.450981 0.018222
 1118.000000 0.258156 0.018110 18.109793 0.007260
 1120.000000 0.262687 0.003959 3.958670 0.001587
 1122.000000 0.276542 0.024381 24.380521 0.009774
 1124.000000 0.317298 0.640877 640.877477 0.256933
 1126.000000 0.273180 0.010605 10.605018 0.004252
 1128.000000 0.269652 0.002228 2.228198 0.000893
 1130.000000 0.314773 0.578552 578.551854 0.231946
 1132.000000 0.277641 0.030109 30.109318 0.012071
 1134.000000 0.289303 0.128104 128.104013 0.051358
 1136.000000 0.284416 0.078759 78.758881 0.031575
 1138.000000 0.273373 0.011244 11.244429 0.004508
 1140.000000 0.275613 0.020011 20.011140 0.008023
 1142.000000 0.371001 2.721430 2721.429721 1.091043
 1144.000000 0.247945 0.087622 87.622013 0.035128
 1146.000000 0.245947 0.107324 107.323797 0.043027
 1148.000000 0.277372 0.028651 28.651137 0.011486
 1150.000000 0.299308 0.266359 266.358949 0.106785
 1152.000000 0.290134 0.137682 137.681564 0.055198
 1154.000000 0.283754 0.072994 72.993749 0.029264
 1156.000000 0.265373 0.000418 0.418331 0.000168
 1158.000000 0.260784 0.008652 8.652238 0.003469
 1160.000000 0.278520 0.035128 35.128180 0.014083
 1162.000000 0.319316 0.692982 692.981702 0.277822
 1164.000000 0.270656 0.003979 3.978667 0.001595
 1166.000000 0.306828 0.403236 403.235736 0.161660
 1168.000000 0.262674 0.003984 3.984459 0.001597
 1170.000000 0.266744 0.000001 0.001485 0.000001
 1172.000000 0.292105 0.161783 161.782921 0.064860
 1174.000000 0.270560 0.003790 3.790262 0.001520
 1176.000000 0.294851 0.198588 198.588368 0.079616
 1178.000000 0.260608 0.009178 9.178261 0.003680
 1180.000000 0.268448 0.000794 0.793659 0.000318
 1182.000000 0.279704 0.042496 42.495747 0.017037
 1184.000000 0.277182 0.027643 27.643495 0.011082
 1186.000000 0.270165 0.003060 3.060254 0.001227
 1188.000000 0.277483 0.029247 29.246859 0.011725
 1190.000000 0.258430 0.016960 16.960047 0.006799
 1192.000000 0.279337 0.040137 40.137085 0.016091
 1194.000000 0.281476 0.054829 54.828930 0.021981
 1196.000000 0.305091 0.369106 369.105821 0.147977
 1198.000000 0.275445 0.019266 19.266433 0.007724
 1200.000000 0.296970 0.229568 229.567983 0.092036
 1202.000000 0.267156 0.000060 0.059930 0.000024
 1204.000000 0.261896 0.005690 5.689900 0.002281
 1206.000000 0.281524 0.055189 55.188691 0.022126
 1208.000000 0.298570 0.254448 254.448254 0.102010
 1210.000000 0.288318 0.117191 117.190670 0.046983
 1212.000000 0.260376 0.009894 9.894353 0.003967
 1214.000000 0.269821 0.002488 2.487705 0.000997
 1216.000000 0.265253 0.000500 0.499534 0.000200
 1218.000000 0.327071 0.912166 912.166018 0.365695
 1220.000000 0.280200 0.045790 45.789527 0.018357
 1222.000000 0.256283 0.026953 26.952755 0.010806
 1224.000000 0.315556 0.597543 597.543296 0.239560
 1226.000000 0.308283 0.432972 432.971927 0.173582
 1228.000000 0.319610 0.700740 700.739628 0.280932
 1230.000000 0.270962 0.004613 4.612836 0.001849
 1232.000000 0.300473 0.285713 285.712547 0.114544
 1234.000000 0.273750 0.012544 12.544032 0.005029
 1236.000000 0.249667 0.072248 72.248268 0.028965
 1238.000000 0.266974 0.000024 0.023550 0.000009
 1240.000000 0.295337 0.205492 205.491708 0.082383
 1242.000000 0.260327 0.010048 10.048091 0.004028
 1244.000000 0.260343 0.009996 9.996466 0.004008
 1246.000000 0.280835 0.050189 50.188766 0.020121
 1248.000000 0.273290 0.010967 10.966999 0.004397
 1250.000000 0.254115 0.039389 39.388762 0.015791
 1252.000000 0.290175 0.138157 138.156803 0.055388
 1254.000000 0.267444 0.000151 0.150915 0.000061
 1256.000000 0.257986 0.018837 18.837148 0.007552
 1258.000000 0.264354 0.001337 1.336960 0.000536
 1260.000000 0.263789 0.002070 2.070181 0.000830
 1262.000000 0.270816 0.004303 4.303251 0.001725
 1264.000000 0.253962 0.040350 40.350310 0.016177
 1266.000000 0.276705 0.025193 25.193116 0.010100
 1268.000000 0.284253 0.077317 77.316532 0.030997
 1270.000000 0.266044 0.000097 0.096997 0.000039
 1272.000000 0.284052 0.075559 75.559111 0.030292
 1274.000000 0.297756 0.241641 241.640513 0.096876
 1276.000000 0.293574 0.181007 181.007446 0.072567
 1278.000000 0.301153 0.297331 297.331440 0.119203
 1280.000000 0.301528 0.303822 303.821831 0.121805
 1282.000000 0.286068 0.094103 94.103063 0.037727
 1284.000000 0.271547 0.005954 5.954042 0.002387
 1286.000000 0.291410 0.153063 153.062707 0.061364
 1288.000000 0.267500 0.000174 0.173729 0.000070
 1290.000000 0.263784 0.002077 2.076749 0.000833
 1292.000000 0.278486 0.034925 34.925426 0.014002
 1294.000000 0.318322 0.667060 667.060216 0.267430
 1296.000000 0.288833 0.122837 122.837476 0.049247
 1298.000000 0.261660 0.006266 6.266059 0.002512
 1300.000000 0.290975 0.147729 147.728995 0.059226
 1302.000000 0.253272 0.044852 44.851798 0.017981
 1304.000000 0.261011 0.007996 7.996430 0.003206
 1306.000000 0.303783 0.344408 344.407817 0.138076
 1308.000000 0.268904 0.001252 1.251529 0.000502
 1310.000000 0.285925 0.092719 92.718910 0.037172
 1312.000000 0.422036 6.034887 6034.887354 2.419434
 1314.000000 0.482588 11.655466 11655.465698 4.672768
 1316.000000 0.442794 7.755202 7755.202018 3.109122
 1318.000000 0.522174 16.321035 16321.035276 6.543232
 1320.000000 0.448547 8.270147 8270.146638 3.315567
 1322.000000 0.451877 8.575732 8575.732308 3.438079
 1324.000000 0.392268 3.943953 3943.952985 1.581162
 1326.000000 0.452221 8.607560 8607.559958 3.450839
 1328.000000 0.304966 0.366710 366.710101 0.147017
 1330.000000 0.309538 0.459480 459.480011 0.184209
 1332.000000 0.282646 0.063838 63.838142 0.025593
 1334.000000 0.246251 0.104202 104.201818 0.041775
 1336.000000 0.271827 0.006657 6.656867 0.002669
 1338.000000 0.266051 0.000095 0.094881 0.000038
 1340.000000 0.278579 0.035478 35.477682 0.014223
 1342.000000 0.264469 0.001207 1.207458 0.000484
 1344.000000 0.275580 0.019864 19.864042 0.007964
 1346.000000 0.260058 0.010917 10.917406 0.004377
 1348.000000 0.286557 0.098905 98.904551 0.039652
 1350.000000 0.267131 0.000054 0.053860 0.000022
 1352.000000 0.273652 0.012197 12.197472 0.004890
 1354.000000 0.263188 0.003025 3.025182 0.001213
 1356.000000 0.262462 0.004420 4.420489 0.001772
 1358.000000 0.285269 0.086516 86.515951 0.034685
 1360.000000 0.306085 0.388442 388.441878 0.155729
 1362.000000 0.368408 2.587823 2587.823429 1.037479
 1364.000000 0.404536 4.751996 4751.996431 1.905113
 1366.000000 0.269879 0.002579 2.579295 0.001034
 1368.000000 0.247206 0.094681 94.680508 0.037958
 1370.000000 0.287120 0.104582 104.581982 0.041928
 1372.000000 0.413512 5.390871 5390.870556 2.161242
 1374.000000 0.306415 0.394989 394.988951 0.158354
 1376.000000 0.292513 0.167002 167.002410 0.066953
 1378.000000 0.279237 0.039504 39.504052 0.015837
 1380.000000 0.267142 0.000056 0.056453 0.000023
 1382.000000 0.264979 0.000712 0.712429 0.000286
 1384.000000 0.283119 0.067670 67.669645 0.027129
 1386.000000 0.271987 0.007076 7.076366 0.002837
 1388.000000 0.283676 0.072329 72.328788 0.028997
 1390.000000 0.266603 0.000001 0.001014 0.000000
 1392.000000 0.321151 0.742140 742.140005 0.297530
 1394.000000 0.300859 0.292278 292.277855 0.117176
 1396.000000 0.270809 0.004290 4.290147 0.001720
 1398.000000 0.286176 0.095155 95.155069 0.038148
 1400.000000 0.256803 0.024324 24.323894 0.009752
 1402.000000 0.304570 0.359173 359.172709 0.143995
 1404.000000 0.440510 7.555404 7555.404092 3.029021
 1406.000000 0.452538 8.637010 8637.009705 3.462645
 1408.000000 0.487691 12.212945 12212.944515 4.896266
 1410.000000 0.475816 10.935834 10935.834346 4.384262
 1412.000000 0.476463 11.003668 11003.667893 4.411457
 1414.000000 0.515328 15.458110 15458.109743 6.197278
 1416.000000 0.432971 6.914269 6914.268940 2.771985
 1418.000000 0.424568 6.233202 6233.202204 2.498940
 1420.000000 0.498489 13.435387 13435.387032 5.386352
 1422.000000 0.423587 6.155975 6155.975315 2.467979
 1424.000000 0.439604 7.476820 7476.820483 2.997516
 1426.000000 0.401096 4.517817 4517.816511 1.811228
 1428.000000 0.453814 8.756018 8756.018482 3.510357
 1430.000000 0.389891 3.796085 3796.085185 1.521880
 1432.000000 0.439868 7.499644 7499.644458 3.006667
 1434.000000 0.485508 11.972898 11972.897727 4.800029
 1436.000000 0.488390 12.290261 12290.261207 4.927263
 1438.000000 0.502251 13.875032 13875.031711 5.562609
 1440.000000 0.470259 10.362423 10362.423336 4.154377
 1442.000000 0.491131 12.596070 12596.069907 5.049864
 1444.000000 0.509931 14.794425 14794.424636 5.931201
 1446.000000 0.519727 16.009929 16009.928916 6.418507
 1448.000000 0.473202 10.664216 10664.215901 4.275368
 1450.000000 0.482055 11.598021 11598.020886 4.649738
 1452.000000 0.463058 9.642420 9642.420023 3.865722
 1454.000000 0.322283 0.773282 773.281946 0.310015
 1456.000000 0.306161 0.389952 389.951611 0.156335
 1458.000000 0.325881 0.876583 876.583049 0.351429
 1460.000000 0.270129 0.002998 2.997741 0.001202
 1462.000000 0.308326 0.433877 433.876648 0.173945
 1464.000000 0.300258 0.282090 282.089777 0.113092
 1466.000000 0.301394 0.301494 301.494491 0.120872
 1468.000000 0.298226 0.249004 249.004183 0.099828
 1470.000000 0.267797 0.000320 0.319564 0.000128
 1472.000000 0.276082 0.022161 22.160881 0.008884
 1474.000000 0.286109 0.094499 94.499408 0.037886
 1476.000000 0.256946 0.023621 23.620750 0.009470
 1478.000000 0.261485 0.006712 6.711681 0.002691
 1480.000000 0.311347 0.499078 499.077854 0.200084
 1482.000000 0.279362 0.040291 40.291238 0.016153
 1484.000000 0.299133 0.263522 263.522266 0.105648
 1486.000000 0.317305 0.641054 641.053838 0.257004
 1488.000000 0.301843 0.309350 309.350163 0.124021
 1490.000000 0.276256 0.022990 22.990390 0.009217
 1492.000000 0.283000 0.066691 66.691003 0.026737
 1494.000000 0.253339 0.044404 44.404391 0.017802
 1496.000000 0.257048 0.023130 23.129719 0.009273
 1498.000000 0.260716 0.008853 8.852844 0.003549
 1500.000000 0.267373 0.000125 0.124565 0.000050
 1502.000000 0.279047 0.038315 38.315103 0.015361
 1504.000000 0.286047 0.093904 93.904145 0.037647
 1506.000000 0.248008 0.087041 87.040975 0.034895
 1508.000000 0.253892 0.040799 40.798527 0.016356
 1510.000000 0.304271 0.353531 353.530606 0.141733
 1512.000000 0.268024 0.000461 0.460708 0.000185
 1514.000000 0.394459 4.082743 4082.742668 1.636804
 1516.000000 0.495648 13.108118 13108.117573 5.255148
 1518.000000 0.463866 9.721849 9721.849485 3.897566
 1520.000000 0.482375 11.632484 11632.484283 4.663555
 1522.000000 0.475921 10.946856 10946.855767 4.388681
 1524.000000 0.414961 5.497815 5497.815468 2.204118
 1526.000000 0.409169 5.076702 5076.702245 2.035290
 1528.000000 0.524376 16.603575 16603.574757 6.656504
 1530.000000 0.477375 11.099528 11099.527718 4.449888
 1532.000000 0.498346 13.418886 13418.885697 5.379737
 1534.000000 0.276414 0.023753 23.752726 0.009523
 1536.000000 0.267235 0.000081 0.080809 0.000032
 1538.000000 0.261121 0.007688 7.687526 0.003082
 1540.000000 0.277095 0.027185 27.185181 0.010899
 1542.000000 0.266821 0.000006 0.005975 0.000002
 1544.000000 0.264098 0.001650 1.649763 0.000661
 1546.000000 0.287992 0.113694 113.694324 0.045581
 1548.000000 0.296165 0.217534 217.533915 0.087211
 1550.000000 0.247276 0.094002 94.002203 0.037686
 1552.000000 0.275917 0.021394 21.393944 0.008577
 1554.000000 0.315632 0.599412 599.411977 0.240309
 1556.000000 0.275236 0.018358 18.358245 0.007360
 1558.000000 0.379133 3.162144 3162.144270 1.267729
 1560.000000 0.345299 1.545744 1545.744254 0.619701
 1562.000000 0.277259 0.028049 28.048880 0.011245
 1564.000000 0.503581 14.032091 14032.091114 5.625576
 1566.000000 0.260487 0.009547 9.547182 0.003828
 1568.000000 0.250232 0.067528 67.527788 0.027072
 1570.000000 0.293462 0.179494 179.493778 0.071960
 1572.000000 0.244844 0.119052 119.052243 0.047729
 1574.000000 0.331268 1.043336 1043.336178 0.418282
 1576.000000 0.399698 4.424310 4424.309686 1.773741
 1578.000000 0.277810 0.031044 31.043510 0.012446
 1580.000000 0.279032 0.038225 38.224703 0.015325
 1582.000000 0.281016 0.051474 51.473811 0.020636
 1584.000000 0.314797 0.579142 579.142449 0.232183
 1586.000000 0.344161 1.501334 1501.333737 0.601897
 1588.000000 0.281709 0.056571 56.571278 0.022680
 1590.000000 0.284585 0.080269 80.269409 0.032181
 1592.000000 0.318224 0.664548 664.547966 0.266423
 1594.000000 0.278095 0.032653 32.653233 0.013091
 1596.000000 0.269045 0.001414 1.414457 0.000567
 1598.000000 0.272181 0.007602 7.601588 0.003048
 1600.000000 0.280306 0.046507 46.506554 0.018645
 1602.000000 0.306874 0.404157 404.156559 0.162030
 1604.000000 0.298904 0.259813 259.812734 0.104161
 1606.000000 0.264924 0.000759 0.758816 0.000304
 1608.000000 0.325226 0.857302 857.301622 0.343699
 1610.000000 0.270736 0.004140 4.139727 0.001660
 1612.000000 0.271520 0.005889 5.888612 0.002361
 1614.000000 0.274764 0.016393 16.393153 0.006572
 1616.000000 0.296016 0.215345 215.345489 0.086334
 1618.000000 0.247597 0.090918 90.917532 0.036450
 1620.000000 0.263389 0.002686 2.686271 0.001077
 1622.000000 0.259778 0.011863 11.862500 0.004756
 1624.000000 0.289768 0.133415 133.415159 0.053487
 1626.000000 0.266306 0.000033 0.032577 0.000013
 1628.000000 0.258608 0.016236 16.236289 0.006509
 1630.000000 0.265716 0.000226 0.225835 0.000091
 1632.000000 0.275376 0.018963 18.963212 0.007603
 1634.000000 0.254748 0.035511 35.511323 0.014237
 1636.000000 0.243793 0.130802 130.801801 0.052439
 1638.000000 0.296041 0.215718 215.718085 0.086483
 1640.000000 0.273181 0.010610 10.610086 0.004254
 1642.000000 0.298301 0.250178 250.177518 0.100298
 1644.000000 0.253711 0.041965 41.965127 0.016824
 1646.000000 0.289666 0.132243 132.243366 0.053017
 1648.000000 0.251555 0.057093 57.092837 0.022889
 1650.000000 0.266640 0.000000 0.000175 0.000000
 1652.000000 0.261921 0.005630 5.629857 0.002257
 1654.000000 0.261584 0.006457 6.457115 0.002589
 1656.000000 0.277595 0.029859 29.859221 0.011971
 1658.000000 0.260406 0.009799 9.799310 0.003929
 1660.000000 0.278837 0.037032 37.031818 0.014846
 1662.000000 0.267437 0.000149 0.148514 0.000060
 1664.000000 0.294592 0.194951 194.951030 0.078157
 1666.000000 0.268384 0.000737 0.737282 0.000296
 1668.000000 0.268322 0.000685 0.685396 0.000275
 1670.000000 0.259705 0.012115 12.114956 0.004857
 1672.000000 0.322721 0.785513 785.513099 0.314918
 1674.000000 0.276741 0.025371 25.370725 0.010171
 1676.000000 0.260840 0.008487 8.486641 0.003402
 1678.000000 0.273681 0.012300 12.300281 0.004931
 1680.000000 0.255662 0.030276 30.276322 0.012138
 1682.000000 0.261424 0.006872 6.872497 0.002755
 1684.000000 0.467359 10.069392 10069.392370 4.036899
 1686.000000 0.474053 10.752263 10752.262966 4.310667
 1688.000000 0.464372 9.771838 9771.838368 3.917607
 1690.000000 0.445768 8.019319 8019.318596 3.215008
 1692.000000 0.434879 7.073848 7073.848190 2.835961
 1694.000000 0.365672 2.450531 2450.530533 0.982437
 1696.000000 0.451566 8.546925 8546.925178 3.426530
 1698.000000 0.451260 8.518640 8518.640430 3.415190
 1700.000000 0.470866 10.424344 10424.344168 4.179202
 1702.000000 0.465168 9.850697 9850.697476 3.949222
 1704.000000 0.430020 6.671085 6671.084767 2.674490
 1706.000000 0.520735 16.137700 16137.699854 6.469731
 1708.000000 0.429585 6.635581 6635.580544 2.660256
 1710.000000 0.504383 14.127280 14127.280466 5.663738
 1712.000000 0.556350 20.979100 20979.099540 8.410686
 1714.000000 0.400854 4.501534 4501.533767 1.804700
 1716.000000 0.417712 5.703669 5703.669427 2.286646
 1718.000000 0.440886 7.588078 7588.077573 3.042120
 1720.000000 0.431214 6.768946 6768.945681 2.713724
 1722.000000 0.371086 2.725866 2725.866223 1.092821
 1724.000000 0.267013 0.000030 0.030023 0.000012
 1726.000000 0.283598 0.071671 71.670722 0.028733
 1728.000000 0.297725 0.241148 241.148166 0.096678
 1730.000000 0.301447 0.302421 302.420853 0.121243
 1732.000000 0.290320 0.139865 139.864564 0.056073
 1734.000000 0.291310 0.151826 151.826453 0.060868
 1736.000000 0.310221 0.474238 474.238349 0.190126
 1738.000000 0.295221 0.203832 203.831716 0.081718
 1740.000000 0.273022 0.010097 10.096772 0.004048
 1742.000000 0.275190 0.018164 18.163615 0.007282
 1744.000000 0.307077 0.408250 408.250289 0.163671
 1746.000000 0.262472 0.004398 4.398478 0.001763
 1748.000000 0.276984 0.026614 26.614210 0.010670
 1750.000000 0.247995 0.087160 87.160485 0.034943
 1752.000000 0.245625 0.110693 110.692997 0.044378
 1754.000000 0.266324 0.000029 0.029388 0.000012
 1756.000000 0.391935 3.923062 3923.062352 1.572787
 1758.000000 0.455585 8.922565 8922.565310 3.577127
 1760.000000 0.473688 10.714463 10714.462612 4.295512
 1762.000000 0.427020 6.428281 6428.281272 2.577149
 1764.000000 0.408244 5.011059 5011.059375 2.008973
 1766.000000 0.451108 8.504680 8504.679604 3.409593
 1768.000000 0.454415 8.812318 8812.318220 3.532928
 1770.000000 0.437499 7.295948 7295.948364 2.925003
 1772.000000 0.436049 7.172585 7172.585313 2.875546
 1774.000000 0.440661 7.568550 7568.549730 3.034291
 1776.000000 0.376611 3.021961 3021.961323 1.211528
 1778.000000 0.257711 0.020049 20.049346 0.008038
 1780.000000 0.259048 0.014509 14.509343 0.005817
 1782.000000 0.281509 0.055074 55.073592 0.022079
 1784.000000 0.262496 0.004348 4.347912 0.001743
 1786.000000 0.284436 0.078938 78.938472 0.031647
 1788.000000 0.278701 0.036207 36.207029 0.014516
 1790.000000 0.297733 0.241287 241.287016 0.096734
 1792.000000 0.276354 0.023460 23.459579 0.009405
 1794.000000 0.299879 0.275764 275.764381 0.110556
 1796.000000 0.269356 0.001809 1.808698 0.000725
 1798.000000 0.267113 0.000050 0.049708 0.000020
 1800.000000 0.286042 0.093850 93.850319 0.037625
 1802.000000 0.267894 0.000377 0.376801 0.000151
 1804.000000 0.273348 0.011159 11.158595 0.004474
 1806.000000 0.282193 0.060269 60.269234 0.024162
 1808.000000 0.311494 0.502379 502.379465 0.201408
 1810.000000 0.278675 0.036050 36.049763 0.014453
 1812.000000 0.316760 0.627323 627.323188 0.251499
 1814.000000 0.270424 0.003529 3.529172 0.001415
 1816.000000 0.269529 0.002048 2.047672 0.000821
 1818.000000 0.303364 0.336665 336.664819 0.134972
 1820.000000 0.304508 0.357983 357.983455 0.143518
 1822.000000 0.272578 0.008736 8.735797 0.003502
 1824.000000 0.257035 0.023195 23.194513 0.009299
 1826.000000 0.270244 0.003200 3.199547 0.001283
 1828.000000 0.265180 0.000552 0.552443 0.000221
 1830.000000 0.301241 0.298845 298.844897 0.119809
 1832.000000 0.276949 0.026430 26.430216 0.010596
 1834.000000 0.309994 0.469320 469.319999 0.188154
 1836.000000 0.263353 0.002744 2.744466 0.001100
 1838.000000 0.270581 0.003830 3.830476 0.001536
 1840.000000 0.265889 0.000151 0.151141 0.000061
 1842.000000 0.284318 0.077894 77.894033 0.031228
 1844.000000 0.261411 0.006906 6.906225 0.002769
 1846.000000 0.281823 0.057430 57.429621 0.023024
 1848.000000 0.273165 0.010557 10.556967 0.004232
 1850.000000 0.265652 0.000258 0.257500 0.000103
 1852.000000 0.303697 0.342817 342.817386 0.137438
 1854.000000 0.259388 0.013246 13.245902 0.005310
 1856.000000 0.266142 0.000069 0.068744 0.000028
 1858.000000 0.267109 0.000049 0.048813 0.000020
 1860.000000 0.279249 0.039577 39.577213 0.015867
 1862.000000 0.303443 0.338118 338.117746 0.135554
 1864.000000 0.296087 0.216388 216.388385 0.086752
 1866.000000 0.259855 0.011600 11.599607 0.004650
 1868.000000 0.249922 0.070092 70.091949 0.028100
 1870.000000 0.262064 0.005297 5.296592 0.002123
 1872.000000 0.270476 0.003627 3.627251 0.001454
 1874.000000 0.260270 0.010229 10.229269 0.004101
 1876.000000 0.275337 0.018793 18.793154 0.007534
 1878.000000 0.273342 0.011139 11.139048 0.004466
 1880.000000 0.277658 0.030200 30.199879 0.012107
 1882.000000 0.323636 0.811386 811.385904 0.325291
 1884.000000 0.257646 0.020344 20.343981 0.008156
 1886.000000 0.282698 0.064253 64.252811 0.025759
 1888.000000 0.248371 0.083683 83.682999 0.033549
 1890.000000 0.271162 0.005052 5.052355 0.002026
 1892.000000 0.266468 0.000010 0.009898 0.000004
 1894.000000 0.281100 0.052082 52.082321 0.020880
 1896.000000 0.299748 0.273599 273.598670 0.109688
 1898.000000 0.295319 0.205239 205.239337 0.082282
 1900.000000 0.270931 0.004546 4.545967 0.001823
 1902.000000 0.334002 1.133496 1133.496083 0.454428
 1904.000000 0.257270 0.022075 22.074989 0.008850
 1906.000000 0.286440 0.097748 97.747893 0.039188
 1908.000000 0.314767 0.578410 578.409638 0.231889
 1910.000000 0.281116 0.052198 52.197513 0.020926
 1912.000000 0.407088 4.929539 4929.538623 1.976291
 1914.000000 0.407957 4.990717 4990.716597 2.000818
 1916.000000 0.253069 0.046221 46.221086 0.018530
 1918.000000 0.344959 1.532433 1532.433232 0.614365
 1920.000000 0.273134 0.010457 10.456698 0.004192
 1922.000000 0.451610 8.551055 8551.055225 3.428185
 1924.000000 0.475857 10.940142 10940.141988 4.385989
 1926.000000 0.461202 9.460976 9460.975637 3.792980
 1928.000000 0.274692 0.016101 16.101194 0.006455
 1930.000000 0.265745 0.000212 0.212458 0.000085
 1932.000000 0.295916 0.213877 213.877228 0.085745
 1934.000000 0.266212 0.000052 0.051697 0.000021
 1936.000000 0.294280 0.190626 190.626420 0.076424
 1938.000000 0.280095 0.045082 45.081674 0.018074
 1940.000000 0.249246 0.075869 75.868653 0.030416
 1942.000000 0.417490 5.686949 5686.949482 2.279943
 1944.000000 0.272751 0.009255 9.255079 0.003710
 1946.000000 0.287792 0.111565 111.564818 0.044727
 1948.000000 0.274237 0.014326 14.326277 0.005744
 1950.000000 0.288063 0.114446 114.446134 0.045882
 1952.000000 0.286746 0.100791 100.790768 0.040408
 1954.000000 0.295481 0.207564 207.563530 0.083214
 1956.000000 0.263607 0.002340 2.340406 0.000938
 1958.000000 0.262551 0.004235 4.234832 0.001698
 1960.000000 0.281885 0.057901 57.901350 0.023213
 1962.000000 0.301161 0.297459 297.458898 0.119254
 1964.000000 0.257366 0.021627 21.627174 0.008671
 1966.000000 0.277093 0.027175 27.175157 0.010895
 1968.000000 0.256830 0.024189 24.189453 0.009698
 1970.000000 0.312320 0.521057 521.056979 0.208896
 1972.000000 0.253409 0.043943 43.943351 0.017617
 1974.000000 0.261220 0.007416 7.416264 0.002973
 1976.000000 0.253614 0.042594 42.594234 0.017076
 1978.000000 0.364106 2.373594 2373.594065 0.951593
 1980.000000 0.392517 3.959581 3959.581254 1.587427
 1982.000000 0.477218 11.082937 11082.936818 4.443237
 1984.000000 0.456327 8.992729 8992.728577 3.605256
 1986.000000 0.402196 4.592028 4592.028363 1.840980
 1988.000000 0.431443 6.787784 6787.783713 2.721276
 1990.000000 0.461433 9.483462 9483.462433 3.801995
 1992.000000 0.477678 11.131479 11131.478757 4.462697
 1994.000000 0.445281 7.975780 7975.780294 3.197553
 1996.000000 0.454352 8.806460 8806.459877 3.530579
 1998.000000 0.398339 4.334410 4334.409902 1.737699
 2000.000000 0.262940 0.003471 3.471407 0.001392
