#! FIELDS time d1 bb.bias bb.force2 lw
 0.000000 0.837001 4.203328 4203.328221 1.685147
 2.000000 0.992804 0.170784 170.784205 0.068469
 4.000000 1.002240 0.316361 316.361363 0.126832
 6.000000 0.911183 0.769605 769.605314 0.308541
 8.000000 1.042357 1.432265 1432.265168 0.574206
 10.000000 0.933698 0.271740 271.739697 0.108943
 12.000000 0.936541 0.226893 226.892615 0.090963
 14.000000 0.853762 3.186867 3186.866921 1.277640
 16.000000 0.859088 2.893297 2893.297250 1.159946
 18.000000 1.006127 0.389273 389.272897 0.156063
 20.000000 0.927722 0.379174 379.174493 0.152014
 22.000000 0.885740 1.637280 1637.279926 0.656398
 24.000000 0.918965 0.568852 568.852035 0.228057
 26.000000 1.021589 0.754111 754.110882 0.302329
 28.000000 0.951816 0.055133 55.133439 0.022103
 30.000000 1.018213 0.664265 664.264517 0.266309
 32.000000 1.004907 0.365583 365.582592 0.146565
 34.000000 0.941048 0.164085 164.084535 0.065783
 36.000000 1.007590 0.418672 418.671598 0.167849
 38.000000 0.940385 0.172686 172.685536 0.069231
 40.000000 0.910221 0.796537 796.537286 0.319338
 42.000000 0.936671 0.224942 224.942288 0.090181
 44.000000 1.011590 0.504536 504.536448 0.202273
 46.000000 0.895812 1.255103 1255.103201 0.503181
 48.000000 0.954203 0.038834 38.834016 0.015569
 50.000000 1.002611 0.323008 323.007725 0.129496
 52.000000 0.994633 0.195535 195.534863 0.078391
 54.000000 0.946577 0.100899 100.898931 0.040451
 56.000000 0.884994 1.667595 1667.595383 0.668552
 58.000000 1.055887 1.990063 1990.063282 0.797832
 60.000000 0.999686 0.272567 272.566933 0.109274
 62.000000 0.911679 0.755899 755.898569 0.303046
 64.000000 0.935878 0.236991 236.990584 0.095011
 66.000000 0.907734 0.868279 868.279000 0.348100
 68.000000 0.885184 1.659838 1659.837708 0.665442
 70.000000 0.832574 4.495217 4495.217224 1.802168
 72.000000 0.958504 0.016659 16.658618 0.006679
 74.000000 0.944097 0.127350 127.350248 0.051056
 76.000000 0.968066 0.000490 0.489658 0.000196
 78.000000 1.047868 1.648429 1648.429265 0.660868
 80.000000 0.956180 0.027495 27.494621 0.011023
 82.000000 0.865693 2.548926 2548.925794 1.021884
 84.000000 0.938208 0.202472 202.471710 0.081173
 86.000000 0.882264 1.780970 1780.970009 0.714005
 88.000000 0.938821 0.193842 193.842301 0.077713
 90.000000 0.901293 1.068442 1068.442093 0.428347
 92.000000 0.909804 0.808342 808.342355 0.324071
 94.000000 0.895521 1.265433 1265.433187 0.507322
 96.000000 0.973912 0.013124 13.124302 0.005262
 98.000000 0.998478 0.252986 252.986014 0.101424
 100.000000 0.961477 0.006732 6.732296 0.002699
 102.000000 1.002965 0.329389 329.389200 0.132055
 104.000000 0.904728 0.959092 959.092383 0.384508
 106.000000 0.880527 1.855000 1854.999877 0.743684
 108.000000 0.933340 0.277660 277.659777 0.111316
 110.000000 0.907191 0.884344 884.343561 0.354540
 112.000000 0.866756 2.495532 2495.532258 1.000479
 114.000000 1.021685 0.756745 756.745263 0.303385
 116.000000 1.005223 0.371641 371.641400 0.148994
 118.000000 1.007744 0.421834 421.833876 0.169117
 120.000000 0.952358 0.051185 51.184999 0.020520
 122.000000 0.811052 6.053996 6053.996496 2.427095
 124.000000 0.898831 1.150424 1150.423676 0.461214
 126.000000 1.049647 1.721417 1721.416830 0.690130
 128.000000 0.977198 0.027726 27.726467 0.011116
 130.000000 0.987587 0.109412 109.411723 0.043864
 132.000000 1.047063 1.615892 1615.891980 0.647824
 134.000000 0.958045 0.018585 18.584509 0.007451
 136.000000 0.991538 0.154641 154.641031 0.061997
 138.000000 1.020002 0.711151 711.151494 0.285106
 140.000000 0.885916 1.630170 1630.170335 0.653548
 142.000000 0.889608 1.484498 1484.498378 0.595147
 144.000000 0.884054 1.706197 1706.197125 0.684028
 146.000000 0.991971 0.160083 160.083376 0.064179
 148.000000 0.899005 1.144530 1144.530352 0.458851
 150.000000 0.963900 0.001913 1.913085 0.000767
 152.000000 0.966143 0.000069 0.068597 0.000028
 154.000000 0.978760 0.036561 36.561170 0.014658
 156.000000 0.914165 0.689103 689.102562 0.276267
 158.000000 0.948127 0.085933 85.933091 0.034451
 160.000000 0.920623 0.530004 530.004308 0.212483
 162.000000 0.973831 0.012833 12.832896 0.005145
 164.000000 0.894955 1.285642 1285.641712 0.515424
 166.000000 0.823354 5.134634 5134.634058 2.058515
 168.000000 1.048931 1.691867 1691.866596 0.678283
 170.000000 1.024981 0.850141 850.141078 0.340828
 172.000000 0.991239 0.150948 150.947827 0.060516
 174.000000 1.001293 0.299751 299.751359 0.120173
 176.000000 0.984876 0.082897 82.897355 0.033234
 178.000000 0.974127 0.013913 13.912539 0.005578
 180.000000 0.982932 0.066144 66.144186 0.026518
 182.000000 0.977125 0.027345 27.345027 0.010963
 184.000000 0.990722 0.144665 144.664718 0.057997
 186.000000 0.895523 1.265362 1265.362021 0.507294
 188.000000 0.885440 1.649427 1649.426695 0.661268
 190.000000 0.956824 0.024222 24.221706 0.009711
 192.000000 0.993897 0.185377 185.377464 0.074319
 194.000000 0.976236 0.022891 22.890667 0.009177
 196.000000 0.959852 0.011609 11.608910 0.004654
 198.000000 0.961594 0.006434 6.434042 0.002579
 200.000000 1.029493 0.986778 986.777502 0.395607
 202.000000 0.932351 0.294392 294.392243 0.118024
 204.000000 0.881414 1.817018 1817.018106 0.728457
 206.000000 0.852079 3.282566 3282.565511 1.316006
 208.000000 0.916282 0.634649 634.648685 0.254436
 210.000000 0.900967 1.079126 1079.125939 0.432630
 212.000000 1.027145 0.914403 914.403427 0.366592
 214.000000 1.079942 3.207825 3207.824929 1.286042
 216.000000 0.972630 0.008892 8.891520 0.003565
 218.000000 1.028662 0.960854 960.854303 0.385214
 220.000000 1.066694 2.501392 2501.391677 1.002828
 222.000000 0.953888 0.040824 40.823937 0.016367
 224.000000 0.932136 0.298093 298.093159 0.119508
 226.000000 0.933443 0.275955 275.954646 0.110632
 228.000000 0.994784 0.197650 197.649779 0.079239
 230.000000 0.964515 0.001158 1.157510 0.000464
 232.000000 0.998674 0.256123 256.122790 0.102682
 234.000000 0.995614 0.209487 209.486825 0.083985
 236.000000 0.938366 0.200228 200.227669 0.080273
 238.000000 0.869062 2.381645 2381.645093 0.954820
 240.000000 1.006386 0.394414 394.413889 0.158124
 242.000000 0.941234 0.161707 161.707050 0.064830
 244.000000 0.857356 2.987224 2987.223589 1.197601
 246.000000 0.916477 0.629760 629.760387 0.252476
 248.000000 0.935569 0.241763 241.763392 0.096925
 250.000000 0.938722 0.195225 195.225223 0.078267
 252.000000 0.854300 3.156552 3156.552182 1.265487
 254.000000 0.871028 2.286672 2286.671557 0.916745
 256.000000 0.890655 1.444458 1444.458473 0.579095
 258.000000 0.904009 0.981491 981.490596 0.393487
 260.000000 0.945783 0.109033 109.033319 0.043712
 262.000000 0.996661 0.224920 224.919936 0.090172
 264.000000 0.935531 0.242364 242.364414 0.097166
 266.000000 0.911261 0.767437 767.436524 0.307671
 268.000000 0.851923 3.291531 3291.531103 1.319601
 270.000000 0.999758 0.273755 273.755397 0.109751
 272.000000 1.003937 0.347277 347.277348 0.139226
 274.000000 1.020719 0.730413 730.413117 0.292828
 276.000000 0.914785 0.672928 672.928321 0.269782
 278.000000 0.974262 0.014423 14.422981 0.005782
 280.000000 0.923286 0.470477 470.476739 0.188618
 282.000000 1.015757 0.602454 602.453987 0.241529
 284.000000 0.935963 0.235680 235.679850 0.094486
 286.000000 0.994999 0.200681 200.681476 0.080455
 288.000000 0.936293 0.230644 230.644376 0.092467
 290.000000 1.022107 0.768419 768.419142 0.308065
 292.000000 1.033245 1.108165 1108.164632 0.444272
 294.000000 0.951499 0.057515 57.514772 0.023058
 296.000000 0.973623 0.012097 12.097378 0.004850
 298.000000 1.013790 0.555147 555.146856 0.222563
 300.000000 1.019552 0.699226 699.226062 0.280325
 302.000000 0.997794 0.242224 242.223738 0.097109
 304.000000 0.948977 0.078229 78.228836 0.031363
 306.000000 0.995555 0.208634 208.633964 0.083643
 308.000000 0.911056 0.773148 773.147506 0.309961
 310.000000 0.973920 0.013153 13.153238 0.005273
 312.000000 0.918871 0.571096 571.095805 0.228957
 314.000000 1.084234 3.455503 3455.503130 1.385338
 316.000000 1.098312 4.332610 4332.610365 1.736978
 318.000000 0.933601 0.273337 273.336868 0.109583
 320.000000 0.982203 0.060344 60.344028 0.024192
 322.000000 0.901779 1.052606 1052.605790 0.421998
 324.000000 0.952315 0.051493 51.492875 0.020644
 326.000000 0.911195 0.769284 769.284252 0.308412
 328.000000 0.939770 0.180863 180.863109 0.072509
 330.000000 0.824118 5.080011 5080.011463 2.036617
 332.000000 0.929770 0.340333 340.333238 0.136442
 334.000000 0.976845 0.025898 25.898183 0.010383
 336.000000 0.918673 0.575843 575.842888 0.230860
 338.000000 0.846872 3.587676 3587.675900 1.438328
 340.000000 0.742830 12.525677 12525.677473 5.021643
 342.000000 0.884723 1.678675 1678.674988 0.672994
 344.000000 0.794866 7.378858 7378.858050 2.958242
 346.000000 0.874950 2.103003 2103.003286 0.843111
 348.000000 0.968634 0.000968 0.967847 0.000388
 350.000000 1.016420 0.618844 618.844422 0.248100
 352.000000 1.041781 1.410556 1410.556090 0.565503
 354.000000 0.992841 0.171278 171.277581 0.068667
 356.000000 1.017214 0.638763 638.763270 0.256085
 358.000000 0.959812 0.011745 11.744950 0.004709
 360.000000 1.025747 0.872631 872.631128 0.349845
 362.000000 1.033175 1.105825 1105.825432 0.443334
 364.000000 0.797560 7.149280 7149.279627 2.866203
 366.000000 0.961642 0.006311 6.311138 0.002530
 368.000000 0.968186 0.000577 0.577446 0.000232
 370.000000 0.923600 0.463695 463.694581 0.185899
 372.000000 0.925326 0.427255 427.255257 0.171290
 374.000000 0.927596 0.381638 381.638479 0.153002
 376.000000 0.880219 1.868308 1868.308220 0.749019
 378.000000 0.990215 0.138632 138.632061 0.055579
 380.000000 0.965342 0.000438 0.438398 0.000176
 382.000000 0.797075 7.190342 7190.341735 2.882665
 384.000000 0.795782 7.300356 7300.356381 2.926770
 386.000000 0.830603 4.628338 4628.338336 1.855537
 388.000000 0.861564 2.761620 2761.619621 1.107155
 390.000000 0.907286 0.881521 881.520575 0.353409
 392.000000 0.875525 2.076688 2076.687674 0.832560
 394.000000 0.880774 1.844396 1844.395797 0.739433
 396.000000 0.868287 2.419627 2419.627170 0.970048
 398.000000 0.906393 0.908216 908.216116 0.364111
 400.000000 1.051580 1.802564 1802.564434 0.722662
 402.000000 0.918453 0.581135 581.135356 0.232982
 404.000000 0.797259 7.174718 7174.717558 2.876401
 406.000000 0.893089 1.353408 1353.407512 0.542592
 408.000000 0.866465 2.510105 2510.104804 1.006321
 410.000000 1.047772 1.644521 1644.520616 0.659301
 412.000000 1.056059 1.997751 1997.751077 0.800914
 414.000000 0.964118 0.001624 1.623909 0.000651
 416.000000 0.991740 0.157173 157.173216 0.063012
 418.000000 0.881920 1.795487 1795.487011 0.719825
 420.000000 0.920727 0.527605 527.604819 0.211521
 422.000000 0.927109 0.391198 391.198194 0.156834
 424.000000 0.913796 0.698837 698.836510 0.280169
 426.000000 0.897601 1.192533 1192.533279 0.478096
 428.000000 0.913139 0.716305 716.304865 0.287172
 430.000000 0.878872 1.926994 1926.993525 0.772547
 432.000000 0.942358 0.147725 147.724529 0.059224
 434.000000 0.961242 0.007356 7.355655 0.002949
 436.000000 0.890071 1.466715 1466.714806 0.588018
 438.000000 1.041285 1.391984 1391.984492 0.558058
 440.000000 0.968604 0.000938 0.938140 0.000376
 442.000000 0.872524 2.215717 2215.716698 0.888298
 444.000000 0.855500 3.089521 3089.520746 1.238613
 446.000000 0.899407 1.130974 1130.974191 0.453416
 448.000000 0.916614 0.626311 626.310887 0.251093
 450.000000 1.001825 0.309029 309.029125 0.123892
 452.000000 0.918765 0.573652 573.651730 0.229981
 454.000000 0.931614 0.307174 307.174273 0.123149
 456.000000 0.962748 0.003840 3.839923 0.001539
 458.000000 0.927456 0.384375 384.375120 0.154099
 460.000000 0.998325 0.250567 250.566522 0.100454
 462.000000 0.885232 1.657886 1657.886472 0.664660
 464.000000 0.952279 0.051752 51.751605 0.020748
 466.000000 0.976267 0.023042 23.041934 0.009238
 468.000000 0.937145 0.217882 217.882374 0.087351
 470.000000 0.883368 1.734672 1734.671504 0.695443
 472.000000 0.902346 1.034288 1034.288283 0.414654
 474.000000 0.954953 0.034302 34.302141 0.013752
 476.000000 0.974921 0.017032 17.031809 0.006828
 478.000000 0.737872 13.086797 13086.797381 5.246600
 480.000000 1.012519 0.525611 525.611231 0.210722
 482.000000 0.927830 0.377074 377.074225 0.151172
 484.000000 0.900880 1.081959 1081.958635 0.433766
 486.000000 0.971734 0.006419 6.419146 0.002573
 488.000000 0.844189 3.750211 3750.211114 1.503489
 490.000000 0.972559 0.008680 8.680435 0.003480
 492.000000 0.967417 0.000141 0.140604 0.000056
 494.000000 0.853252 3.215709 3215.708974 1.289203
 496.000000 0.961108 0.007726 7.725730 0.003097
 498.000000 0.816080 5.669111 5669.111302 2.272791
 500.000000 0.911197 0.769226 769.226349 0.308389
 502.000000 0.903759 0.989336 989.336444 0.396633
 504.000000 0.919439 0.557623 557.622850 0.223555
 506.000000 0.999614 0.271384 271.384166 0.108800
 508.000000 0.995243 0.204152 204.152257 0.081846
 510.000000 0.900507 1.094266 1094.265676 0.438700
 512.000000 0.839456 4.045654 4045.654317 1.621935
 514.000000 0.887873 1.552093 1552.092666 0.622246
 516.000000 0.890309 1.457611 1457.610945 0.584368
 518.000000 0.973644 0.012171 12.171228 0.004880
 520.000000 0.895238 1.275500 1275.500183 0.511358
 522.000000 0.950780 0.063093 63.092896 0.025294
 524.000000 1.036443 1.217188 1217.187532 0.487980
 526.000000 1.068235 2.579035 2579.034503 1.033955
 528.000000 0.952010 0.053701 53.701284 0.021529
 530.000000 0.925533 0.422994 422.993892 0.169582
 532.000000 0.984083 0.075828 75.827981 0.030400
 534.000000 0.987708 0.110688 110.687670 0.044376
 536.000000 0.957314 0.021867 21.867301 0.008767
 538.000000 0.861313 2.774827 2774.826825 1.112450
 540.000000 0.943736 0.131457 131.456804 0.052702
 542.000000 0.857462 2.981401 2981.401292 1.195267
 544.000000 0.936398 0.229042 229.042410 0.091825
 546.000000 0.987629 0.109859 109.859187 0.044043
 548.000000 0.904977 0.951388 951.388473 0.381419
 550.000000 0.924118 0.452607 452.607070 0.181454
 552.000000 0.952061 0.053331 53.331026 0.021381
 554.000000 0.906276 0.911762 911.762056 0.365533
 556.000000 0.965068 0.000639 0.638747 0.000256
 558.000000 0.988846 0.122985 122.984979 0.049306
 560.000000 0.979532 0.041381 41.380664 0.016590
 562.000000 0.915346 0.658450 658.450167 0.263978
 564.000000 0.946521 0.101465 101.464706 0.040678
 566.000000 0.987102 0.104403 104.403125 0.041856
 568.000000 0.953692 0.042088 42.087927 0.016873
 570.000000 0.895519 1.265506 1265.506384 0.507351
 572.000000 0.881479 1.814234 1814.234409 0.727341
 574.000000 0.978302 0.033846 33.846332 0.013569
 576.000000 0.941443 0.159060 159.060010 0.063768
 578.000000 0.927270 0.388025 388.024623 0.155562
 580.000000 0.997272 0.234178 234.178099 0.093884
 582.000000 0.982863 0.065584 65.583850 0.026293
 584.000000 0.856787 3.018372 3018.372273 1.210089
 586.000000 0.881014 1.834106 1834.105545 0.735307
 588.000000 0.982212 0.060414 60.413516 0.024220
 590.000000 1.008484 0.437163 437.162642 0.175262
 592.000000 1.029300 0.980742 980.742294 0.393187
 594.000000 1.043210 1.464711 1464.711112 0.587214
 596.000000 0.954741 0.035558 35.558169 0.014256
 598.000000 0.979735 0.042694 42.693693 0.017116
 600.000000 0.935578 0.241628 241.628224 0.096871
 602.000000 0.991250 0.151089 151.089236 0.060573
 604.000000 1.008912 0.446169 446.169155 0.178873
 606.000000 1.016870 0.630097 630.096611 0.252611
 608.000000 0.967775 0.000307 0.307323 0.000123
 610.000000 0.978878 0.037278 37.278274 0.014945
 612.000000 0.980207 0.045838 45.838194 0.018377
 614.000000 0.799037 7.024944 7024.944198 2.816355
 616.000000 0.835692 4.288583 4288.582714 1.719327
 618.000000 0.894558 1.299933 1299.932661 0.521153
 620.000000 0.914872 0.670664 670.663834 0.268874
 622.000000 0.962628 0.004077 4.076911 0.001634
 624.000000 0.925373 0.426282 426.281875 0.170900
 626.000000 0.886749 1.596707 1596.706766 0.640132
 628.000000 0.923427 0.467419 467.419304 0.187392
 630.000000 0.956348 0.026617 26.616994 0.010671
 632.000000 1.022452 0.777994 777.994177 0.311904
 634.000000 0.951403 0.058247 58.246859 0.023352
 636.000000 0.942248 0.149067 149.066890 0.059762
 638.000000 1.017607 0.648738 648.738033 0.260084
 640.000000 0.912390 0.736481 736.480535 0.295261
 642.000000 1.004766 0.362896 362.895878 0.145488
 644.000000 0.996575 0.223631 223.631440 0.089656
 646.000000 0.970195 0.003113 3.112766 0.001248
 648.000000 1.011163 0.494976 494.976355 0.198440
 650.000000 0.981231 0.053031 53.031413 0.021261
 652.000000 0.937028 0.219616 219.616060 0.088046
 654.000000 0.924490 0.444725 444.725366 0.178294
 656.000000 0.982523 0.062852 62.852107 0.025198
 658.000000 1.020776 0.731942 731.942125 0.293441
 660.000000 0.900302 1.101060 1101.059568 0.441423
 662.000000 0.977552 0.029622 29.622313 0.011876
 664.000000 1.011579 0.504281 504.280823 0.202170
 666.000000 1.055844 1.988134 1988.133811 0.797059
 668.000000 0.916577 0.627236 627.236459 0.251464
 670.000000 0.933064 0.282277 282.276521 0.113167
 672.000000 1.017581 0.648076 648.075687 0.259819
 674.000000 0.968292 0.000660 0.660198 0.000265
 676.000000 1.001347 0.300682 300.681850 0.120546
 678.000000 1.029317 0.981279 981.278889 0.393402
 680.000000 0.978453 0.034728 34.727568 0.013923
 682.000000 1.022831 0.788611 788.611471 0.316161
 684.000000 0.924115 0.452667 452.666752 0.181478
 686.000000 0.904911 0.953451 953.450645 0.382246
 688.000000 0.975071 0.017659 17.658963 0.007080
 690.000000 0.967614 0.000224 0.224413 0.000090
 692.000000 0.946335 0.103347 103.347317 0.041433
 694.000000 0.857233 2.993919 2993.918935 1.200286
 696.000000 0.814243 5.808212 5808.212257 2.328558
 698.000000 1.004673 0.361117 361.116950 0.144775
 700.000000 0.871399 2.268982 2268.982493 0.909653
 702.000000 0.878819 1.929285 1929.285261 0.773466
 704.000000 0.952598 0.049481 49.480953 0.019837
 706.000000 0.951676 0.056182 56.182286 0.022524
 708.000000 1.013515 0.548700 548.699716 0.219978
 710.000000 0.915723 0.648820 648.819844 0.260117
 712.000000 0.864043 2.632929 2632.929298 1.055562
 714.000000 0.924566 0.443122 443.121784 0.177651
 716.000000 1.011649 0.505847 505.846951 0.202798
 718.000000 1.049192 1.702611 1702.610723 0.682590
 720.000000 0.920875 0.524229 524.229431 0.210168
 722.000000 0.936089 0.233753 233.753115 0.093713
 724.000000 0.971020 0.004739 4.738579 0.001900
 726.000000 1.084751 3.485972 3485.972099 1.397554
 728.000000 0.953885 0.040845 40.844815 0.016375
 730.000000 0.909313 0.822365 822.365018 0.329693
 732.000000 1.001719 0.307173 307.172801 0.123148
 734.000000 0.972418 0.008270 8.270098 0.003316
 736.000000 0.987841 0.112087 112.086524 0.044936
 738.000000 0.954023 0.039966 39.966380 0.016023
 740.000000 0.926292 0.407522 407.521835 0.163379
 742.000000 0.893480 1.339077 1339.077354 0.536847
 744.000000 0.955682 0.030164 30.163510 0.012093
 746.000000 0.922179 0.494778 494.778299 0.198361
 748.000000 0.988946 0.124091 124.091140 0.049749
 750.000000 0.875706 2.068440 2068.440115 0.829254
 752.000000 0.993109 0.174797 174.797256 0.070078
 754.000000 0.951934 0.054260 54.260150 0.021753
 756.000000 1.011519 0.502935 502.935496 0.201631
 758.000000 0.891168 1.425003 1425.002988 0.571295
 760.000000 0.977094 0.027184 27.184020 0.010898
 762.000000 0.945689 0.110012 110.012017 0.044105
 764.000000 1.026782 0.903451 903.451180 0.362201
 766.000000 0.996108 0.216695 216.694764 0.086875
 768.000000 0.940274 0.174149 174.149009 0.069818
 770.000000 1.015717 0.601475 601.474572 0.241136
 772.000000 0.883616 1.724348 1724.347782 0.691305
 774.000000 0.896812 1.219927 1219.926513 0.489078
 776.000000 0.921577 0.508276 508.275589 0.203772
 778.000000 0.932248 0.296159 296.158666 0.118732
 780.000000 0.936514 0.227297 227.297233 0.091125
 782.000000 0.925096 0.432039 432.038746 0.173208
 784.000000 0.824922 5.022887 5022.886734 2.013715
 786.000000 0.846042 3.637556 3637.556202 1.458325
 788.000000 0.806687 6.398381 6398.381118 2.565161
 790.000000 0.891980 1.394523 1394.523050 0.559075
 792.000000 0.910080 0.800508 800.507945 0.320930
 794.000000 0.899864 1.115647 1115.646808 0.447272
 796.000000 0.917483 0.604756 604.755513 0.242451
 798.000000 0.924708 0.440142 440.141855 0.176456
 800.000000 0.884130 1.703094 1703.093643 0.682784
 802.000000 0.962001 0.005443 5.442653 0.002182
 804.000000 0.989565 0.131089 131.088919 0.052555
 806.000000 1.036632 1.223778 1223.777518 0.490622
 808.000000 0.869063 2.381631 2381.630556 0.954814
 810.000000 0.888052 1.545067 1545.066861 0.619429
 812.000000 0.796502 7.238992 7238.991523 2.902169
 814.000000 0.926866 0.396029 396.028932 0.158771
 816.000000 0.774940 9.189761 9189.761230 3.684248
 818.000000 0.884784 1.676198 1676.198393 0.672001
 820.000000 0.937276 0.215957 215.956528 0.086579
 822.000000 0.962411 0.004527 4.526958 0.001815
 824.000000 1.112864 5.343379 5343.379320 2.142203
 826.000000 0.997700 0.240766 240.766159 0.096525
 828.000000 1.028181 0.946010 946.010026 0.379263
 830.000000 0.925895 0.415581 415.580905 0.166610
 832.000000 0.920695 0.528337 528.337052 0.211814
 834.000000 0.968599 0.000933 0.933322 0.000374
 836.000000 0.918146 0.588553 588.552801 0.235955
 838.000000 0.896386 1.234846 1234.845930 0.495059
 840.000000 0.849283 3.444740 3444.740376 1.381024
 842.000000 0.928970 0.355266 355.266069 0.142429
 844.000000 0.904939 0.952562 952.562200 0.381890
 846.000000 0.909705 0.811145 811.145030 0.325194
 848.000000 0.984498 0.079491 79.490547 0.031868
 850.000000 0.889946 1.471505 1471.505194 0.589938
 852.000000 0.899497 1.127942 1127.941808 0.452201
 854.000000 0.935841 0.237556 237.556137 0.095238
 856.000000 1.052869 1.857718 1857.718410 0.744774
 858.000000 0.874431 2.126873 2126.873250 0.852680
 860.000000 0.949534 0.073383 73.383019 0.029420
 862.000000 0.948085 0.086316 86.316377 0.034605
 864.000000 0.876976 2.011093 2011.092981 0.806263
 866.000000 0.929728 0.341113 341.112579 0.136755
 868.000000 0.985068 0.084657 84.656569 0.033939
 870.000000 0.951619 0.056611 56.611014 0.022696
 872.000000 0.914081 0.691312 691.312394 0.277153
 874.000000 1.006691 0.400488 400.487595 0.160559
 876.000000 1.054774 1.940717 1940.716784 0.778049
 878.000000 0.932096 0.298776 298.775623 0.119782
 880.000000 1.006554 0.397754 397.754103 0.159463
 882.000000 1.055054 1.953073 1953.072873 0.783002
 884.000000 0.966626 0.000000 0.000411 0.000000
 886.000000 0.964175 0.001552 1.551828 0.000622
 888.000000 0.989767 0.133411 133.411176 0.053486
 890.000000 0.948985 0.078157 78.157169 0.031334
 892.000000 1.006722 0.401102 401.101984 0.160805
 894.000000 0.914555 0.678910 678.910421 0.272181
 896.000000 0.957256 0.022141 22.141393 0.008877
 898.000000 0.945532 0.111666 111.665581 0.044768
 900.000000 0.905883 0.923652 923.652237 0.370299
 902.000000 0.894749 1.293051 1293.051036 0.518394
 904.000000 0.997042 0.230662 230.661666 0.092474
 906.000000 0.941991 0.152225 152.224768 0.061028
 908.000000 0.813766 5.844656 5844.655710 2.343169
 910.000000 0.858136 2.944706 2944.706362 1.180556
 912.000000 1.023148 0.797522 797.521981 0.319733
 914.000000 1.034003 1.133533 1133.532752 0.454442
 916.000000 0.858215 2.940454 2940.453906 1.178851
 918.000000 0.853012 3.229348 3229.348376 1.294671
 920.000000 0.918680 0.575690 575.689757 0.230799
 922.000000 1.018443 0.670201 670.200925 0.268689
 924.000000 1.012569 0.526756 526.755654 0.211180
 926.000000 0.913812 0.698412 698.412447 0.279999
 928.000000 0.794733 7.390338 7390.338267 2.962845
 930.000000 0.942970 0.140388 140.387550 0.056282
 932.000000 0.973407 0.011358 11.357707 0.004553
 934.000000 1.006715 0.400977 400.976970 0.160755
 936.000000 0.942861 0.141682 141.682191 0.056802
 938.000000 0.993250 0.176675 176.674972 0.070830
 940.000000 0.971535 0.005926 5.926298 0.002376
 942.000000 0.994747 0.197129 197.128899 0.079031
 944.000000 1.044571 1.517256 1517.256405 0.608280
 946.000000 0.886623 1.601763 1601.763322 0.642160
 948.000000 0.922149 0.495461 495.461296 0.198634
 950.000000 0.902082 1.042787 1042.786945 0.418061
 952.000000 0.884630 1.682520 1682.520495 0.674536
 954.000000 0.784438 8.301802 8301.802045 3.328258
 956.000000 0.866254 2.520663 2520.663135 1.010554
 958.000000 0.884225 1.699143 1699.143345 0.681200
 960.000000 0.979435 0.040755 40.755031 0.016339
 962.000000 0.889451 1.490562 1490.561543 0.597578
 964.000000 0.942667 0.144000 144.000126 0.057731
 966.000000 0.885900 1.630808 1630.808028 0.653804
 968.000000 0.986519 0.098531 98.530731 0.039502
 970.000000 0.987996 0.113737 113.736607 0.045598
 972.000000 1.005641 0.379751 379.750850 0.152245
 974.000000 0.914228 0.687461 687.461456 0.275609
 976.000000 0.907762 0.867453 867.452930 0.347769
 978.000000 0.870408 2.316425 2316.425477 0.928673
 980.000000 1.015087 0.586128 586.127686 0.234983
 982.000000 1.002435 0.319836 319.835709 0.128225
 984.000000 0.994534 0.194146 194.146164 0.077835
 986.000000 0.905056 0.948953 948.953287 0.380443
 988.000000 0.951291 0.059102 59.101856 0.023694
 990.000000 1.022490 0.779067 779.067082 0.312334
 992.000000 0.980530 0.048051 48.050670 0.019264
 994.000000 1.009286 0.454097 454.096850 0.182051
 996.000000 0.878484 1.944046 1944.046398 0.779384
 998.000000 0.943834 0.130330 130.330020 0.052250
 1000.000000 0.904678 0.960649 960.648901 0.385132
 1002.000000 0.972945 0.009855 9.854772 0.003951
 1004.000000 1.020398 0.721768 721.768408 0.289363
 1006.000000 1.016247 0.614560 614.560278 0.246382
 1008.000000 0.879069 1.918338 1918.338495 0.769077
 1010.000000 0.886489 1.607102 1607.101869 0.644300
 1012.000000 0.938166 0.203078 203.078486 0.081416
 1014.000000 1.001481 0.303008 303.008040 0.121478
 1016.000000 1.002261 0.316737 316.737059 0.126982
 1018.000000 0.958020 0.018692 18.691639 0.007494
 1020.000000 0.967561 0.000200 0.199848 0.000080
 1022.000000 0.884574 1.684816 1684.815899 0.675456
 1024.000000 0.916731 0.623402 623.401605 0.249927
 1026.000000 0.958813 0.015421 15.420989 0.006182
 1028.000000 0.988554 0.119759 119.758879 0.048012
 1030.000000 0.918672 0.575863 575.862842 0.230868
 1032.000000 0.805293 6.510355 6510.354671 2.610052
 1034.000000 0.867113 2.477719 2477.719451 0.993337
 1036.000000 0.970137 0.003011 3.010978 0.001207
 1038.000000 1.086846 3.610762 3610.762324 1.447583
 1040.000000 0.993064 0.174206 174.205961 0.069841
 1042.000000 1.028622 0.959604 959.603521 0.384713
 1044.000000 0.961603 0.006410 6.410287 0.002570
 1046.000000 1.011605 0.504874 504.874083 0.202408
 1048.000000 0.889283 1.497042 1497.042161 0.600176
 1050.000000 0.837284 4.184983 4184.983451 1.677793
 1052.000000 0.977252 0.028013 28.013369 0.011231
 1054.000000 0.884328 1.694928 1694.928009 0.679510
 1056.000000 0.931050 0.317143 317.142511 0.127145
 1058.000000 0.830344 4.645937 4645.937031 1.862593
 1060.000000 0.914863 0.670909 670.909321 0.268973
 1062.000000 0.989006 0.124756 124.756241 0.050016
 1064.000000 0.979026 0.038189 38.188763 0.015310
 1066.000000 0.923000 0.476688 476.687893 0.191108
 1068.000000 0.886355 1.612508 1612.507666 0.646467
 1070.000000 0.956981 0.023455 23.455330 0.009403
 1072.000000 0.887556 1.564620 1564.620483 0.627269
 1074.000000 0.881260 1.823582 1823.581586 0.731088
 1076.000000 0.776547 9.036326 9036.325627 3.622734
 1078.000000 0.906474 0.905804 905.803838 0.363144
 1080.000000 0.954596 0.036426 36.425732 0.014603
 1082.000000 0.845047 3.697819 3697.819306 1.482485
 1084.000000 0.904422 0.968609 968.609270 0.388323
 1086.000000 0.911571 0.758888 758.887843 0.304244
 1088.000000 0.935616 0.241034 241.033743 0.096632
 1090.000000 0.932770 0.287253 287.253229 0.115162
 1092.000000 0.848532 3.488957 3488.957361 1.398750
 1094.000000 0.909045 0.830055 830.055468 0.332776
 1096.000000 1.003362 0.336633 336.632716 0.134959
 1098.000000 0.993801 0.184075 184.074676 0.073797
 1100.000000 0.936209 0.231911 231.910948 0.092975
 1102.000000 0.929975 0.336561 336.560917 0.134930
 1104.000000 0.953318 0.044550 44.549853 0.017860
 1106.000000 0.903964 0.982902 982.902206 0.394053
 1108.000000 0.980441 0.047433 47.433497 0.019016
 1110.000000 0.889519 1.487956 1487.955808 0.596533
 1112.000000 1.035601 1.187986 1187.986404 0.476273
 1114.000000 0.893934 1.322506 1322.505634 0.530203
 1116.000000 0.976989 0.026636 26.636099 0.010679
 1118.000000 0.899611 1.124106 1124.105935 0.450663
 1120.000000 1.011071 0.492939 492.938705 0.197623
 1122.000000 0.931230 0.313946 313.946004 0.125863
 1124.000000 0.920851 0.524763 524.763279 0.210382
 1126.000000 0.929228 0.350416 350.416373 0.140485
 1128.000000 1.032829 1.094348 1094.348303 0.438733
 1130.000000 1.030014 1.003232 1003.232493 0.402204
 1132.000000 0.979139 0.038889 38.889115 0.015591
 1134.000000 0.995008 0.200806 200.806314 0.080505
 1136.000000 0.951310 0.058961 58.960521 0.023638
 1138.000000 1.014961 0.583094 583.094453 0.233767
 1140.000000 0.884399 1.692011 1692.010594 0.678340
 1142.000000 1.003379 0.336942 336.941967 0.135083
 1144.000000 0.846896 3.586255 3586.254631 1.437758
 1146.000000 0.962229 0.004923 4.922902 0.001974
 1148.000000 0.995534 0.208337 208.336804 0.083524
 1150.000000 1.103296 4.666863 4666.863422 1.870982
 1152.000000 0.919197 0.563346 563.345757 0.225850
 1154.000000 0.965926 0.000137 0.137205 0.000055
 1156.000000 0.932831 0.286208 286.207918 0.114743
 1158.000000 0.946632 0.100344 100.343632 0.040229
 1160.000000 0.811973 5.982516 5982.516346 2.398438
 1162.000000 0.899313 1.134144 1134.144162 0.454687
 1164.000000 0.827841 4.818168 4818.168450 1.931642
 1166.000000 0.908202 0.854544 854.543517 0.342593
 1168.000000 0.877347 1.994521 1994.521479 0.799619
 1170.000000 0.880942 1.837197 1837.196520 0.736547
 1172.000000 1.079853 3.202760 3202.759618 1.284012
 1174.000000 0.963729 0.002157 2.157165 0.000865
 1176.000000 1.008179 0.430811 430.810611 0.172715
 1178.000000 0.986049 0.093923 93.923479 0.037655
 1180.000000 0.868998 2.384797 2384.797211 0.956084
 1182.000000 0.876568 2.029463 2029.462984 0.813628
 1184.000000 1.002019 0.312450 312.449646 0.125264
 1186.000000 0.965121 0.000597 0.597302 0.000239
 1188.000000 1.103139 4.656152 4656.151598 1.866688
 1190.000000 1.070327 2.686357 2686.357133 1.076982
 1192.000000 0.925324 0.427296 427.296399 0.171306
 1194.000000 0.974094 0.013791 13.791111 0.005529
 1196.000000 0.972209 0.007681 7.680520 0.003079
 1198.000000 0.909700 0.811297 811.296524 0.325255
 1200.000000 0.871720 2.253698 2253.698291 0.903525
 1202.000000 0.901920 1.048020 1048.019956 0.420159
 1204.000000 0.882913 1.753651 1753.651284 0.703053
 1206.000000 0.993577 0.181039 181.039058 0.072580
 1208.000000 0.841921 3.890399 3890.399472 1.559692
 1210.000000 0.885546 1.645133 1645.133461 0.659547
 1212.000000 1.109499 5.100268 5100.267685 2.044737
 1214.000000 1.012850 0.533234 533.234215 0.213778
 1216.000000 0.964040 0.001724 1.724425 0.000691
 1218.000000 0.979122 0.038784 38.783830 0.015549
 1220.000000 1.003360 0.336602 336.601745 0.134946
 1222.000000 0.972751 0.009256 9.255717 0.003711
 1224.000000 0.957430 0.021329 21.328963 0.008551
 1226.000000 0.979759 0.042854 42.854019 0.017181
 1228.000000 1.035795 1.194688 1194.687740 0.478960
 1230.000000 0.928110 0.371661 371.660793 0.149002
 1232.000000 0.916290 0.634441 634.440604 0.254352
 1234.000000 0.935554 0.242003 242.002731 0.097021
 1236.000000 0.950459 0.065675 65.674934 0.026330
 1238.000000 0.977802 0.031002 31.001577 0.012429
 1240.000000 1.036323 1.213009 1213.008959 0.486305
 1242.000000 0.868678 2.400430 2400.429709 0.962351
 1244.000000 0.900628 1.090260 1090.259947 0.437094
 1246.000000 0.905618 0.931745 931.745044 0.373544
 1248.000000 0.882583 1.767518 1767.517859 0.708612
 1250.000000 0.880009 1.877381 1877.380945 0.752657
 1252.000000 0.810164 6.123276 6123.276313 2.454870
 1254.000000 0.782708 8.460163 8460.163163 3.391746
 1256.000000 0.765140 10.153257 10153.256726 4.070521
 1258.000000 0.796337 7.253085 7253.084728 2.907819
 1260.000000 0.776506 9.040295 9040.295209 3.624326
 1262.000000 0.804451 6.578519 6578.519168 2.637380
 1264.000000 0.835946 4.271962 4271.962127 1.712663
 1266.000000 0.785550 8.200774 8200.773853 3.287755
 1268.000000 0.882060 1.789562 1789.561741 0.717449
 1270.000000 0.896317 1.237264 1237.263982 0.496029
 1272.000000 0.914719 0.674647 674.647395 0.270471
 1274.000000 0.916732 0.623359 623.358994 0.249910
 1276.000000 0.959090 0.014353 14.352904 0.005754
 1278.000000 0.974251 0.014382 14.381553 0.005766
 1280.000000 0.960436 0.009706 9.706374 0.003891
 1282.000000 0.901703 1.055058 1055.057565 0.422981
 1284.000000 0.944737 0.120230 120.230469 0.048201
 1286.000000 0.908790 0.837419 837.419207 0.335728
 1288.000000 1.014215 0.565220 565.220235 0.226601
 1290.000000 0.987953 0.113282 113.281944 0.045416
 1292.000000 0.950464 0.065634 65.633981 0.026313
 1294.000000 0.956441 0.026139 26.138540 0.010479
 1296.000000 0.951168 0.060049 60.049296 0.024074
 1298.000000 1.037793 1.264743 1264.743420 0.507046
 1300.000000 0.924685 0.440614 440.614493 0.176646
 1302.000000 0.923037 0.475889 475.889342 0.190788
 1304.000000 0.923215 0.472002 472.001640 0.189229
 1306.000000 0.934619 0.256769 256.768724 0.102941
 1308.000000 0.962905 0.003538 3.537998 0.001418
 1310.000000 0.959294 0.013589 13.589118 0.005448
 1312.000000 0.919632 0.553072 553.071501 0.221731
 1314.000000 0.867583 2.454396 2454.395565 0.983987
 1316.000000 0.936887 0.221705 221.705096 0.088883
 1318.000000 0.908588 0.843292 843.292067 0.338082
 1320.000000 0.934047 0.266014 266.014078 0.106647
 1322.000000 0.885566 1.644343 1644.342779 0.659230
 1324.000000 0.904208 0.975279 975.279100 0.390997
 1326.000000 0.923943 0.456324 456.323818 0.182944
 1328.000000 0.902106 1.042023 1042.023097 0.417755
 1330.000000 1.001542 0.304071 304.070888 0.121904
 1332.000000 0.977989 0.032049 32.048881 0.012849
 1334.000000 0.961574 0.006483 6.482809 0.002599
 1336.000000 0.806523 6.411470 6411.470386 2.570409
 1338.000000 0.776038 9.084819 9084.818907 3.642175
 1340.000000 0.875280 2.087881 2087.881161 0.837048
 1342.000000 0.882898 1.754294 1754.294442 0.703310
 1344.000000 0.979574 0.041651 41.650963 0.016698
 1346.000000 1.006932 0.405324 405.323919 0.162498
 1348.000000 0.968653 0.000986 0.986313 0.000395
 1350.000000 1.016336 0.616767 616.767017 0.247267
 1352.000000 0.953384 0.044107 44.106630 0.017683
 1354.000000 1.036061 1.203905 1203.905294 0.482655
 1356.000000 0.859491 2.871680 2871.680152 1.151279
 1358.000000 1.032987 1.099584 1099.583680 0.440832
 1360.000000 0.985095 0.084905 84.905077 0.034039
 1362.000000 1.005613 0.379197 379.197411 0.152023
 1364.000000 0.894520 1.301270 1301.269913 0.521689
 1366.000000 0.972088 0.007348 7.347911 0.002946
 1368.000000 0.919176 0.563850 563.849774 0.226052
 1370.000000 0.982061 0.059250 59.249693 0.023754
 1372.000000 1.039248 1.317005 1317.005462 0.527998
 1374.000000 1.013017 0.537081 537.080705 0.215320
 1376.000000 0.971897 0.006838 6.838441 0.002742
 1378.000000 1.011368 0.499557 499.556772 0.200276
 1380.000000 0.966509 0.000006 0.006219 0.000002
 1382.000000 1.031918 1.064448 1064.447782 0.426745
 1384.000000 0.828651 4.762072 4762.071916 1.909152
 1386.000000 0.939344 0.186638 186.638485 0.074825
 1388.000000 0.954186 0.038944 38.944373 0.015613
 1390.000000 0.949401 0.074527 74.527182 0.029879
 1392.000000 1.006745 0.401571 401.570891 0.160993
 1394.000000 0.993719 0.182952 182.951974 0.073347
 1396.000000 0.901785 1.052406 1052.406108 0.421918
 1398.000000 0.964759 0.000910 0.909907 0.000365
 1400.000000 1.026251 0.887577 887.577472 0.355837
 1402.000000 1.074533 2.908761 2908.761072 1.166145
 1404.000000 0.976240 0.022911 22.910636 0.009185
 1406.000000 1.039814 1.337651 1337.651362 0.536275
 1408.000000 1.055808 1.986543 1986.543414 0.796421
 1410.000000 0.881738 1.803217 1803.217423 0.722924
 1412.000000 1.023741 0.814374 814.373649 0.326489
 1414.000000 0.928523 0.363731 363.730520 0.145822
 1416.000000 0.882258 1.781211 1781.210988 0.714102
 1418.000000 0.979764 0.042885 42.885177 0.017193
 1420.000000 0.925769 0.418157 418.156780 0.167642
 1422.000000 0.882096 1.788066 1788.066035 0.716850
 1424.000000 0.890917 1.434514 1434.513541 0.575108
 1426.000000 0.848223 3.507237 3507.236993 1.406079
 1428.000000 0.859309 2.881409 2881.409387 1.155180
 1430.000000 0.919554 0.554899 554.899180 0.222463
 1432.000000 0.920178 0.540306 540.305684 0.216613
 1434.000000 0.952309 0.051536 51.536377 0.020661
 1436.000000 0.893309 1.345325 1345.324689 0.539351
 1438.000000 0.892655 1.369443 1369.442633 0.549020
 1440.000000 0.893847 1.325676 1325.675766 0.531474
 1442.000000 0.943122 0.138587 138.587013 0.055561
 1444.000000 0.955170 0.033046 33.045502 0.013248
 1446.000000 1.038874 1.303479 1303.478804 0.522575
 1448.000000 0.982783 0.064933 64.933038 0.026032
 1450.000000 0.866688 2.498953 2498.953387 1.001850
 1452.000000 0.830481 4.636619 4636.619361 1.858857
 1454.000000 0.893396 1.342135 1342.134783 0.538072
 1456.000000 0.828235 4.790839 4790.839087 1.920685
 1458.000000 0.845540 3.667891 3667.891416 1.470487
 1460.000000 0.822062 5.227653 5227.653259 2.095807
 1462.000000 0.892701 1.367743 1367.743136 0.548339
 1464.000000 0.818907 5.458233 5458.233357 2.188249
 1466.000000 0.713166 16.065615 16065.614832 6.440832
 1468.000000 0.893727 1.330062 1330.061951 0.533232
 1470.000000 1.029193 0.977381 977.381060 0.391840
 1472.000000 1.052397 1.837405 1837.404528 0.736630
 1474.000000 0.888471 1.528646 1528.645641 0.612846
 1476.000000 0.788463 7.939113 7939.112605 3.182853
 1478.000000 0.902213 1.038555 1038.554669 0.416365
 1480.000000 0.999108 0.263103 263.102620 0.105480
 1482.000000 1.026567 0.897022 897.022365 0.359623
 1484.000000 0.991597 0.155384 155.383811 0.062295
 1486.000000 0.911776 0.753233 753.232781 0.301977
 1488.000000 0.993585 0.181147 181.146676 0.072623
 1490.000000 1.039277 1.318077 1318.077370 0.528428
 1492.000000 0.843745 3.777414 3777.414192 1.514395
 1494.000000 0.999059 0.262323 262.323493 0.105168
 1496.000000 0.899970 1.112099 1112.099302 0.445849
 1498.000000 0.941262 0.161348 161.347979 0.064686
 1500.000000 1.000444 0.285223 285.222792 0.114348
 1502.000000 0.909171 0.826446 826.445539 0.331329
 1504.000000 0.979873 0.043599 43.599305 0.017479
 1506.000000 0.954941 0.034370 34.370388 0.013779
 1508.000000 0.856159 3.052988 3052.988221 1.223967
 1510.000000 1.013364 0.545168 545.168473 0.218562
 1512.000000 0.998906 0.259847 259.847378 0.104175
 1514.000000 0.969843 0.002522 2.521858 0.001011
 1516.000000 0.889375 1.493513 1493.513427 0.598761
 1518.000000 0.892187 1.386801 1386.801273 0.555980
 1520.000000 0.949281 0.075568 75.567605 0.030296
 1522.000000 0.996675 0.225127 225.127354 0.090255
 1524.000000 0.919510 0.555942 555.942115 0.222882
 1526.000000 0.810996 6.058373 6058.373351 2.428850
 1528.000000 0.982810 0.065150 65.149835 0.026119
 1530.000000 0.957488 0.021062 21.061737 0.008444
 1532.000000 0.926999 0.393383 393.382732 0.157710
 1534.000000 0.908060 0.858683 858.682541 0.344253
 1536.000000 0.982022 0.058950 58.949558 0.023633
 1538.000000 0.997566 0.238689 238.688583 0.095692
 1540.000000 0.987878 0.112484 112.483757 0.045096
 1542.000000 0.925113 0.431678 431.678397 0.173063
 1544.000000 1.001630 0.305613 305.613184 0.122523
 1546.000000 0.909732 0.810382 810.381971 0.324889
 1548.000000 0.893859 1.325232 1325.232487 0.531296
 1550.000000 0.946336 0.103333 103.333203 0.041427
 1552.000000 0.925828 0.416954 416.953963 0.167160
 1554.000000 0.932027 0.299977 299.976828 0.120263
 1556.000000 1.031699 1.057315 1057.314601 0.423886
 1558.000000 1.064354 2.385725 2385.725349 0.956456
 1560.000000 1.044773 1.525149 1525.149277 0.611444
 1562.000000 1.042665 1.443930 1443.929994 0.578883
 1564.000000 0.964996 0.000698 0.698158 0.000280
 1566.000000 0.934828 0.253429 253.428628 0.101602
 1568.000000 0.922221 0.493854 493.854400 0.197990
 1570.000000 0.941394 0.159676 159.675656 0.064015
 1572.000000 0.932270 0.295788 295.788011 0.118584
 1574.000000 0.946046 0.106304 106.303523 0.042618
 1576.000000 0.849749 3.417451 3417.451410 1.370083
 1578.000000 0.764916 10.175799 10175.798646 4.079558
 1580.000000 0.852300 3.269962 3269.961855 1.310953
 1582.000000 0.872203 2.230842 2230.841556 0.894362
 1584.000000 1.020498 0.724453 724.452878 0.290439
 1586.000000 0.862108 2.733143 2733.142727 1.095738
 1588.000000 0.864145 2.627647 2627.647472 1.053445
 1590.000000 0.879898 1.882211 1882.211192 0.754593
 1592.000000 0.832735 4.484401 4484.400630 1.797832
 1594.000000 0.837880 4.146531 4146.530975 1.662377
 1596.000000 0.857829 2.961414 2961.413759 1.187254
 1598.000000 1.057385 2.057477 2057.476607 0.824859
 1600.000000 0.917523 0.603767 603.767046 0.242055
 1602.000000 0.993909 0.185543 185.542808 0.074386
 1604.000000 0.976663 0.024983 24.982655 0.010016
 1606.000000 0.984757 0.081818 81.817613 0.032801
 1608.000000 0.943312 0.136360 136.359928 0.054668
 1610.000000 0.945779 0.109079 109.078843 0.043731
 1612.000000 1.017951 0.657529 657.529259 0.263609
 1614.000000 0.932996 0.283428 283.427594 0.113628
 1616.000000 1.047316 1.626071 1626.071069 0.651905
 1618.000000 0.906185 0.914496 914.496228 0.366629
 1620.000000 0.853894 3.179422 3179.422266 1.274655
 1622.000000 0.980931 0.050867 50.867356 0.020393
 1624.000000 0.990319 0.139853 139.853382 0.056068
 1626.000000 0.990770 0.145239 145.238651 0.058227
 1628.000000 1.012740 0.530692 530.692214 0.212759
 1630.000000 1.003988 0.348224 348.223992 0.139606
 1632.000000 1.063125 2.326073 2326.072861 0.932541
 1634.000000 0.890500 1.450349 1450.348994 0.581456
 1636.000000 0.868784 2.395263 2395.262672 0.960280
 1638.000000 0.945546 0.111526 111.525861 0.044712
 1640.000000 0.823909 5.094911 5094.910587 2.042590
 1642.000000 0.989413 0.129354 129.354489 0.051859
 1644.000000 0.880704 1.847389 1847.388757 0.740633
 1646.000000 0.985737 0.090919 90.919347 0.036450
 1648.000000 0.909526 0.816259 816.258793 0.327245
 1650.000000 0.880514 1.855591 1855.590664 0.743921
 1652.000000 0.974171 0.014079 14.079024 0.005644
 1654.000000 0.846740 3.595629 3595.629488 1.441516
 1656.000000 0.947643 0.090479 90.478828 0.036274
 1658.000000 1.017579 0.648005 648.004543 0.259790
 1660.000000 0.888235 1.537874 1537.873814 0.616546
 1662.000000 0.950176 0.067985 67.984660 0.027256
 1664.000000 0.930867 0.320405 320.405396 0.128453
 1666.000000 0.898440 1.163704 1163.703573 0.466538
 1668.000000 1.038779 1.300046 1300.046221 0.521199
 1670.000000 1.016645 0.624451 624.451381 0.250347
 1672.000000 1.012269 0.519888 519.888472 0.208427
 1674.000000 0.995564 0.208771 208.770614 0.083698
 1676.000000 0.962992 0.003377 3.376539 0.001354
 1678.000000 0.886761 1.596227 1596.226687 0.639940
 1680.000000 0.931310 0.312517 312.516849 0.125290
 1682.000000 0.938580 0.197216 197.215661 0.079065
 1684.000000 0.893073 1.354012 1354.012366 0.542834
 1686.000000 1.067737 2.553815 2553.815383 1.023845
 1688.000000 0.952174 0.052509 52.509490 0.021051
 1690.000000 0.919120 0.565163 565.163433 0.226578
 1692.000000 0.875256 2.088987 2088.986530 0.837491
 1694.000000 0.936424 0.228654 228.654330 0.091669
 1696.000000 0.854401 3.150891 3150.891461 1.263217
 1698.000000 0.981228 0.053005 53.004599 0.021250
 1700.000000 1.039809 1.337464 1337.464247 0.536200
 1702.000000 0.857373 2.986297 2986.297340 1.197230
 1704.000000 1.009676 0.462453 462.452876 0.185401
 1706.000000 0.863189 2.676929 2676.929303 1.073202
 1708.000000 1.081574 3.300906 3300.906033 1.323359
 1710.000000 1.060143 2.184449 2184.449098 0.875763
 1712.000000 0.973598 0.012012 12.012176 0.004816
 1714.000000 0.940500 0.171178 171.178182 0.068627
 1716.000000 0.996580 0.223708 223.708315 0.089686
 1718.000000 1.010623 0.483040 483.039859 0.193654
 1720.000000 0.897699 1.189147 1189.147187 0.476738
 1722.000000 0.994119 0.188404 188.403818 0.075533
 1724.000000 0.920615 0.530184 530.183887 0.212555
 1726.000000 0.857559 2.976096 2976.096457 1.193141
 1728.000000 0.930856 0.320606 320.605926 0.128533
 1730.000000 0.909530 0.816159 816.159311 0.327205
 1732.000000 0.946330 0.103391 103.390840 0.041450
 1734.000000 0.878005 1.965207 1965.207471 0.787867
 1736.000000 0.858666 2.916028 2916.027758 1.169058
 1738.000000 0.906594 0.902166 902.166448 0.361686
 1740.000000 0.887466 1.568173 1568.172836 0.628693
 1742.000000 1.032058 1.069020 1069.020240 0.428579
 1744.000000 1.037462 1.252984 1252.983875 0.502331
 1746.000000 0.977829 0.031148 31.147620 0.012487
 1748.000000 1.002293 0.317316 317.315967 0.127214
 1750.000000 0.836851 4.213020 4213.019904 1.689033
 1752.000000 0.974446 0.015128 15.127946 0.006065
 1754.000000 0.993340 0.177866 177.865701 0.071308
 1756.000000 0.890612 1.446067 1446.066709 0.579740
 1758.000000 0.819503 5.414323 5414.322534 2.170645
 1760.000000 0.846695 3.598327 3598.326883 1.442598
 1762.000000 0.894263 1.310569 1310.568996 0.525417
 1764.000000 0.860347 2.825992 2825.992459 1.132963
 1766.000000 0.876327 2.040336 2040.335637 0.817987
 1768.000000 0.852756 3.243917 3243.917306 1.300512
 1770.000000 0.916424 0.631077 631.077172 0.253004
 1772.000000 0.958598 0.016276 16.275979 0.006525
 1774.000000 0.865101 2.578920 2578.920047 1.033909
 1776.000000 0.933596 0.273423 273.422732 0.109617
 1778.000000 1.082180 3.335827 3335.826610 1.337359
 1780.000000 1.007558 0.418030 418.030174 0.167592
 1782.000000 1.105127 4.792832 4792.831783 1.921484
 1784.000000 1.104594 4.755954 4755.953869 1.906699
 1786.000000 1.088159 3.690066 3690.066476 1.479377
 1788.000000 0.884386 1.692521 1692.521149 0.678545
 1790.000000 0.892762 1.365489 1365.488628 0.547435
 1792.000000 0.835991 4.269029 4269.029124 1.711487
 1794.000000 0.849716 3.419371 3419.371373 1.370853
 1796.000000 0.945442 0.112624 112.624154 0.045152
 1798.000000 1.001412 0.301816 301.816461 0.121001
 1800.000000 0.942727 0.143278 143.278146 0.057441
 1802.000000 1.052824 1.855753 1855.752744 0.743986
 1804.000000 0.885509 1.646633 1646.633297 0.660148
 1806.000000 0.920900 0.523637 523.637265 0.209930
 1808.000000 1.038723 1.298046 1298.046497 0.520397
 1810.000000 0.979093 0.038602 38.601802 0.015476
 1812.000000 0.865279 2.569874 2569.873888 1.030283
 1814.000000 0.853642 3.193666 3193.665941 1.280366
 1816.000000 0.939358 0.186439 186.439431 0.074745
 1818.000000 0.948064 0.086512 86.512269 0.034683
 1820.000000 0.928151 0.370861 370.861183 0.148681
 1822.000000 0.891234 1.422513 1422.512559 0.570296
 1824.000000 1.031895 1.063697 1063.697203 0.426445
 1826.000000 0.975510 0.019552 19.552250 0.007839
 1828.000000 0.978877 0.037272 37.271670 0.014943
 1830.000000 0.995519 0.208114 208.113996 0.083435
 1832.000000 0.975796 0.020838 20.837644 0.008354
 1834.000000 0.954458 0.037262 37.261702 0.014939
 1836.000000 0.982066 0.059285 59.285406 0.023768
 1838.000000 0.983435 0.070295 70.295179 0.028182
 1840.000000 1.026111 0.883408 883.408199 0.354165
 1842.000000 1.047795 1.645436 1645.436431 0.659668
 1844.000000 1.034396 1.146809 1146.809037 0.459765
 1846.000000 1.044937 1.531553 1531.553353 0.614012
 1848.000000 1.011954 0.512735 512.735010 0.205560
 1850.000000 0.895749 1.257330 1257.330163 0.504074
 1852.000000 0.972887 0.009674 9.673599 0.003878
 1854.000000 0.968812 0.001150 1.150431 0.000461
 1856.000000 1.064854 2.410190 2410.189752 0.966264
 1858.000000 1.008590 0.439386 439.386498 0.176154
 1860.000000 0.950973 0.061571 61.571127 0.024684
 1862.000000 0.848373 3.498354 3498.353842 1.402518
 1864.000000 0.843851 3.770898 3770.898185 1.511783
 1866.000000 0.977464 0.029143 29.142990 0.011684
 1868.000000 0.981070 0.051865 51.865076 0.020793
 1870.000000 0.847295 3.562411 3562.411129 1.428199
 1872.000000 0.879604 1.894973 1894.972706 0.759709
 1874.000000 0.915168 0.663033 663.032563 0.265815
 1876.000000 0.924601 0.442387 442.387422 0.177357
 1878.000000 0.880660 1.849307 1849.306829 0.741402
 1880.000000 0.906204 0.913924 913.924211 0.366399
 1882.000000 0.921823 0.502740 502.740289 0.201553
 1884.000000 0.954252 0.038530 38.529529 0.015447
 1886.000000 0.984003 0.075134 75.134220 0.030122
 1888.000000 0.859982 2.845408 2845.408142 1.140747
 1890.000000 0.841387 3.923744 3923.744075 1.573060
 1892.000000 0.903254 1.005306 1005.306342 0.403035
 1894.000000 0.758911 10.790570 10790.569909 4.326024
 1896.000000 0.899228 1.136991 1136.990881 0.455829
 1898.000000 0.917257 0.610330 610.329868 0.244686
 1900.000000 0.915819 0.646373 646.372502 0.259136
 1902.000000 0.922333 0.491366 491.365939 0.196992
 1904.000000 0.931834 0.303323 303.323334 0.121605
 1906.000000 1.003595 0.340922 340.922311 0.136678
 1908.000000 0.847009 3.579513 3579.512518 1.435055
 1910.000000 0.877957 1.967335 1967.335065 0.788720
 1912.000000 0.892928 1.359363 1359.363318 0.544979
 1914.000000 0.957367 0.021623 21.622976 0.008669
 1916.000000 0.969770 0.002407 2.407287 0.000965
 1918.000000 1.082472 3.352693 3352.692712 1.344121
 1920.000000 0.987474 0.108233 108.233087 0.043391
 1922.000000 0.944033 0.128075 128.074563 0.051346
 1924.000000 0.946608 0.100585 100.584518 0.040325
 1926.000000 0.902818 1.019169 1019.169429 0.408593
 1928.000000 0.987704 0.110639 110.639099 0.044356
 1930.000000 0.923601 0.463669 463.668967 0.185889
 1932.000000 1.010524 0.480870 480.869571 0.192784
 1934.000000 0.925089 0.432179 432.178960 0.173264
 1936.000000 0.961746 0.006053 6.053236 0.002427
 1938.000000 0.947358 0.093203 93.202660 0.037366
 1940.000000 0.949972 0.069677 69.677301 0.027934
 1942.000000 1.008796 0.443711 443.711254 0.177887
 1944.000000 0.996678 0.225172 225.171913 0.090273
 1946.000000 1.010176 0.473276 473.275694 0.189740
 1948.000000 1.045341 1.547416 1547.416073 0.620371
 1950.000000 1.029238 0.978782 978.782067 0.392401
 1952.000000 1.006832 0.403317 403.317302 0.161693
 1954.000000 0.944645 0.121240 121.240477 0.048606
 1956.000000 1.073941 2.876935 2876.934746 1.153386
 1958.000000 0.878392 1.948106 1948.105880 0.781011
 1960.000000 0.926517 0.402998 402.997830 0.161565
 1962.000000 0.990241 0.138937 138.937294 0.055701
 1964.000000 0.953586 0.042773 42.773472 0.017148
 1966.000000 1.060825 2.216455 2216.455404 0.888594
 1968.000000 1.073167 2.835564 2835.564101 1.136800
 1970.000000 0.975454 0.019303 19.303377 0.007739
 1972.000000 0.896127 1.243953 1243.953455 0.498711
 1974.000000 0.887305 1.574571 1574.571386 0.631258
 1976.000000 1.024504 0.836282 836.281891 0.335272
 1978.000000 1.016870 0.630089 630.088661 0.252608
 1980.000000 0.833334 4.444368 4444.368036 1.781782
 1982.000000 0.942236 0.149219 149.218566 0.059823
 1984.000000 0.912454 0.734762 734.762049 0.294572
 1986.000000 1.002563 0.322145 322.145044 0.129150
 1988.000000 1.101497 4.544833 4544.832714 1.822059
 1990.000000 0.991035 0.148458 148.457878 0.059518
 1992.000000 1.001280 0.299524 299.523946 0.120082
 1994.000000 0.785276 8.225627 8225.627455 3.297719
 1996.000000 0.807412 6.340493 6340.493044 2.541954
 1998.000000 0.912996 0.720140 720.140440 0.288710
 2000.000000 0.932887 0.285269 285.269141 0.114367
