#! FIELDS time d1 bb.bias bb.force2 lw
 0.000000 0.837001 4.203328 4203.328221 1.685147
 2.000000 1.044534 1.515833 1515.833026 0.607709
 4.000000 1.029453 0.985535 985.535076 0.395109
 6.000000 0.882515 1.770372 1770.372396 0.709756
 8.000000 0.878470 1.944675 1944.675350 0.779636
 10.000000 0.985138 0.085299 85.299302 0.034197
 12.000000 0.899362 1.132491 1132.490710 0.454024
 14.000000 0.944165 0.126581 126.580899 0.050747
 16.000000 0.871521 2.263189 2263.188780 0.907330
 18.000000 0.896187 1.241833 1241.832992 0.497861
 20.000000 0.921021 0.520874 520.874185 0.208823
 22.000000 0.958486 0.016732 16.732222 0.006708
 24.000000 0.851731 3.302525 3302.524530 1.324008
 26.000000 0.950329 0.066729 66.728826 0.026752
 28.000000 0.791652 7.657573 7657.573318 3.069981
 30.000000 0.977762 0.030775 30.775283 0.012338
 32.000000 0.969502 0.002009 2.009416 0.000806
 34.000000 0.892532 1.373971 1373.970689 0.550836
 36.000000 0.914211 0.687904 687.904399 0.275786
 38.000000 1.049639 1.721082 1721.082043 0.689995
 40.000000 0.956304 0.026846 26.846120 0.010763
 42.000000 1.054182 1.914747 1914.747301 0.767637
 44.000000 1.049645 1.721335 1721.335441 0.690097
 46.000000 0.986298 0.096350 96.350035 0.038627
 48.000000 0.890654 1.444493 1444.493099 0.579109
 50.000000 0.934258 0.262577 262.577112 0.105269
 52.000000 0.992349 0.164895 164.894661 0.066108
 54.000000 0.928488 0.364411 364.411309 0.146095
 56.000000 0.857585 2.974699 2974.699090 1.192580
 58.000000 0.906346 0.909646 909.646170 0.364684
 60.000000 0.897671 1.190091 1190.090655 0.477117
 62.000000 0.889143 1.502482 1502.481574 0.602357
 64.000000 0.931479 0.309550 309.550130 0.124101
 66.000000 1.001199 0.298116 298.115590 0.119517
 68.000000 0.968787 0.001123 1.123433 0.000450
 70.000000 0.979919 0.043907 43.907345 0.017603
 72.000000 0.934749 0.254680 254.680368 0.102103
 74.000000 0.959246 0.013766 13.765704 0.005519
 76.000000 1.036987 1.236243 1236.243378 0.495620
 78.000000 0.962739 0.003856 3.856444 0.001546
 80.000000 0.912994 0.720198 720.198462 0.288733
 82.000000 0.936464 0.228052 228.052243 0.091428
 84.000000 0.887649 1.560946 1560.946177 0.625796
 86.000000 0.953247 0.045019 45.018792 0.018048
 88.000000 0.962809 0.003720 3.719525 0.001491
 90.000000 0.982151 0.059939 59.939343 0.024030
 92.000000 1.015958 0.607400 607.399819 0.243511
 94.000000 0.927485 0.383804 383.803835 0.153870
 96.000000 0.963331 0.002782 2.781538 0.001115
 98.000000 0.851118 3.337902 3337.902393 1.338191
 100.000000 0.837629 4.162676 4162.676250 1.668850
 102.000000 0.904255 0.973805 973.804559 0.390406
 104.000000 0.978086 0.032601 32.601098 0.013070
 106.000000 0.995575 0.208926 208.925774 0.083760
 108.000000 0.978093 0.032639 32.639296 0.013085
 110.000000 1.003899 0.346554 346.553753 0.138936
 112.000000 0.916066 0.640113 640.112739 0.256626
 114.000000 0.879879 1.883031 1883.031193 0.754922
 116.000000 0.989051 0.125262 125.262305 0.050219
 118.000000 0.891478 1.413328 1413.328326 0.566614
 120.000000 0.951107 0.060522 60.522158 0.024264
 122.000000 1.022996 0.793258 793.257642 0.318023
 124.000000 0.800289 6.920349 6920.349472 2.774423
 126.000000 0.885003 1.667222 1667.222014 0.668402
 128.000000 0.871001 2.287979 2287.979280 0.917269
 130.000000 0.892058 1.391612 1391.611979 0.557908
 132.000000 0.972949 0.009868 9.868266 0.003956
 134.000000 0.990104 0.137323 137.323283 0.055054
 136.000000 0.988319 0.117209 117.209066 0.046990
 138.000000 0.929410 0.347018 347.017764 0.139122
 140.000000 0.931376 0.311355 311.354592 0.124825
 142.000000 0.931204 0.314402 314.402209 0.126046
 144.000000 0.900212 1.104072 1104.072002 0.442631
 146.000000 0.891937 1.396116 1396.116341 0.559714
 148.000000 0.869161 2.376818 2376.817899 0.952885
 150.000000 0.899073 1.142222 1142.221953 0.457926
 152.000000 0.910838 0.779203 779.202589 0.312388
 154.000000 0.951333 0.058779 58.779424 0.023565
 156.000000 0.933514 0.274780 274.779605 0.110161
 158.000000 0.948143 0.085783 85.782761 0.034391
 160.000000 0.920062 0.543010 543.010141 0.217697
 162.000000 0.971732 0.006415 6.414593 0.002572
 164.000000 0.844428 3.735558 3735.557758 1.497615
 166.000000 0.910858 0.778648 778.647778 0.312166
 168.000000 1.012727 0.530380 530.380457 0.212634
 170.000000 0.950076 0.068811 68.811285 0.027587
 172.000000 0.972258 0.007816 7.815829 0.003133
 174.000000 0.991238 0.150932 150.932024 0.060510
 176.000000 0.930598 0.325228 325.228490 0.130387
 178.000000 0.899863 1.115682 1115.681713 0.447286
 180.000000 0.780426 8.671352 8671.352357 3.476413
 182.000000 0.900011 1.110739 1110.738968 0.445304
 184.000000 0.949578 0.073007 73.006660 0.029269
 186.000000 0.905910 0.922834 922.833810 0.369971
 188.000000 0.896845 1.218779 1218.779452 0.488618
 190.000000 0.997513 0.237868 237.867843 0.095363
 192.000000 0.882561 1.768432 1768.432284 0.708978
 194.000000 0.930210 0.332269 332.269015 0.133209
 196.000000 0.981660 0.056199 56.199141 0.022531
 198.000000 0.937727 0.209378 209.378392 0.083941
 200.000000 1.020770 0.731791 731.791479 0.293381
 202.000000 0.991901 0.159190 159.189887 0.063820
 204.000000 1.007115 0.409026 409.026034 0.163982
 206.000000 0.939773 0.180816 180.816482 0.072491
 208.000000 0.882222 1.782742 1782.741991 0.714715
 210.000000 0.944898 0.118474 118.473901 0.047497
 212.000000 1.012266 0.519835 519.834544 0.208406
 214.000000 0.874454 2.125783 2125.783182 0.852243
 216.000000 0.930418 0.328487 328.486559 0.131693
 218.000000 0.912049 0.745770 745.769975 0.298985
 220.000000 0.908882 0.834768 834.768385 0.334665
 222.000000 0.947606 0.090831 90.830623 0.036415
 224.000000 1.026151 0.884599 884.598678 0.354643
 226.000000 1.002046 0.312924 312.924033 0.125454
 228.000000 0.957501 0.021005 21.004633 0.008421
 230.000000 0.954533 0.036804 36.804048 0.014755
 232.000000 0.932277 0.295669 295.669090 0.118536
 234.000000 0.930939 0.319122 319.122447 0.127939
 236.000000 1.030014 1.003236 1003.236312 0.402205
 238.000000 1.034409 1.147240 1147.240381 0.459938
 240.000000 0.868193 2.424263 2424.263269 0.971906
 242.000000 0.944175 0.126464 126.463868 0.050700
 244.000000 0.872410 2.221071 2221.070583 0.890445
 246.000000 0.916054 0.640407 640.407410 0.256744
 248.000000 0.926884 0.395673 395.672877 0.158628
 250.000000 0.997253 0.233880 233.880216 0.093764
 252.000000 0.837488 4.171756 4171.756331 1.672490
 254.000000 0.971657 0.006227 6.226603 0.002496
 256.000000 0.985583 0.089456 89.456382 0.035864
 258.000000 0.953197 0.045358 45.357918 0.018184
 260.000000 0.969336 0.001781 1.781097 0.000714
 262.000000 0.995188 0.203373 203.373455 0.081534
 264.000000 0.953227 0.045157 45.156685 0.018104
 266.000000 0.924002 0.455059 455.059155 0.182437
 268.000000 0.898951 1.146339 1146.339156 0.459576
 270.000000 1.019969 0.710283 710.283458 0.284758
 272.000000 1.068182 2.576362 2576.361982 1.032884
 274.000000 1.002276 0.317013 317.013411 0.127093
 276.000000 1.127264 6.447846 6447.846301 2.584992
 278.000000 1.026579 0.897375 897.375378 0.359765
 280.000000 0.936817 0.222744 222.743830 0.089300
 282.000000 0.954226 0.038694 38.693582 0.015513
 284.000000 1.031853 1.062301 1062.300685 0.425885
 286.000000 0.934320 0.261569 261.568727 0.104865
 288.000000 0.974256 0.014398 14.398154 0.005772
 290.000000 0.907886 0.863778 863.777756 0.346295
 292.000000 0.856935 3.010258 3010.257717 1.206836
 294.000000 0.944313 0.124917 124.917274 0.050080
 296.000000 0.959915 0.011397 11.397161 0.004569
 298.000000 0.925650 0.420584 420.583892 0.168615
 300.000000 0.956605 0.025311 25.311285 0.010147
 302.000000 1.005633 0.379601 379.601016 0.152185
 304.000000 0.861500 2.765009 2765.008805 1.108514
 306.000000 0.871786 2.250607 2250.607240 0.902286
 308.000000 0.959708 0.012104 12.104328 0.004853
 310.000000 0.888032 1.545859 1545.858547 0.619747
 312.000000 0.876080 2.051496 2051.496466 0.822461
 314.000000 0.917223 0.611173 611.173273 0.245024
 316.000000 0.842279 3.868047 3868.047277 1.550731
 318.000000 0.890977 1.432239 1432.239369 0.574196
 320.000000 0.884860 1.673066 1673.065794 0.670745
 322.000000 0.982137 0.059831 59.831245 0.023987
 324.000000 0.907610 0.871916 871.916012 0.349558
 326.000000 0.874599 2.119122 2119.122037 0.849573
 328.000000 0.926620 0.400932 400.931541 0.160737
 330.000000 0.942821 0.142150 142.150333 0.056989
 332.000000 0.872044 2.238359 2238.359040 0.897376
 334.000000 0.994493 0.193571 193.571467 0.077604
 336.000000 0.912866 0.723630 723.629670 0.290109
 338.000000 0.941825 0.154276 154.276030 0.061850
 340.000000 0.942493 0.146095 146.095010 0.058571
 342.000000 0.956166 0.027565 27.564630 0.011051
 344.000000 0.909830 0.807603 807.602639 0.323774
 346.000000 0.892382 1.379565 1379.565326 0.553079
 348.000000 0.902760 1.021025 1021.024569 0.409337
 350.000000 0.863803 2.645244 2645.243869 1.060499
 352.000000 0.907236 0.882995 882.994841 0.354000
 354.000000 0.956932 0.023690 23.690122 0.009498
 356.000000 0.909789 0.808761 808.760705 0.324239
 358.000000 0.967153 0.000059 0.059196 0.000024
 360.000000 0.842185 3.873920 3873.920225 1.553085
 362.000000 0.864345 2.617432 2617.432118 1.049349
 364.000000 0.960072 0.010872 10.872080 0.004359
 366.000000 0.946862 0.098058 98.058018 0.039312
 368.000000 0.880744 1.845663 1845.662667 0.739941
 370.000000 0.879958 1.879609 1879.608916 0.753550
 372.000000 0.840954 3.950892 3950.892213 1.583944
 374.000000 0.882398 1.775319 1775.318959 0.711739
 376.000000 0.846775 3.593507 3593.506714 1.440665
 378.000000 0.883276 1.738490 1738.489607 0.696974
 380.000000 0.781209 8.598617 8598.616587 3.447253
 382.000000 0.869879 2.341939 2341.939069 0.938902
 384.000000 0.805624 6.483692 6483.691688 2.599363
 386.000000 0.904997 0.950787 950.786521 0.381178
 388.000000 0.959683 0.012195 12.194554 0.004889
 390.000000 0.945842 0.108413 108.413081 0.043464
 392.000000 0.978576 0.035457 35.456522 0.014215
 394.000000 0.890189 1.462192 1462.192490 0.586204
 396.000000 0.920468 0.533584 533.584474 0.213918
 398.000000 0.923445 0.467035 467.035105 0.187238
 400.000000 0.975203 0.018215 18.215408 0.007303
 402.000000 0.946329 0.103408 103.408114 0.041457
 404.000000 0.905383 0.938929 938.928984 0.376424
 406.000000 0.922300 0.492104 492.104074 0.197288
 408.000000 0.966002 0.000111 0.110570 0.000044
 410.000000 0.919726 0.550865 550.864998 0.220846
 412.000000 0.942265 0.148858 148.857859 0.059678
 414.000000 0.939779 0.180731 180.730674 0.072456
 416.000000 0.813533 5.862453 5862.452626 2.350303
 418.000000 0.870916 2.292028 2292.027566 0.918892
 420.000000 0.935714 0.239521 239.521250 0.096026
 422.000000 0.897222 1.205646 1205.646469 0.483353
 424.000000 1.010631 0.483225 483.224945 0.193729
 426.000000 1.123585 6.155822 6155.822187 2.467918
 428.000000 0.953867 0.040960 40.960430 0.016421
 430.000000 0.923000 0.476699 476.698851 0.191112
 432.000000 0.947912 0.087934 87.933677 0.035253
 434.000000 0.944760 0.119976 119.976479 0.048100
 436.000000 0.990660 0.143914 143.914083 0.057696
 438.000000 0.992699 0.169417 169.416971 0.067921
 440.000000 0.970657 0.003981 3.981496 0.001596
 442.000000 1.002965 0.329395 329.394925 0.132057
 444.000000 1.057917 2.081641 2081.641488 0.834546
 446.000000 0.942120 0.150637 150.637173 0.060392
 448.000000 1.006683 0.400324 400.323913 0.160493
 450.000000 0.949714 0.071849 71.849380 0.028805
 452.000000 0.885396 1.651250 1651.249649 0.661999
 454.000000 1.015816 0.603904 603.904162 0.242110
 456.000000 0.846973 3.581643 3581.642838 1.435909
 458.000000 0.940291 0.173918 173.917524 0.069725
 460.000000 0.894973 1.284999 1284.999069 0.515166
 462.000000 0.878701 1.934481 1934.481237 0.775549
 464.000000 0.879695 1.891030 1891.030372 0.758129
 466.000000 0.940340 0.173274 173.274431 0.069467
 468.000000 0.886585 1.603274 1603.273999 0.642765
 470.000000 0.957225 0.022288 22.287916 0.008935
 472.000000 0.978267 0.033643 33.642617 0.013488
 474.000000 0.886060 1.624361 1624.360779 0.651219
 476.000000 0.967739 0.000287 0.287397 0.000115
 478.000000 1.021117 0.741216 741.215988 0.297159
 480.000000 0.931648 0.306580 306.580134 0.122910
 482.000000 0.822057 5.227966 5227.966191 2.095933
 484.000000 0.841262 3.931598 3931.598435 1.576209
 486.000000 0.846290 3.622616 3622.616474 1.452335
 488.000000 0.926078 0.411851 411.850599 0.165114
 490.000000 0.997625 0.239601 239.600676 0.096058
 492.000000 0.877824 1.973241 1973.240972 0.791088
 494.000000 0.874324 2.131779 2131.778668 0.854647
 496.000000 0.969234 0.001648 1.648294 0.000661
 498.000000 0.866430 2.511870 2511.869609 1.007028
 500.000000 0.881625 1.808020 1808.019699 0.724849
 502.000000 1.036068 1.204138 1204.137822 0.482748
 504.000000 0.848897 3.467400 3467.400227 1.390108
 506.000000 0.886289 1.615155 1615.155288 0.647528
 508.000000 0.932701 0.288422 288.422459 0.115631
 510.000000 1.062918 2.316066 2316.065955 0.928529
 512.000000 1.024604 0.839197 839.196687 0.336441
 514.000000 0.996203 0.218103 218.103048 0.087439
 516.000000 0.927213 0.389141 389.140715 0.156010
 518.000000 0.906953 0.891433 891.432636 0.357382
 520.000000 0.802186 6.763467 6763.466851 2.711527
 522.000000 0.895350 1.271529 1271.529171 0.509766
 524.000000 0.913122 0.716762 716.761868 0.287355
 526.000000 0.814674 5.775409 5775.409286 2.315407
 528.000000 0.982663 0.063974 63.973859 0.025648
 530.000000 1.014138 0.563373 563.373030 0.225861
 532.000000 1.002298 0.317395 317.394871 0.127246
 534.000000 1.033215 1.107168 1107.167768 0.443872
 536.000000 0.897553 1.194187 1194.187305 0.478759
 538.000000 0.997074 0.231145 231.145029 0.092668
 540.000000 0.923308 0.469984 469.983831 0.188420
 542.000000 1.012845 0.533110 533.109585 0.213728
 544.000000 0.864413 2.613946 2613.945685 1.047951
 546.000000 0.990949 0.147411 147.410620 0.059098
 548.000000 0.966124 0.000074 0.073722 0.000030
 550.000000 1.006101 0.388757 388.756927 0.155856
 552.000000 0.896538 1.229492 1229.492072 0.492913
 554.000000 0.986673 0.100067 100.067071 0.040118
 556.000000 0.968871 0.001215 1.215011 0.000487
 558.000000 1.047199 1.621381 1621.380942 0.650024
 560.000000 0.971098 0.004910 4.910182 0.001969
 562.000000 0.966675 0.000000 0.000018 0.000000
 564.000000 1.046648 1.599262 1599.262260 0.641157
 566.000000 1.060420 2.197440 2197.440397 0.880971
 568.000000 0.959375 0.013293 13.292806 0.005329
 570.000000 0.922349 0.491013 491.013002 0.196851
 572.000000 0.911889 0.750144 750.144321 0.300739
 574.000000 0.841768 3.899912 3899.912067 1.563505
 576.000000 0.969533 0.002054 2.054260 0.000824
 578.000000 1.085438 3.526645 3526.645183 1.413860
 580.000000 1.015744 0.602156 602.155953 0.241409
 582.000000 1.000464 0.285566 285.566042 0.114486
 584.000000 0.893503 1.338224 1338.223591 0.536504
 586.000000 0.980214 0.045880 45.879717 0.018394
 588.000000 1.035480 1.183829 1183.828502 0.474606
 590.000000 1.014433 0.570417 570.417498 0.228685
 592.000000 0.856427 3.038202 3038.201926 1.218039
 594.000000 0.962857 0.003628 3.628046 0.001455
 596.000000 0.925924 0.414999 414.998584 0.166376
 598.000000 0.986401 0.097362 97.361941 0.039033
 600.000000 0.927786 0.377922 377.921794 0.151512
 602.000000 0.858736 2.912268 2912.268112 1.167551
 604.000000 0.931700 0.305672 305.672331 0.122546
 606.000000 0.892482 1.375829 1375.829227 0.551581
 608.000000 0.948901 0.078903 78.902717 0.031633
 610.000000 0.981254 0.053197 53.197250 0.021327
 612.000000 1.008944 0.446833 446.832875 0.179139
 614.000000 0.961387 0.006969 6.968765 0.002794
 616.000000 0.924988 0.434273 434.272635 0.174103
 618.000000 0.947801 0.088978 88.977750 0.035672
 620.000000 0.922766 0.481808 481.808248 0.193161
 622.000000 1.026576 0.897283 897.283106 0.359728
 624.000000 0.977527 0.029486 29.486315 0.011821
 626.000000 0.876219 2.045216 2045.215652 0.819943
 628.000000 0.981565 0.055490 55.489744 0.022246
 630.000000 0.971522 0.005894 5.894359 0.002363
 632.000000 0.923603 0.463615 463.615070 0.185867
 634.000000 0.986128 0.094682 94.681880 0.037959
 636.000000 0.914504 0.680227 680.226757 0.272708
 638.000000 0.932204 0.296913 296.913092 0.119035
 640.000000 0.899975 1.111937 1111.936846 0.445784
 642.000000 0.960524 0.009433 9.433115 0.003782
 644.000000 0.955824 0.029389 29.388869 0.011782
 646.000000 0.946638 0.100287 100.287331 0.040206
 648.000000 0.876429 2.035687 2035.687196 0.816123
 650.000000 0.907124 0.886341 886.340996 0.355341
 652.000000 0.988303 0.117032 117.032423 0.046919
 654.000000 1.025037 0.851765 851.764719 0.341479
 656.000000 0.933106 0.281579 281.578783 0.112887
 658.000000 0.914828 0.671804 671.803825 0.269331
 660.000000 0.912103 0.744288 744.287986 0.298391
 662.000000 0.906172 0.914916 914.916282 0.366797
 664.000000 0.998024 0.245818 245.817658 0.098550
 666.000000 1.024692 0.841730 841.729523 0.337456
 668.000000 0.944722 0.120390 120.390199 0.048265
 670.000000 0.965830 0.000175 0.175051 0.000070
 672.000000 0.977784 0.030900 30.899827 0.012388
 674.000000 0.951860 0.054810 54.810460 0.021974
 676.000000 0.904985 0.951155 951.154704 0.381325
 678.000000 0.828551 4.768970 4768.970003 1.911918
 680.000000 0.974925 0.017050 17.049933 0.006835
 682.000000 1.005395 0.374976 374.975984 0.150331
 684.000000 0.927659 0.380402 380.402216 0.152506
 686.000000 0.916231 0.635941 635.940614 0.254954
 688.000000 0.969071 0.001445 1.445177 0.000579
 690.000000 0.968656 0.000989 0.989448 0.000397
 692.000000 0.944331 0.124717 124.716709 0.050000
 694.000000 0.918206 0.587116 587.115749 0.235379
 696.000000 0.869182 2.375818 2375.817733 0.952484
 698.000000 1.006197 0.390656 390.656236 0.156617
 700.000000 0.878842 1.928312 1928.311941 0.773075
 702.000000 0.892188 1.386770 1386.769711 0.555967
 704.000000 0.925135 0.431211 431.211260 0.172876
 706.000000 0.934335 0.261328 261.327767 0.104768
 708.000000 1.009931 0.467945 467.945214 0.187603
 710.000000 0.898263 1.169758 1169.758132 0.468965
 712.000000 0.947276 0.094000 94.000247 0.037685
 714.000000 0.822097 5.225090 5225.089537 2.094780
 716.000000 0.984217 0.077002 77.002017 0.030871
 718.000000 0.936657 0.225145 225.144551 0.090262
 720.000000 0.936856 0.222172 222.172127 0.089071
 722.000000 0.886886 1.591223 1591.223378 0.637934
 724.000000 0.931299 0.312711 312.711265 0.125368
 726.000000 1.059527 2.155750 2155.749512 0.864257
 728.000000 0.996129 0.217011 217.010646 0.087001
 730.000000 0.916545 0.628040 628.040338 0.251786
 732.000000 0.966921 0.000016 0.016179 0.000006
 734.000000 0.950976 0.061546 61.545709 0.024674
 736.000000 0.878862 1.927408 1927.408127 0.772713
 738.000000 0.945373 0.113358 113.358115 0.045446
 740.000000 0.873253 2.181535 2181.535265 0.874595
 742.000000 0.972166 0.007562 7.561661 0.003032
 744.000000 0.873197 2.184140 2184.140236 0.875639
 746.000000 0.934166 0.264066 264.066148 0.105866
 748.000000 1.008180 0.430842 430.841884 0.172728
 750.000000 1.050503 1.757112 1757.111759 0.704440
 752.000000 0.909822 0.807841 807.841071 0.323870
 754.000000 1.022973 0.792607 792.606535 0.317762
 756.000000 0.853148 3.221644 3221.643569 1.291582
 758.000000 0.880551 1.853958 1853.958302 0.743266
 760.000000 0.953383 0.044116 44.116349 0.017687
 762.000000 0.852080 3.282520 3282.519847 1.315988
 764.000000 0.953205 0.045307 45.307230 0.018164
 766.000000 0.888591 1.523938 1523.938411 0.610959
 768.000000 0.944985 0.117524 117.524291 0.047116
 770.000000 0.943352 0.135894 135.894182 0.054481
 772.000000 0.985837 0.091878 91.877551 0.036834
 774.000000 0.886027 1.625683 1625.682944 0.651749
 776.000000 0.904609 0.962782 962.781661 0.385987
 778.000000 0.963535 0.002452 2.452330 0.000983
 780.000000 0.887247 1.576868 1576.868353 0.632179
 782.000000 0.877330 1.995259 1995.259493 0.799915
 784.000000 0.903419 1.000069 1000.068843 0.400935
 786.000000 0.896420 1.233640 1233.639921 0.494576
 788.000000 1.031843 1.062004 1062.004498 0.425766
 790.000000 0.898393 1.165313 1165.312604 0.467183
 792.000000 0.884351 1.693971 1693.970688 0.679126
 794.000000 1.011079 0.493115 493.114632 0.197694
 796.000000 1.000530 0.286676 286.675887 0.114931
 798.000000 0.965117 0.000600 0.600475 0.000241
 800.000000 0.893243 1.347752 1347.752323 0.540325
 802.000000 0.888260 1.536903 1536.903143 0.616157
 804.000000 0.916609 0.626445 626.445465 0.251147
 806.000000 0.973360 0.011199 11.198647 0.004490
 808.000000 1.033117 1.103908 1103.908298 0.442566
 810.000000 1.006270 0.392116 392.115881 0.157202
 812.000000 0.974543 0.015509 15.508621 0.006218
 814.000000 0.978246 0.033523 33.522687 0.013440
 816.000000 0.911255 0.767604 767.604470 0.307739
 818.000000 0.901556 1.059839 1059.838660 0.424898
 820.000000 0.856364 3.041668 3041.667804 1.219429
 822.000000 0.901083 1.075298 1075.297670 0.431095
 824.000000 0.843944 3.765231 3765.230588 1.509511
 826.000000 1.005643 0.379789 379.789267 0.152261
 828.000000 0.886757 1.596403 1596.403026 0.640011
 830.000000 0.970019 0.002810 2.810286 0.001127
 832.000000 0.797627 7.143582 7143.581665 2.863918
 834.000000 0.906697 0.899099 899.098757 0.360456
 836.000000 0.928464 0.364853 364.853492 0.146273
 838.000000 0.949063 0.077475 77.474860 0.031060
 840.000000 0.872067 2.237268 2237.268258 0.896938
 842.000000 0.863216 2.675505 2675.504728 1.072631
 844.000000 0.926814 0.397054 397.054329 0.159182
 846.000000 0.917912 0.594259 594.259098 0.238243
 848.000000 0.953758 0.041657 41.657171 0.016701
 850.000000 0.879181 1.913447 1913.446722 0.767116
 852.000000 0.889887 1.473761 1473.760986 0.590842
 854.000000 0.747217 12.039514 12039.513853 4.826736
 856.000000 0.919171 0.563952 563.951591 0.226093
 858.000000 0.837119 4.195675 4195.674761 1.682079
 860.000000 0.835365 4.310016 4310.015806 1.727919
 862.000000 0.972292 0.007912 7.911791 0.003172
 864.000000 0.973294 0.010982 10.981677 0.004403
 866.000000 0.918752 0.573947 573.947195 0.230100
 868.000000 0.914714 0.674777 674.776830 0.270523
 870.000000 0.855287 3.101341 3101.340918 1.243352
 872.000000 1.020120 0.714302 714.301724 0.286369
 874.000000 0.820181 5.364496 5364.496379 2.150669
 876.000000 0.920155 0.540832 540.832045 0.216824
 878.000000 0.893116 1.352413 1352.412739 0.542193
 880.000000 0.890473 1.451369 1451.369494 0.581865
 882.000000 0.891050 1.429455 1429.455435 0.573080
 884.000000 0.962972 0.003413 3.413069 0.001368
 886.000000 0.925406 0.425602 425.601890 0.170627
 888.000000 0.902539 1.028084 1028.083901 0.412167
 890.000000 0.966491 0.000008 0.007733 0.000003
 892.000000 1.000869 0.292455 292.454859 0.117247
 894.000000 0.992382 0.165322 165.322053 0.066279
 896.000000 0.912861 0.723765 723.765117 0.290163
 898.000000 0.963167 0.003061 3.061102 0.001227
 900.000000 0.966340 0.000027 0.026717 0.000011
 902.000000 0.830311 4.648224 4648.223795 1.863510
 904.000000 0.889093 1.504401 1504.400670 0.603126
 906.000000 0.964802 0.000869 0.869213 0.000348
 908.000000 0.911033 0.773786 773.785739 0.310217
 910.000000 0.911206 0.768978 768.978193 0.308289
 912.000000 0.992198 0.162960 162.959758 0.065332
 914.000000 0.965795 0.000190 0.190029 0.000076
 916.000000 0.906845 0.894657 894.656798 0.358675
 918.000000 0.969542 0.002066 2.066440 0.000828
 920.000000 0.966556 0.000003 0.003063 0.000001
 922.000000 0.892268 1.383798 1383.797694 0.554775
 924.000000 0.853231 3.216936 3216.936331 1.289695
 926.000000 0.848124 3.513062 3513.062373 1.408414
 928.000000 0.838950 4.077865 4077.864539 1.634848
 930.000000 0.899679 1.121837 1121.836869 0.449753
 932.000000 1.002717 0.324905 324.905155 0.130257
 934.000000 0.950615 0.064414 64.413732 0.025824
 936.000000 0.994751 0.197189 197.189350 0.079055
 938.000000 0.915727 0.648718 648.718280 0.260076
 940.000000 0.955097 0.033463 33.462646 0.013415
 942.000000 0.980441 0.047434 47.434144 0.019017
 944.000000 0.869965 2.337795 2337.794789 0.937240
 946.000000 0.980228 0.045979 45.979459 0.018434
 948.000000 0.972942 0.009846 9.845815 0.003947
 950.000000 0.908693 0.840246 840.245618 0.336861
 952.000000 0.935380 0.244721 244.721079 0.098111
 954.000000 0.940415 0.172288 172.288123 0.069072
 956.000000 0.832077 4.528561 4528.561327 1.815536
 958.000000 0.960092 0.010807 10.806661 0.004332
 960.000000 1.017206 0.638558 638.557773 0.256003
 962.000000 0.948222 0.085048 85.048465 0.034097
 964.000000 0.966942 0.000019 0.018986 0.000008
 966.000000 0.890038 1.467979 1467.979443 0.588525
 968.000000 0.983626 0.071903 71.902886 0.028826
 970.000000 0.949893 0.070336 70.335775 0.028198
 972.000000 1.015701 0.601101 601.101413 0.240986
 974.000000 0.992039 0.160934 160.934438 0.064520
 976.000000 0.956707 0.024796 24.796265 0.009941
 978.000000 0.856149 3.053513 3053.512623 1.224177
 980.000000 0.990190 0.138342 138.342377 0.055463
 982.000000 0.943985 0.128618 128.617871 0.051564
 984.000000 0.993452 0.179370 179.370092 0.071911
 986.000000 0.956726 0.024702 24.702149 0.009903
 988.000000 1.008263 0.432556 432.555985 0.173415
 990.000000 0.991499 0.154165 154.164507 0.061806
 992.000000 0.932467 0.292411 292.411091 0.117230
 994.000000 0.913820 0.698199 698.199323 0.279914
 996.000000 1.065006 2.417653 2417.652727 0.969256
 998.000000 0.953990 0.040177 40.176566 0.016107
 1000.000000 0.974494 0.015319 15.318546 0.006141
 1002.000000 0.867315 2.467690 2467.689893 0.989316
 1004.000000 0.938556 0.197551 197.551376 0.079200
 1006.000000 0.868388 2.414659 2414.658627 0.968056
 1008.000000 0.912783 0.725852 725.852162 0.291000
 1010.000000 0.951670 0.056222 56.221519 0.022540
 1012.000000 0.967713 0.000274 0.273843 0.000110
 1014.000000 0.962929 0.003493 3.492690 0.001400
 1016.000000 0.921670 0.506165 506.165404 0.202926
 1018.000000 0.911594 0.758242 758.242410 0.303985
 1020.000000 0.885714 1.638332 1638.332421 0.656820
 1022.000000 0.951724 0.055820 55.820095 0.022379
 1024.000000 0.821764 5.249186 5249.185786 2.104440
 1026.000000 0.929174 0.351434 351.434274 0.140893
 1028.000000 0.974873 0.016836 16.836493 0.006750
 1030.000000 0.985029 0.084294 84.294033 0.033794
 1032.000000 0.932608 0.289991 289.991200 0.116260
 1034.000000 0.864011 2.634560 2634.559789 1.056216
 1036.000000 0.813839 5.839110 5839.110432 2.340945
 1038.000000 0.848464 3.492990 3492.989726 1.400367
 1040.000000 0.911240 0.768019 768.018882 0.307905
 1042.000000 0.911978 0.747713 747.712605 0.299764
 1044.000000 0.932041 0.299728 299.727508 0.120163
 1046.000000 0.854927 3.121460 3121.460047 1.251418
 1048.000000 0.949119 0.076980 76.980160 0.030862
 1050.000000 0.951181 0.059955 59.955004 0.024036
 1052.000000 0.925390 0.425941 425.940512 0.170763
 1054.000000 1.068631 2.599191 2599.191219 1.042036
 1056.000000 0.956864 0.024023 24.023268 0.009631
 1058.000000 0.922027 0.498185 498.185222 0.199726
 1060.000000 0.940396 0.172532 172.532230 0.069170
 1062.000000 0.945148 0.115766 115.766171 0.046412
 1064.000000 0.908522 0.845187 845.187381 0.338842
 1066.000000 0.994126 0.188506 188.505889 0.075573
 1068.000000 1.010658 0.483804 483.804072 0.193961
 1070.000000 0.970394 0.003473 3.473469 0.001393
 1072.000000 0.888553 1.525444 1525.443848 0.611562
 1074.000000 1.062907 2.315531 2315.531328 0.928315
 1076.000000 0.975592 0.019917 19.916953 0.007985
 1078.000000 1.000737 0.290202 290.202347 0.116344
 1080.000000 0.936096 0.233640 233.639658 0.093668
 1082.000000 0.951922 0.054352 54.352159 0.021790
 1084.000000 0.990212 0.138595 138.595017 0.055564
 1086.000000 0.908655 0.841334 841.334161 0.337297
 1088.000000 0.984870 0.082843 82.843398 0.033213
 1090.000000 0.899351 1.132836 1132.836324 0.454163
 1092.000000 1.021205 0.743596 743.596111 0.298114
 1094.000000 0.937099 0.218559 218.559082 0.087622
 1096.000000 0.885812 1.634378 1634.378447 0.655235
 1098.000000 0.987066 0.104038 104.038159 0.041710
 1100.000000 0.930039 0.335396 335.395749 0.134463
 1102.000000 0.919420 0.558053 558.052947 0.223728
 1104.000000 1.053647 1.891389 1891.388997 0.758273
 1106.000000 1.031601 1.054121 1054.120888 0.422605
 1108.000000 0.883620 1.724171 1724.171123 0.691234
 1110.000000 0.835384 4.308756 4308.756439 1.727414
 1112.000000 0.863373 2.667388 2667.387867 1.069377
 1114.000000 0.783643 8.374435 8374.435427 3.357377
 1116.000000 0.907216 0.883582 883.582383 0.354235
 1118.000000 0.895490 1.266526 1266.526126 0.507760
 1120.000000 0.884660 1.681263 1681.262967 0.674032
 1122.000000 1.012385 0.522532 522.531633 0.209487
 1124.000000 0.977402 0.028812 28.812110 0.011551
 1126.000000 1.041756 1.409592 1409.592189 0.565117
 1128.000000 0.989964 0.135696 135.696274 0.054402
 1130.000000 0.889672 1.482041 1482.040920 0.594162
 1132.000000 0.899130 1.140296 1140.296390 0.457154
 1134.000000 0.978110 0.032737 32.736970 0.013125
 1136.000000 0.834513 4.366179 4366.178533 1.750435
 1138.000000 0.938940 0.192186 192.186207 0.077049
 1140.000000 1.050797 1.769483 1769.482531 0.709399
 1142.000000 1.131889 6.824621 6824.621127 2.736044
 1144.000000 1.007274 0.412241 412.241124 0.165271
 1146.000000 0.942526 0.145694 145.694318 0.058410
 1148.000000 0.954498 0.037022 37.021678 0.014842
 1150.000000 0.795871 7.292809 7292.809029 2.923745
 1152.000000 0.911927 0.749108 749.107655 0.300323
 1154.000000 0.970676 0.004019 4.018980 0.001611
 1156.000000 0.945351 0.113588 113.588318 0.045538
 1158.000000 0.815657 5.700986 5700.986251 2.285570
 1160.000000 0.924385 0.446936 446.935652 0.179180
 1162.000000 0.896735 1.222606 1222.606163 0.490152
 1164.000000 0.924164 0.451616 451.615738 0.181056
 1166.000000 0.906539 0.903843 903.842507 0.362358
 1168.000000 0.853158 3.221027 3221.027413 1.291335
 1170.000000 0.870729 2.301026 2301.026111 0.922499
 1172.000000 0.898284 1.169039 1169.039042 0.468677
 1174.000000 0.967440 0.000149 0.149335 0.000060
 1176.000000 0.962605 0.004125 4.124847 0.001654
 1178.000000 0.972817 0.009457 9.456609 0.003791
 1180.000000 0.980004 0.044470 44.469734 0.017828
 1182.000000 0.906300 0.911029 911.029202 0.365239
 1184.000000 0.889349 1.494502 1494.501817 0.599158
 1186.000000 0.963283 0.002862 2.862256 0.001148
 1188.000000 0.883515 1.728550 1728.550340 0.692989
 1190.000000 0.863242 2.674161 2674.160565 1.072092
 1192.000000 0.900864 1.082486 1082.485932 0.433977
 1194.000000 0.964323 0.001373 1.373456 0.000551
 1196.000000 0.943074 0.139153 139.152878 0.055787
 1198.000000 1.017827 0.654335 654.335005 0.262328
 1200.000000 0.915146 0.663593 663.592812 0.266040
 1202.000000 1.019049 0.685979 685.978910 0.275014
 1204.000000 0.974718 0.016208 16.207811 0.006498
 1206.000000 0.901436 1.063775 1063.775489 0.426476
 1208.000000 0.844355 3.740056 3740.055838 1.499418
 1210.000000 0.812994 5.903822 5903.821914 2.366889
 1212.000000 0.986511 0.098454 98.453667 0.039471
 1214.000000 0.998865 0.259186 259.186091 0.103910
 1216.000000 0.970675 0.004018 4.017518 0.001611
 1218.000000 1.043468 1.474625 1474.625395 0.591189
 1220.000000 1.077171 3.052819 3052.819042 1.223899
 1222.000000 1.000118 0.279748 279.748304 0.112153
 1224.000000 0.956732 0.024676 24.676365 0.009893
 1226.000000 0.874728 2.113194 2113.193878 0.847196
 1228.000000 0.956241 0.027173 27.173124 0.010894
 1230.000000 0.957277 0.022039 22.039333 0.008836
 1232.000000 0.929126 0.352333 352.333088 0.141253
 1234.000000 0.999290 0.266078 266.077632 0.106673
 1236.000000 1.041509 1.400328 1400.327533 0.561402
 1238.000000 0.887841 1.553366 1553.366260 0.622757
 1240.000000 0.898559 1.159675 1159.674638 0.464923
 1242.000000 0.956435 0.026173 26.172971 0.010493
 1244.000000 0.912116 0.743948 743.947896 0.298255
 1246.000000 0.956150 0.027648 27.647762 0.011084
 1248.000000 0.989802 0.133811 133.810972 0.053646
 1250.000000 0.997635 0.239764 239.763956 0.096123
 1252.000000 1.045968 1.572191 1572.190974 0.630304
 1254.000000 1.086410 3.584594 3584.594346 1.437092
 1256.000000 0.923703 0.461467 461.467138 0.185006
 1258.000000 0.925766 0.418222 418.222303 0.167669
 1260.000000 0.974900 0.016948 16.948252 0.006795
 1262.000000 0.977485 0.029258 29.257746 0.011730
 1264.000000 1.022933 0.791472 791.471771 0.317307
 1266.000000 0.857402 2.984689 2984.688855 1.196585
 1268.000000 0.933140 0.281011 281.010866 0.112659
 1270.000000 0.964569 0.001100 1.100148 0.000441
 1272.000000 0.997134 0.232059 232.058793 0.093034
 1274.000000 0.946050 0.106267 106.266879 0.042603
 1276.000000 0.903926 0.984105 984.104822 0.394535
 1278.000000 0.931779 0.304280 304.279519 0.121988
 1280.000000 1.008253 0.432355 432.354741 0.173334
 1282.000000 0.885697 1.639019 1639.019416 0.657096
 1284.000000 1.043106 1.460757 1460.756853 0.585629
 1286.000000 0.984123 0.076179 76.178529 0.030541
 1288.000000 1.029464 0.985879 985.878514 0.395246
 1290.000000 0.918600 0.577612 577.611669 0.231569
 1292.000000 0.852868 3.237544 3237.543802 1.297957
 1294.000000 0.965245 0.000505 0.505152 0.000203
 1296.000000 0.936787 0.223204 223.204320 0.089484
 1298.000000 0.995172 0.203134 203.133651 0.081438
 1300.000000 0.929145 0.351965 351.965095 0.141106
 1302.000000 0.805660 6.480756 6480.756393 2.598186
 1304.000000 0.915896 0.644408 644.407812 0.258348
 1306.000000 0.957006 0.023330 23.330069 0.009353
 1308.000000 0.994988 0.200524 200.524355 0.080392
 1310.000000 0.921446 0.511222 511.221743 0.204953
 1312.000000 0.958689 0.015909 15.909301 0.006378
 1314.000000 0.898696 1.154991 1154.990654 0.463045
 1316.000000 0.807724 6.315692 6315.691836 2.532011
 1318.000000 0.975580 0.019861 19.861331 0.007963
 1320.000000 0.932431 0.293017 293.016815 0.117473
 1322.000000 0.938053 0.204680 204.680242 0.082058
 1324.000000 0.941897 0.153382 153.381690 0.061492
 1326.000000 0.977120 0.027321 27.320630 0.010953
 1328.000000 0.976157 0.022516 22.516315 0.009027
 1330.000000 0.858542 2.922734 2922.733959 1.171747
 1332.000000 0.927676 0.380075 380.074837 0.152375
 1334.000000 1.017585 0.648181 648.180750 0.259861
 1336.000000 1.002773 0.325924 325.924050 0.130666
 1338.000000 0.871289 2.274236 2274.235951 0.911759
 1340.000000 0.952085 0.053154 53.153901 0.021310
 1342.000000 0.876838 2.017308 2017.308383 0.808755
 1344.000000 0.869577 2.356605 2356.605413 0.944782
 1346.000000 0.952333 0.051365 51.365271 0.020593
 1348.000000 0.994493 0.193570 193.570372 0.077604
 1350.000000 0.929251 0.349985 349.984561 0.140312
 1352.000000 0.853520 3.200551 3200.551268 1.283126
 1354.000000 0.900676 1.088678 1088.677553 0.436459
 1356.000000 0.849884 3.409572 3409.571641 1.366924
 1358.000000 0.849968 3.404655 3404.654850 1.364953
 1360.000000 0.954749 0.035508 35.508052 0.014235
 1362.000000 0.934087 0.265354 265.354000 0.106383
 1364.000000 0.848135 3.512448 3512.448128 1.408168
 1366.000000 0.888833 1.514526 1514.525918 0.607185
 1368.000000 0.934255 0.262632 262.631557 0.105291
 1370.000000 0.913026 0.719322 719.321552 0.288382
 1372.000000 0.935716 0.239493 239.492857 0.096015
 1374.000000 0.943882 0.129791 129.790669 0.052034
 1376.000000 0.826027 4.944850 4944.850437 1.982429
 1378.000000 0.909125 0.827749 827.749384 0.331851
 1380.000000 0.955626 0.030474 30.473591 0.012217
 1382.000000 0.942584 0.144998 144.998493 0.058131
 1384.000000 0.971683 0.006291 6.290721 0.002522
 1386.000000 0.894435 1.304336 1304.335749 0.522918
 1388.000000 0.816377 5.646717 5646.717225 2.263813
 1390.000000 0.910745 0.781800 781.800450 0.313430
 1392.000000 0.894083 1.317087 1317.087031 0.528031
 1394.000000 0.977415 0.028880 28.879703 0.011578
 1396.000000 0.885790 1.635257 1635.256887 0.655587
 1398.000000 1.063737 2.355652 2355.651806 0.944399
 1400.000000 0.982743 0.064613 64.612999 0.025904
 1402.000000 0.948164 0.085588 85.588275 0.034313
 1404.000000 1.083826 3.431564 3431.564276 1.375741
 1406.000000 0.961995 0.005457 5.457017 0.002188
 1408.000000 1.016261 0.614899 614.899006 0.246518
 1410.000000 1.036147 1.206890 1206.890252 0.483852
 1412.000000 0.906907 0.892791 892.790572 0.357927
 1414.000000 0.917631 0.601117 601.117336 0.240993
 1416.000000 0.910481 0.789213 789.212859 0.316402
 1418.000000 0.834294 4.380615 4380.615403 1.756223
 1420.000000 0.997301 0.234609 234.608566 0.094056
 1422.000000 0.962092 0.005231 5.230881 0.002097
 1424.000000 0.939496 0.184561 184.561086 0.073992
 1426.000000 0.901773 1.052799 1052.798636 0.422075
 1428.000000 0.912361 0.737268 737.268400 0.295577
 1430.000000 0.870687 2.303009 2303.009247 0.923295
 1432.000000 0.924974 0.434574 434.573734 0.174224
 1434.000000 0.914936 0.669025 669.025305 0.268218
 1436.000000 0.931252 0.313549 313.548802 0.125704
 1438.000000 0.956745 0.024608 24.607668 0.009865
 1440.000000 0.881493 1.813654 1813.654127 0.727108
 1442.000000 1.026736 0.902094 902.094453 0.361657
 1444.000000 0.962805 0.003728 3.727650 0.001494
 1446.000000 1.021918 0.763187 763.187264 0.305968
 1448.000000 0.977874 0.031400 31.399599 0.012588
 1450.000000 0.976064 0.022077 22.077079 0.008851
 1452.000000 0.920255 0.538500 538.499999 0.215889
 1454.000000 1.005702 0.380931 380.930795 0.152718
 1456.000000 1.004464 0.357162 357.162401 0.143189
 1458.000000 0.988421 0.118313 118.313338 0.047433
 1460.000000 0.958455 0.016860 16.859655 0.006759
 1462.000000 1.032262 1.075690 1075.690010 0.431253
 1464.000000 0.891797 1.401384 1401.384037 0.561826
 1466.000000 0.804004 6.614819 6614.819349 2.651933
 1468.000000 0.942120 0.150629 150.628659 0.060388
 1470.000000 0.937945 0.206238 206.238086 0.082682
 1472.000000 0.909466 0.817986 817.985761 0.327937
 1474.000000 0.879573 1.896319 1896.318850 0.760249
 1476.000000 0.905808 0.925938 925.938323 0.371216
 1478.000000 0.870239 2.324585 2324.584821 0.931944
 1480.000000 0.837915 4.144222 4144.222283 1.661451
 1482.000000 0.968163 0.000559 0.559402 0.000224
 1484.000000 1.019051 0.686040 686.040358 0.275039
 1486.000000 1.023835 0.817046 817.045919 0.327560
 1488.000000 0.955156 0.033123 33.122518 0.013279
 1490.000000 0.897527 1.195090 1195.090385 0.479121
 1492.000000 0.972054 0.007257 7.256845 0.002909
 1494.000000 0.948493 0.082567 82.566763 0.033102
 1496.000000 0.886913 1.590176 1590.175960 0.637514
 1498.000000 0.968345 0.000704 0.703988 0.000282
 1500.000000 0.940758 0.167812 167.812490 0.067277
 1502.000000 0.944071 0.127639 127.639356 0.051172
 1504.000000 0.932221 0.296629 296.628633 0.118921
 1506.000000 0.928105 0.371751 371.751111 0.149038
 1508.000000 0.916656 0.625279 625.278847 0.250679
 1510.000000 0.914028 0.692700 692.699954 0.277709
 1512.000000 0.970199 0.003119 3.119198 0.001251
 1514.000000 1.187612 12.204158 12204.157956 4.892743
 1516.000000 1.043068 1.459306 1459.305561 0.585047
 1518.000000 1.006861 0.403905 403.905378 0.161929
 1520.000000 1.068019 2.568078 2568.077554 1.029563
 1522.000000 1.050223 1.745435 1745.434958 0.699759
 1524.000000 0.994943 0.199895 199.894768 0.080139
 1526.000000 0.983387 0.069890 69.889689 0.028019
 1528.000000 1.005637 0.379670 379.669975 0.152213
 1530.000000 1.089574 3.776558 3776.558488 1.514052
 1532.000000 0.924543 0.443606 443.606027 0.177845
 1534.000000 0.944351 0.124502 124.502452 0.049914
 1536.000000 1.021660 0.756076 756.076415 0.303117
 1538.000000 1.031348 1.045930 1045.929716 0.419321
 1540.000000 0.964483 0.001192 1.191844 0.000478
 1542.000000 1.006206 0.390848 390.848074 0.156694
 1544.000000 1.074980 2.932943 2932.942952 1.175840
 1546.000000 0.988657 0.120892 120.892392 0.048467
 1548.000000 1.032892 1.096434 1096.434328 0.439569
 1550.000000 0.935841 0.237548 237.548159 0.095235
 1552.000000 0.925740 0.418751 418.751283 0.167881
 1554.000000 1.015980 0.607952 607.952477 0.243733
 1556.000000 1.018662 0.675877 675.876510 0.270964
 1558.000000 0.883875 1.713615 1713.615467 0.687002
 1560.000000 0.988062 0.114440 114.440397 0.045880
 1562.000000 0.984972 0.083772 83.772219 0.033585
 1564.000000 0.991123 0.149525 149.524911 0.059946
 1566.000000 1.068603 2.597741 2597.740610 1.041455
 1568.000000 0.931506 0.309076 309.075741 0.123911
 1570.000000 0.950280 0.067132 67.132021 0.026914
 1572.000000 0.996971 0.229594 229.594212 0.092046
 1574.000000 0.921770 0.503937 503.936593 0.202032
 1576.000000 0.934227 0.263087 263.086634 0.105474
 1578.000000 0.918393 0.582587 582.586514 0.233564
 1580.000000 0.993193 0.175913 175.913356 0.070525
 1582.000000 0.918913 0.570107 570.106543 0.228560
 1584.000000 0.951574 0.056946 56.946471 0.022830
 1586.000000 0.942812 0.142265 142.264904 0.057035
 1588.000000 0.884654 1.681526 1681.526116 0.674137
 1590.000000 1.015673 0.600407 600.406799 0.240708
 1592.000000 1.001242 0.298858 298.858377 0.119815
 1594.000000 1.025671 0.870392 870.392108 0.348947
 1596.000000 0.993903 0.185451 185.451130 0.074349
 1598.000000 0.980295 0.046433 46.432852 0.018615
 1600.000000 0.766783 9.988376 9988.375841 4.004419
 1602.000000 0.873700 2.160711 2160.711067 0.866246
 1604.000000 0.929646 0.342638 342.638195 0.137366
 1606.000000 0.946972 0.096967 96.966559 0.038875
 1608.000000 1.032240 1.074959 1074.958945 0.430960
 1610.000000 0.903151 1.008547 1008.546691 0.404334
 1612.000000 0.848666 3.481030 3481.029646 1.395572
 1614.000000 0.841549 3.913627 3913.626894 1.569004
 1616.000000 0.855054 3.114358 3114.357730 1.248571
 1618.000000 0.868621 2.403235 2403.234998 0.963476
 1620.000000 0.878421 1.946843 1946.842743 0.780505
 1622.000000 0.939515 0.184306 184.306227 0.073890
 1624.000000 1.114397 5.456068 5456.067863 2.187381
 1626.000000 1.072644 2.807808 2807.808075 1.125672
 1628.000000 0.991159 0.149971 149.970677 0.060124
 1630.000000 0.990387 0.140662 140.661671 0.056392
 1632.000000 1.009532 0.459366 459.366119 0.184163
 1634.000000 0.927180 0.389797 389.796991 0.156273
 1636.000000 0.949343 0.075026 75.026287 0.030079
 1638.000000 0.940537 0.170691 170.690855 0.068431
 1640.000000 0.914213 0.687859 687.859425 0.275768
 1642.000000 0.955449 0.031458 31.458266 0.012612
 1644.000000 0.779238 8.782335 8782.335369 3.520907
 1646.000000 0.994352 0.191623 191.622742 0.076823
 1648.000000 0.994999 0.200677 200.677487 0.080453
 1650.000000 1.027949 0.938878 938.877622 0.376403
 1652.000000 0.978973 0.037863 37.862585 0.015179
 1654.000000 0.841058 3.944399 3944.398752 1.581341
 1656.000000 0.861889 2.744611 2744.611368 1.100336
 1658.000000 0.887488 1.567327 1567.326615 0.628354
 1660.000000 0.976427 0.023818 23.817765 0.009549
 1662.000000 0.896651 1.225544 1225.544011 0.491330
 1664.000000 1.016582 0.622882 622.881573 0.249718
 1666.000000 0.911977 0.747748 747.748491 0.299778
 1668.000000 0.891760 1.402768 1402.768159 0.562381
 1670.000000 0.929958 0.336891 336.890558 0.135062
 1672.000000 0.974566 0.015600 15.600162 0.006254
 1674.000000 0.825857 4.956859 4956.859141 1.987244
 1676.000000 0.827910 4.813337 4813.336588 1.929705
 1678.000000 0.909460 0.818138 818.138434 0.327998
 1680.000000 0.928862 0.357297 357.296686 0.143243
 1682.000000 1.051655 1.805768 1805.767945 0.723947
 1684.000000 0.975230 0.018333 18.332649 0.007350
 1686.000000 0.936153 0.232769 232.768978 0.093319
 1688.000000 0.924170 0.451489 451.489019 0.181006
 1690.000000 0.915704 0.649303 649.302996 0.260311
 1692.000000 0.955077 0.033581 33.580949 0.013463
 1694.000000 0.851517 3.314836 3314.835612 1.328944
 1696.000000 0.931272 0.313200 313.199922 0.125564
 1698.000000 0.835011 4.333322 4333.321881 1.737263
 1700.000000 0.859565 2.867698 2867.697919 1.149683
 1702.000000 0.982165 0.060049 60.048772 0.024074
 1704.000000 0.859433 2.874775 2874.774821 1.152520
 1706.000000 0.962646 0.004042 4.042283 0.001621
 1708.000000 0.878111 1.960541 1960.540578 0.785996
 1710.000000 0.890971 1.432476 1432.476420 0.574291
 1712.000000 0.959897 0.011456 11.455541 0.004593
 1714.000000 0.936530 0.227049 227.048556 0.091026
 1716.000000 0.925156 0.430782 430.782304 0.172704
 1718.000000 0.913216 0.714239 714.238537 0.286344
 1720.000000 0.906130 0.916178 916.177935 0.367303
 1722.000000 0.932161 0.297663 297.662967 0.119335
 1724.000000 0.897910 1.181868 1181.868042 0.473820
 1726.000000 0.905651 0.930720 930.720468 0.373133
 1728.000000 0.879619 1.894338 1894.337630 0.759455
 1730.000000 0.915268 0.660455 660.455257 0.264782
 1732.000000 0.896766 1.221516 1221.515946 0.489715
 1734.000000 1.034259 1.142181 1142.180581 0.457909
 1736.000000 1.007339 0.413555 413.554721 0.165797
 1738.000000 1.015338 0.592236 592.235638 0.237432
 1740.000000 0.999756 0.273733 273.732734 0.109742
 1742.000000 0.930786 0.321848 321.847752 0.129031
 1744.000000 0.904172 0.976398 976.397884 0.391446
 1746.000000 0.929403 0.347137 347.137153 0.139170
 1748.000000 1.071348 2.739521 2739.520678 1.098295
 1750.000000 0.934633 0.256546 256.545730 0.102851
 1752.000000 1.010246 0.474794 474.793906 0.190349
 1754.000000 0.896627 1.226381 1226.381393 0.491666
 1756.000000 0.865689 2.549141 2549.141425 1.021971
 1758.000000 0.916548 0.627973 627.973046 0.251759
 1760.000000 0.975767 0.020704 20.703831 0.008300
 1762.000000 0.959723 0.012054 12.053612 0.004832
 1764.000000 0.919301 0.560886 560.885667 0.224863
 1766.000000 1.094795 4.104239 4104.239199 1.645422
 1768.000000 0.938889 0.192905 192.904614 0.077337
 1770.000000 0.880931 1.837667 1837.666512 0.736735
 1772.000000 0.877618 1.982427 1982.427288 0.794771
 1774.000000 0.933393 0.276788 276.787976 0.110966
 1776.000000 0.905566 0.933322 933.322476 0.374176
 1778.000000 0.914886 0.670314 670.314297 0.268734
 1780.000000 1.034566 1.152597 1152.596626 0.462085
 1782.000000 0.954792 0.035254 35.254226 0.014134
 1784.000000 1.037747 1.263086 1263.085900 0.506381
 1786.000000 1.021400 0.748926 748.926221 0.300250
 1788.000000 1.064993 2.417038 2417.037636 0.969009
 1790.000000 0.995908 0.213765 213.764669 0.085700
 1792.000000 0.934511 0.258502 258.501514 0.103635
 1794.000000 0.927251 0.388408 388.407862 0.155716
 1796.000000 0.935864 0.237197 237.197155 0.095094
 1798.000000 0.964576 0.001092 1.092306 0.000438
 1800.000000 0.958154 0.018117 18.116674 0.007263
 1802.000000 0.843560 3.788815 3788.815155 1.518966
 1804.000000 0.910240 0.795979 795.978552 0.319114
 1806.000000 0.891878 1.398330 1398.330295 0.560602
 1808.000000 0.952135 0.052790 52.789693 0.021164
 1810.000000 0.923480 0.466277 466.276688 0.186934
 1812.000000 1.006104 0.388831 388.831349 0.155886
 1814.000000 1.013686 0.552694 552.693528 0.221579
 1816.000000 0.955097 0.033465 33.464787 0.013416
 1818.000000 1.124715 6.244796 6244.796107 2.503588
 1820.000000 0.987985 0.113614 113.613717 0.045549
 1822.000000 0.835117 4.326345 4326.345447 1.734466
 1824.000000 0.920737 0.527378 527.378439 0.211430
 1826.000000 0.887859 1.552652 1552.652115 0.622470
 1828.000000 0.917679 0.599946 599.946250 0.240523
 1830.000000 1.044761 1.524692 1524.692381 0.611261
 1832.000000 1.046380 1.588543 1588.542533 0.636859
 1834.000000 1.044272 1.505656 1505.656111 0.603629
 1836.000000 0.927617 0.381213 381.213259 0.152831
 1838.000000 1.028084 0.943031 943.031121 0.378069
 1840.000000 0.882571 1.768013 1768.013056 0.708810
 1842.000000 1.029865 0.998506 998.505587 0.400309
 1844.000000 0.862413 2.717229 2717.229201 1.089359
 1846.000000 0.981785 0.057139 57.139163 0.022908
 1848.000000 0.860826 2.800546 2800.545867 1.122761
 1850.000000 0.853019 3.228958 3228.958294 1.294515
 1852.000000 0.875861 2.061430 2061.429886 0.826443
 1854.000000 0.846096 3.634302 3634.301616 1.457020
 1856.000000 0.915631 0.651156 651.156188 0.261054
 1858.000000 0.953691 0.042095 42.094519 0.016876
 1860.000000 1.003014 0.330282 330.281512 0.132412
 1862.000000 0.940610 0.169742 169.742162 0.068051
 1864.000000 0.945197 0.115240 115.239950 0.046201
 1866.000000 0.966073 0.000088 0.088115 0.000035
 1868.000000 0.919319 0.560456 560.455935 0.224691
 1870.000000 0.976310 0.023247 23.246961 0.009320
 1872.000000 0.932122 0.298334 298.333911 0.119604
 1874.000000 0.880044 1.875851 1875.851297 0.752044
 1876.000000 0.941672 0.156178 156.177544 0.062613
 1878.000000 0.892103 1.389948 1389.947605 0.557241
 1880.000000 0.946204 0.104682 104.682349 0.041968
 1882.000000 0.944859 0.118893 118.893090 0.047665
 1884.000000 0.855849 3.070112 3070.111705 1.230832
 1886.000000 0.784795 8.269316 8269.316349 3.315234
 1888.000000 0.933527 0.274567 274.567364 0.110076
 1890.000000 0.902918 1.015983 1015.982824 0.407316
 1892.000000 0.844178 3.750875 3750.874704 1.503755
 1894.000000 0.933674 0.272137 272.136851 0.109102
 1896.000000 1.010936 0.489950 489.949825 0.196425
 1898.000000 0.937548 0.211981 211.980522 0.084985
 1900.000000 1.043394 1.471776 1471.775835 0.590047
 1902.000000 1.001341 0.300575 300.575210 0.120503
 1904.000000 1.052288 1.832741 1832.741356 0.734760
 1906.000000 1.012350 0.521741 521.740768 0.209170
 1908.000000 0.873811 2.155543 2155.542607 0.864174
 1910.000000 0.903505 0.997359 997.359019 0.399849
 1912.000000 0.928689 0.360574 360.574142 0.144557
 1914.000000 0.972789 0.009369 9.369325 0.003756
 1916.000000 0.962913 0.003522 3.522311 0.001412
 1918.000000 1.013431 0.546718 546.717735 0.219183
 1920.000000 0.903998 0.981855 981.854830 0.393633
 1922.000000 0.936328 0.230107 230.107198 0.092252
 1924.000000 0.940061 0.176959 176.959103 0.070944
 1926.000000 0.885763 1.636369 1636.369327 0.656033
 1928.000000 1.011860 0.510608 510.608200 0.204707
 1930.000000 0.975256 0.018444 18.444286 0.007394
 1932.000000 0.847515 3.549261 3549.261499 1.422927
 1934.000000 0.859206 2.886975 2886.975213 1.157411
 1936.000000 0.799858 6.956259 6956.258677 2.788819
 1938.000000 0.799709 6.968694 6968.694307 2.793804
 1940.000000 0.867637 2.451713 2451.713273 0.982911
 1942.000000 0.953436 0.043761 43.761462 0.017544
 1944.000000 1.009000 0.448027 448.027186 0.179618
 1946.000000 0.863636 2.653845 2653.845253 1.063947
 1948.000000 0.840058 4.007429 4007.428866 1.606610
 1950.000000 0.864382 2.615539 2615.539369 1.048590
 1952.000000 0.853449 3.204546 3204.545857 1.284728
 1954.000000 0.849365 3.439920 3439.919645 1.379091
 1956.000000 0.905139 0.946402 946.401508 0.379420
 1958.000000 0.959827 0.011696 11.696286 0.004689
 1960.000000 0.911032 0.773812 773.811645 0.310227
 1962.000000 0.956970 0.023507 23.506555 0.009424
 1964.000000 0.951358 0.058588 58.587800 0.023488
 1966.000000 0.910096 0.800073 800.072994 0.320756
 1968.000000 0.941093 0.163506 163.505756 0.065551
 1970.000000 1.029031 0.972336 972.335960 0.389817
 1972.000000 1.010381 0.477729 477.728842 0.191525
 1974.000000 0.823021 5.158502 5158.501513 2.068084
 1976.000000 0.982017 0.058905 58.905325 0.023616
 1978.000000 0.902907 1.016331 1016.331185 0.407455
 1980.000000 0.902659 1.024243 1024.243029 0.410627
 1982.000000 0.914663 0.676107 676.106945 0.271057
 1984.000000 0.891221 1.423027 1423.026784 0.570503
 1986.000000 0.936688 0.224676 224.676151 0.090074
 1988.000000 1.061794 2.262324 2262.323632 0.906983
 1990.000000 0.875553 2.075411 2075.411172 0.832049
 1992.000000 0.859316 2.881022 2881.022100 1.155024
 1994.000000 0.767931 9.873954 9873.954375 3.958546
 1996.000000 0.910164 0.798138 798.137887 0.319980
 1998.000000 0.970670 0.004006 4.006339 0.001606
 2000.000000 1.009611 0.461058 461.058174 0.184842
