#! FIELDS time d1 bb.bias bb.force2 lw
 0.000000 0.837001 117.992424 117992.424259 47.304092
 2.000000 0.445836 21.879673 21879.672882 8.771733
 4.000000 0.412347 17.206491 17206.490744 6.898218
 6.000000 0.284536 4.524966 4524.965811 1.814094
 8.000000 0.251352 2.568062 2568.062373 1.029556
 10.000000 0.289114 4.838161 4838.160972 1.939657
 12.000000 0.266809 3.411091 3411.090616 1.367533
 14.000000 0.246534 2.329720 2329.720374 0.934003
 16.000000 0.280707 4.271070 4271.070259 1.712306
 18.000000 0.301306 5.723389 5723.388984 2.294552
 20.000000 0.422087 18.507837 18507.836750 7.419938
 22.000000 0.253705 2.688659 2688.658975 1.077905
 24.000000 0.267942 3.477608 3477.607843 1.394200
 26.000000 0.263784 3.236690 3236.690255 1.297615
 28.000000 0.279004 4.160518 4160.517650 1.667984
 30.000000 0.295200 5.270763 5270.762944 2.113090
 32.000000 0.261610 3.114178 3114.178245 1.248499
 34.000000 0.281130 4.298766 4298.765879 1.723409
 36.000000 0.246347 2.320671 2320.670819 0.930375
 38.000000 0.269502 3.570208 3570.207782 1.431324
 40.000000 0.280518 4.258760 4258.759631 1.707370
 42.000000 0.241306 2.084195 2084.195329 0.835570
 44.000000 0.426201 19.071789 19071.789226 7.646030
 46.000000 0.290475 4.933309 4933.308691 1.977802
 48.000000 0.295508 5.293158 5293.158480 2.122069
 50.000000 0.288385 4.787601 4787.600560 1.919387
 52.000000 0.272679 3.762526 3762.525927 1.508426
 54.000000 0.262573 3.168147 3168.146803 1.270135
 56.000000 0.259717 3.009478 3009.477569 1.206523
 58.000000 0.287573 4.731567 4731.566984 1.896922
 60.000000 0.347396 9.741280 9741.279520 3.905356
 62.000000 0.286846 4.681723 4681.723220 1.876940
 64.000000 0.272844 3.772667 3772.666973 1.512492
 66.000000 0.252215 2.611978 2611.977650 1.047162
 68.000000 0.265855 3.355599 3355.599394 1.345286
 70.000000 0.270326 3.619571 3619.571186 1.451115
 72.000000 0.267360 3.443323 3443.323346 1.380455
 74.000000 0.289790 4.885320 4885.320485 1.958563
 76.000000 0.268510 3.511139 3511.139255 1.407643
 78.000000 0.273077 3.786971 3786.971148 1.518227
 80.000000 0.265147 3.314724 3314.724352 1.328899
 82.000000 0.252565 2.629882 2629.882111 1.054340
 84.000000 0.279804 4.212253 4212.252775 1.688725
 86.000000 0.261712 3.119867 3119.866869 1.250779
 88.000000 0.271078 3.664978 3664.978291 1.469319
 90.000000 0.253754 2.691198 2691.197519 1.078922
 92.000000 0.265796 3.352182 3352.182158 1.343916
 94.000000 0.247970 2.399540 2399.540127 0.961995
 96.000000 0.285649 4.600185 4600.185453 1.844251
 98.000000 0.267475 3.450103 3450.102681 1.383173
 100.000000 0.254666 2.738758 2738.757601 1.097989
 102.000000 0.280468 4.255470 4255.469608 1.706051
 104.000000 0.244570 2.235863 2235.862565 0.896375
 106.000000 0.251660 2.583685 2583.685275 1.035820
 108.000000 0.274842 3.896405 3896.405405 1.562100
 110.000000 0.272041 3.723494 3723.493532 1.492778
 112.000000 0.281771 4.340907 4340.907286 1.740304
 114.000000 0.268681 3.521305 3521.305217 1.411719
 116.000000 0.264310 3.266679 3266.678842 1.309637
 118.000000 0.330099 8.108876 8108.876147 3.250912
 120.000000 0.262637 3.171784 3171.783774 1.271593
 122.000000 0.270523 3.631471 3631.470753 1.455885
 124.000000 0.294034 5.186482 5186.482102 2.079302
 126.000000 0.271401 3.684536 3684.536229 1.477160
 128.000000 0.260582 3.057102 3057.102298 1.225616
 130.000000 0.282713 4.403211 4403.211168 1.765282
 132.000000 0.250071 2.503555 2503.555154 1.003695
 134.000000 0.261272 3.095367 3095.367095 1.240957
 136.000000 0.278373 4.119884 4119.884385 1.651694
 138.000000 0.248353 2.418337 2418.337428 0.969531
 140.000000 0.264915 3.301359 3301.358758 1.323541
 142.000000 0.257472 2.887559 2887.559000 1.157645
 144.000000 0.273773 3.829959 3829.959272 1.535461
 146.000000 0.251987 2.600360 2600.360477 1.042505
 148.000000 0.257956 2.913631 2913.630562 1.168097
 150.000000 0.262830 3.182640 3182.639623 1.275945
 152.000000 0.257984 2.915160 2915.160131 1.168711
 154.000000 0.253494 2.677740 2677.740285 1.073527
 156.000000 0.262007 3.136390 3136.389819 1.257403
 158.000000 0.278224 4.110352 4110.351890 1.647872
 160.000000 0.247557 2.379354 2379.353501 0.953902
 162.000000 0.263603 3.226391 3226.390783 1.293485
 164.000000 0.272161 3.730814 3730.813570 1.495713
 166.000000 0.266816 3.411496 3411.495686 1.367695
 168.000000 0.316059 6.893921 6893.921436 2.763827
 170.000000 0.272484 3.750593 3750.593344 1.503642
 172.000000 0.267515 3.452430 3452.429787 1.384106
 174.000000 0.275177 3.917341 3917.340947 1.570493
 176.000000 0.252413 2.622092 2622.091900 1.051217
 178.000000 0.283893 4.481810 4481.809585 1.796793
 180.000000 0.264919 3.301617 3301.616701 1.323644
 182.000000 0.260339 3.043666 3043.665704 1.220230
 184.000000 0.261089 3.085182 3085.182185 1.236874
 186.000000 0.268109 3.487430 3487.429611 1.398138
 188.000000 0.257761 2.903135 2903.134546 1.163890
 190.000000 0.274177 3.854992 3854.992477 1.545497
 192.000000 0.302753 5.833351 5833.351278 2.338636
 194.000000 0.253323 2.668930 2668.930058 1.069995
 196.000000 0.265715 3.347489 3347.488788 1.342035
 198.000000 0.264991 3.305731 3305.730977 1.325294
 200.000000 0.266403 3.387441 3387.440756 1.358052
 202.000000 0.259453 2.995012 2995.012010 1.200724
 204.000000 0.270334 3.620070 3620.069641 1.451314
 206.000000 0.256236 2.821495 2821.495366 1.131160
 208.000000 0.267240 3.436292 3436.291512 1.377636
 210.000000 0.266379 3.386005 3386.004660 1.357476
 212.000000 0.258219 2.927829 2927.828922 1.173790
 214.000000 0.285412 4.584111 4584.110634 1.837806
 216.000000 0.249116 2.455989 2455.989040 0.984625
 218.000000 0.257719 2.900828 2900.827531 1.162965
 220.000000 0.289203 4.844399 4844.398986 1.942158
 222.000000 0.286382 4.650026 4650.026456 1.864232
 224.000000 0.278606 4.134851 4134.851420 1.657694
 226.000000 0.283200 4.435534 4435.534303 1.778241
 228.000000 0.256765 2.849695 2849.695036 1.142465
 230.000000 0.285660 4.600912 4600.911966 1.844542
 232.000000 0.267634 3.459454 3459.453729 1.386922
 234.000000 0.272601 3.757748 3757.748266 1.506511
 236.000000 0.296624 5.374636 5374.635555 2.154734
 238.000000 0.264674 3.287526 3287.526074 1.317995
 240.000000 0.270822 3.649468 3649.467502 1.463100
 242.000000 0.273176 3.793102 3793.101947 1.520684
 244.000000 0.271462 3.688255 3688.255163 1.478651
 246.000000 0.260563 3.056053 3056.052709 1.225196
 248.000000 0.262670 3.173617 3173.617201 1.272328
 250.000000 0.273432 3.808845 3808.844838 1.526996
 252.000000 0.258665 2.952047 2952.047245 1.183499
 254.000000 0.304954 6.002647 6002.647207 2.406509
 256.000000 0.282149 4.365836 4365.836076 1.750298
 258.000000 0.263541 3.222913 3222.912634 1.292091
 260.000000 0.254075 2.707911 2707.911422 1.085623
 262.000000 0.278108 4.102884 4102.883849 1.644878
 264.000000 0.274940 3.902472 3902.471636 1.564532
 266.000000 0.291998 5.040867 5040.866868 2.020923
 268.000000 0.271233 3.674340 3674.339989 1.473072
 270.000000 0.270871 3.652461 3652.460970 1.464300
 272.000000 0.275770 3.954538 3954.538481 1.585406
 274.000000 0.279895 4.218167 4218.166660 1.691096
 276.000000 0.283542 4.458373 4458.373438 1.787397
 278.000000 0.252209 2.611651 2611.650999 1.047031
 280.000000 0.270137 3.608235 3608.234871 1.446570
 282.000000 0.302410 5.807201 5807.201450 2.328153
 284.000000 0.262307 3.153189 3153.189383 1.264138
 286.000000 0.285390 4.582609 4582.609083 1.837204
 288.000000 0.305448 6.041007 6041.007019 2.421887
 290.000000 0.295107 5.263982 5263.981615 2.110372
 292.000000 0.263389 3.214275 3214.274993 1.288628
 294.000000 0.275024 3.907734 3907.734448 1.566642
 296.000000 0.255810 2.798916 2798.916206 1.122108
 298.000000 0.273207 3.794969 3794.968926 1.521433
 300.000000 0.329363 8.042784 8042.783603 3.224415
 302.000000 0.270582 3.635025 3635.025038 1.457310
 304.000000 0.250534 2.526758 2526.758297 1.012997
 306.000000 0.244545 2.234673 2234.672923 0.895898
 308.000000 0.248067 2.404272 2404.272346 0.963892
 310.000000 0.265416 3.330206 3330.205572 1.335106
 312.000000 0.255300 2.772045 2772.045202 1.111335
 314.000000 0.260643 3.060445 3060.445494 1.226957
 316.000000 0.235825 1.841484 1841.484328 0.738266
 318.000000 0.247056 2.354955 2354.954755 0.944120
 320.000000 0.253922 2.699960 2699.960063 1.082435
 322.000000 0.235046 1.808216 1808.215509 0.724928
 324.000000 0.265674 3.345132 3345.131721 1.341090
 326.000000 0.270000 3.600016 3600.016414 1.443275
 328.000000 0.267408 3.446140 3446.140028 1.381585
 330.000000 0.273819 3.832771 3832.770521 1.536588
 332.000000 0.240348 2.040693 2040.693085 0.818130
 334.000000 0.281482 4.321889 4321.888682 1.732679
 336.000000 0.253950 2.701377 2701.376649 1.083003
 338.000000 0.258451 2.940392 2940.392018 1.178826
 340.000000 0.282251 4.372575 4372.574793 1.753000
 342.000000 0.281126 4.298479 4298.479008 1.723294
 344.000000 0.252945 2.649414 2649.413889 1.062171
 346.000000 0.270089 3.605322 3605.322282 1.445402
 348.000000 0.296612 5.373756 5373.755578 2.154381
 350.000000 0.344578 9.465169 9465.169053 3.794661
 352.000000 0.241561 2.095843 2095.843387 0.840240
 354.000000 0.257802 2.905317 2905.316737 1.164764
 356.000000 0.263246 3.206188 3206.188453 1.285386
 358.000000 0.279312 4.180424 4180.423723 1.675965
 360.000000 0.264502 3.277696 3277.696212 1.314054
 362.000000 0.266487 3.392328 3392.328053 1.360011
 364.000000 0.283989 4.488279 4488.279184 1.799386
 366.000000 0.262771 3.179306 3179.306100 1.274609
 368.000000 0.264124 3.256060 3256.059537 1.305380
 370.000000 0.279265 4.177367 4177.367238 1.674739
 372.000000 0.253471 2.676548 2676.547764 1.073049
 374.000000 0.263877 3.241997 3241.997120 1.299742
 376.000000 0.275530 3.939460 3939.460454 1.579361
 378.000000 0.259814 3.014781 3014.781183 1.208650
 380.000000 0.260555 3.055607 3055.606548 1.225017
 382.000000 0.268783 3.527334 3527.334162 1.414136
 384.000000 0.269431 3.565948 3565.947858 1.429617
 386.000000 0.302312 5.799741 5799.740547 2.325162
 388.000000 0.300780 5.683669 5683.669493 2.278628
 390.000000 0.266199 3.375549 3375.549231 1.353284
 392.000000 0.284384 4.514793 4514.793200 1.810016
 394.000000 0.261442 3.104806 3104.805774 1.244741
 396.000000 0.286532 4.660272 4660.272227 1.868340
 398.000000 0.287990 4.760285 4760.285442 1.908436
 400.000000 0.284199 4.502312 4502.311736 1.805012
 402.000000 0.254491 2.729599 2729.598882 1.094318
 404.000000 0.262916 3.187484 3187.484313 1.277888
 406.000000 0.268230 3.494579 3494.578717 1.401004
 408.000000 0.250474 2.523755 2523.755319 1.011793
 410.000000 0.264126 3.256211 3256.210542 1.305440
 412.000000 0.267865 3.473048 3473.047852 1.392372
 414.000000 0.274815 3.894671 3894.671346 1.561404
 416.000000 0.262972 3.190680 3190.680390 1.279169
 418.000000 0.256112 2.814954 2814.953983 1.128537
 420.000000 0.290985 4.969180 4969.179690 1.992183
 422.000000 0.256336 2.826849 2826.849476 1.133306
 424.000000 0.273585 3.818336 3818.335561 1.530801
 426.000000 0.252204 2.611403 2611.402756 1.046932
 428.000000 0.268417 3.505637 3505.637165 1.405438
 430.000000 0.264958 3.303857 3303.857394 1.324542
 432.000000 0.294438 5.215595 5215.594987 2.090973
 434.000000 0.285456 4.587101 4587.100706 1.839005
 436.000000 0.272119 3.728269 3728.269240 1.494692
 438.000000 0.279943 4.221303 4221.302769 1.692354
 440.000000 0.286536 4.660499 4660.499297 1.868431
 442.000000 0.282513 4.389917 4389.917474 1.759952
 444.000000 0.282589 4.394960 4394.960223 1.761974
 446.000000 0.247811 2.391772 2391.771636 0.958880
 448.000000 0.276101 3.975357 3975.357262 1.593752
 450.000000 0.246981 2.351330 2351.330000 0.942667
 452.000000 0.275428 3.933077 3933.076502 1.576801
 454.000000 0.256146 2.816753 2816.752956 1.129258
 456.000000 0.271794 3.708416 3708.415670 1.486733
 458.000000 0.264242 3.262821 3262.821096 1.308091
 460.000000 0.250558 2.527972 2527.971653 1.013484
 462.000000 0.254125 2.710524 2710.524316 1.086671
 464.000000 0.265974 3.362512 3362.512129 1.348058
 466.000000 0.313569 6.688717 6688.717051 2.681559
 468.000000 0.277645 4.073312 4073.311865 1.633023
 470.000000 0.294041 5.186923 5186.923491 2.079478
 472.000000 0.289213 4.845036 4845.036296 1.942413
 474.000000 0.284569 4.527173 4527.172857 1.814979
 476.000000 0.244824 2.247876 2247.876266 0.901191
 478.000000 0.274183 3.855339 3855.338912 1.545636
 480.000000 0.246808 2.342961 2342.960560 0.939311
 482.000000 0.274561 3.878851 3878.851000 1.555062
 484.000000 0.266982 3.421173 3421.172853 1.371575
 486.000000 0.268823 3.529700 3529.699753 1.415084
 488.000000 0.252841 2.644088 2644.088324 1.060036
 490.000000 0.245823 2.295497 2295.496541 0.920283
 492.000000 0.269384 3.563148 3563.148243 1.428494
 494.000000 0.257960 2.913845 2913.844925 1.168183
 496.000000 0.299649 5.598717 5598.717177 2.244570
 498.000000 0.263479 3.219388 3219.387831 1.290678
 500.000000 0.240772 2.059907 2059.907039 0.825833
 502.000000 0.257523 2.890290 2890.289837 1.158740
 504.000000 0.252571 2.630197 2630.197062 1.054467
 506.000000 0.255752 2.795866 2795.866134 1.120885
 508.000000 0.281368 4.314378 4314.377943 1.729668
 510.000000 0.248320 2.416714 2416.714273 0.968880
 512.000000 0.264064 3.252655 3252.655260 1.304015
 514.000000 0.260331 3.043233 3043.233024 1.220056
 516.000000 0.257385 2.882877 2882.876675 1.155768
 518.000000 0.277265 4.049119 4049.119027 1.623324
 520.000000 0.254327 2.721007 2721.007346 1.090873
 522.000000 0.258261 2.930114 2930.113763 1.174706
 524.000000 0.249558 2.477932 2477.932379 0.993423
 526.000000 0.258998 2.970165 2970.165291 1.190763
 528.000000 0.270822 3.649493 3649.492915 1.463110
 530.000000 0.262232 3.148978 3148.977646 1.262450
 532.000000 0.272282 3.738222 3738.221609 1.498682
 534.000000 0.262532 3.165849 3165.849365 1.269214
 536.000000 0.257059 2.865399 2865.398727 1.148761
 538.000000 0.267574 3.455886 3455.885992 1.385492
 540.000000 0.257114 2.868375 2868.375134 1.149954
 542.000000 0.263957 3.246525 3246.525123 1.301557
 544.000000 0.282569 4.393631 4393.630645 1.761441
 546.000000 0.265234 3.319742 3319.741960 1.330911
 548.000000 0.254183 2.713535 2713.534777 1.087877
 550.000000 0.263742 3.234321 3234.320540 1.296665
 552.000000 0.268937 3.536524 3536.524032 1.417820
 554.000000 0.258109 2.921903 2921.902938 1.171414
 556.000000 0.245766 2.292783 2292.782822 0.919195
 558.000000 0.253825 2.694888 2694.887627 1.080402
 560.000000 0.278028 4.097769 4097.769439 1.642828
 562.000000 0.270804 3.648377 3648.377211 1.462663
 564.000000 0.282571 4.393756 4393.756080 1.761491
 566.000000 0.298761 5.532486 5532.485903 2.218017
 568.000000 0.253761 2.691560 2691.560341 1.079068
 570.000000 0.270468 3.628115 3628.115383 1.454540
 572.000000 0.260975 3.078847 3078.847038 1.234334
 574.000000 0.259389 2.991463 2991.462539 1.199301
 576.000000 0.282102 4.362714 4362.714288 1.749047
 578.000000 0.259771 3.012398 3012.397937 1.207694
 580.000000 0.275256 3.922248 3922.248179 1.572460
 582.000000 0.251647 2.583019 2583.019127 1.035553
 584.000000 0.247146 2.359334 2359.334382 0.945876
 586.000000 0.278900 4.153788 4153.787533 1.665286
 588.000000 0.280459 4.254882 4254.881663 1.705816
 590.000000 0.279076 4.165175 4165.174756 1.669851
 592.000000 0.262656 3.172863 3172.862838 1.272026
 594.000000 0.265560 3.338519 3338.518695 1.338438
 596.000000 0.261073 3.084315 3084.314516 1.236526
 598.000000 0.302238 5.794110 5794.109640 2.322904
 600.000000 0.270480 3.628868 3628.868252 1.454842
 602.000000 0.264641 3.285630 3285.629656 1.317235
 604.000000 0.276235 3.983824 3983.823880 1.597146
 606.000000 0.308254 6.261064 6261.063847 2.510110
 608.000000 0.257406 2.883989 2883.989105 1.156214
 610.000000 0.247594 2.381140 2381.140026 0.954618
 612.000000 0.260063 3.028445 3028.444541 1.214127
 614.000000 0.276691 4.012629 4012.629416 1.608695
 616.000000 0.287506 4.726980 4726.979935 1.895083
 618.000000 0.267163 3.431804 3431.804044 1.375837
 620.000000 0.286837 4.681072 4681.071893 1.876679
 622.000000 0.255445 2.779668 2779.668071 1.114391
 624.000000 0.265137 3.314110 3314.109513 1.328653
 626.000000 0.274922 3.901379 3901.378830 1.564093
 628.000000 0.297600 5.446420 5446.420107 2.183513
 630.000000 0.261053 3.083193 3083.193303 1.236076
 632.000000 0.277548 4.067152 4067.152310 1.630553
 634.000000 0.274149 3.853251 3853.250543 1.544798
 636.000000 0.273820 3.832857 3832.856983 1.536623
 638.000000 0.294236 5.200980 5200.979934 2.085114
 640.000000 0.255122 2.762633 2762.633113 1.107561
 642.000000 0.267066 3.426111 3426.111400 1.373555
 644.000000 0.260342 3.043817 3043.816779 1.220290
 646.000000 0.283107 4.429360 4429.359721 1.775765
 648.000000 0.252052 2.603663 2603.663393 1.043829
 650.000000 0.272715 3.764738 3764.738178 1.509313
 652.000000 0.255160 2.764672 2764.672234 1.108379
 654.000000 0.271383 3.683451 3683.450542 1.476724
 656.000000 0.263595 3.225944 3225.943502 1.293306
 658.000000 0.266418 3.388288 3388.288237 1.358391
 660.000000 0.249951 2.497565 2497.565082 1.001294
 662.000000 0.262291 3.152300 3152.299539 1.263782
 664.000000 0.260318 3.042489 3042.488665 1.219758
 666.000000 0.298073 5.481412 5481.412014 2.197541
 668.000000 0.253083 2.656504 2656.503588 1.065013
 670.000000 0.249257 2.462988 2462.987737 0.987431
 672.000000 0.251567 2.578985 2578.985182 1.033935
 674.000000 0.259593 3.002655 3002.654601 1.203788
 676.000000 0.248304 2.415932 2415.932001 0.968566
 678.000000 0.270753 3.645313 3645.313191 1.461435
 680.000000 0.259632 3.004783 3004.782552 1.204641
 682.000000 0.254535 2.731880 2731.879583 1.095232
 684.000000 0.269557 3.573468 3573.467518 1.432631
 686.000000 0.261623 3.114904 3114.904262 1.248790
 688.000000 0.264847 3.297461 3297.461244 1.321978
 690.000000 0.240354 2.040952 2040.952392 0.818234
 692.000000 0.253655 2.686081 2686.080507 1.076871
 694.000000 0.288603 4.802679 4802.678975 1.925432
 696.000000 0.273748 3.828367 3828.366701 1.534822
 698.000000 0.283146 4.431937 4431.936825 1.776798
 700.000000 0.259128 2.977219 2977.219402 1.193591
 702.000000 0.341686 9.185847 9185.846890 3.682678
 704.000000 0.268572 3.514849 3514.849076 1.409131
 706.000000 0.264137 3.256786 3256.785604 1.305671
 708.000000 0.301994 5.775544 5775.543800 2.315461
 710.000000 0.272330 3.741140 3741.140214 1.499853
 712.000000 0.252917 2.647994 2647.994181 1.061602
 714.000000 0.255123 2.762689 2762.688990 1.107584
 716.000000 0.243959 2.207074 2207.074475 0.884834
 718.000000 0.254178 2.713289 2713.288738 1.087779
 720.000000 0.279265 4.177359 4177.358815 1.674736
 722.000000 0.273708 3.825924 3825.924442 1.533843
 724.000000 0.257320 2.879375 2879.374563 1.154364
 726.000000 0.254311 2.720202 2720.201590 1.090550
 728.000000 0.299027 5.552261 5552.261366 2.225945
 730.000000 0.269453 3.567273 3567.272897 1.430148
 732.000000 0.307038 6.165202 6165.201970 2.471678
 734.000000 0.256982 2.861309 2861.308773 1.147121
 736.000000 0.270747 3.644947 3644.947123 1.461288
 738.000000 0.259110 2.976264 2976.264108 1.193208
 740.000000 0.288759 4.813494 4813.493532 1.929767
 742.000000 0.273017 3.783283 3783.283431 1.516748
 744.000000 0.293070 5.117262 5117.262079 2.051551
 746.000000 0.268999 3.540210 3540.210495 1.419298
 748.000000 0.281030 4.292222 4292.221939 1.720786
 750.000000 0.241685 2.101526 2101.525940 0.842518
 752.000000 0.294393 5.212317 5212.317027 2.089659
 754.000000 0.263404 3.215101 3215.101353 1.288959
 756.000000 0.264583 3.282333 3282.333279 1.315913
 758.000000 0.283803 4.475824 4475.823822 1.794393
 760.000000 0.306655 6.135187 6135.186562 2.459645
 762.000000 0.271460 3.688141 3688.140810 1.478605
 764.000000 0.257808 2.905657 2905.657333 1.164901
 766.000000 0.262476 3.162737 3162.737326 1.267966
 768.000000 0.286489 4.657311 4657.311293 1.867153
 770.000000 0.274751 3.890694 3890.693976 1.559810
 772.000000 0.265222 3.319005 3319.004800 1.330615
 774.000000 0.296910 5.395672 5395.672107 2.163167
 776.000000 0.244814 2.247406 2247.405814 0.901003
 778.000000 0.245165 2.264103 2264.102936 0.907697
 780.000000 0.277016 4.033275 4033.274647 1.616972
 782.000000 0.278116 4.103428 4103.428398 1.645097
 784.000000 0.258691 2.953457 2953.456988 1.184064
 786.000000 0.305527 6.047189 6047.188795 2.424366
 788.000000 0.274676 3.886011 3886.011189 1.557932
 790.000000 0.289461 4.862345 4862.344634 1.949352
 792.000000 0.243684 2.194160 2194.160042 0.879656
 794.000000 0.264071 3.253076 3253.076065 1.304184
 796.000000 0.245617 2.285648 2285.647554 0.916334
 798.000000 0.255400 2.777267 2777.267319 1.113428
 800.000000 0.273403 3.807068 3807.067569 1.526283
 802.000000 0.257116 2.868472 2868.472051 1.149993
 804.000000 0.276318 3.989064 3989.064113 1.599247
 806.000000 0.250913 2.545841 2545.841001 1.020648
 808.000000 0.273875 3.836273 3836.273238 1.537992
 810.000000 0.263660 3.229666 3229.665757 1.294798
 812.000000 0.304977 6.004494 6004.494478 2.407249
 814.000000 0.285534 4.592389 4592.389493 1.841125
 816.000000 0.275343 3.927713 3927.713000 1.574651
 818.000000 0.277413 4.058503 4058.503161 1.627086
 820.000000 0.265099 3.311968 3311.968079 1.327794
 822.000000 0.278814 4.148246 4148.245807 1.663064
 824.000000 0.281926 4.351086 4351.086228 1.744385
 826.000000 0.301716 5.754415 5754.414777 2.306990
 828.000000 0.262816 3.181846 3181.846311 1.275627
 830.000000 0.284234 4.504716 4504.715944 1.805976
 832.000000 0.294551 5.223764 5223.764314 2.094248
 834.000000 0.280665 4.268337 4268.336589 1.711210
 836.000000 0.266213 3.376387 3376.387119 1.353620
 838.000000 0.283373 4.447058 4447.058361 1.782861
 840.000000 0.274133 3.852265 3852.265140 1.544403
 842.000000 0.288548 4.798888 4798.887797 1.923912
 844.000000 0.302974 5.850246 5850.245614 2.345410
 846.000000 0.268206 3.493161 3493.160599 1.400436
 848.000000 0.260727 3.065129 3065.128529 1.228834
 850.000000 0.247807 2.391534 2391.534187 0.958785
 852.000000 0.257893 2.910216 2910.216194 1.166729
 854.000000 0.283498 4.455438 4455.438090 1.786220
 856.000000 0.254980 2.755185 2755.185134 1.104575
 858.000000 0.293981 5.182663 5182.662864 2.077770
 860.000000 0.287626 4.735208 4735.208336 1.898382
 862.000000 0.277938 4.092049 4092.048903 1.640535
 864.000000 0.254156 2.712138 2712.137719 1.087317
 866.000000 0.259642 3.005369 3005.368938 1.204876
 868.000000 0.265185 3.316886 3316.886368 1.329766
 870.000000 0.264985 3.305400 3305.399991 1.325161
 872.000000 0.261197 3.091181 3091.181145 1.239279
 874.000000 0.287552 4.730148 4730.148118 1.896354
 876.000000 0.298784 5.534197 5534.196510 2.218703
 878.000000 0.289444 4.861149 4861.148936 1.948873
 880.000000 0.289952 4.896624 4896.623839 1.963095
 882.000000 0.260940 3.076947 3076.947296 1.233572
 884.000000 0.279005 4.160584 4160.583832 1.668011
 886.000000 0.265517 3.336043 3336.043177 1.337446
 888.000000 0.298802 5.535519 5535.519260 2.219233
 890.000000 0.271616 3.697614 3697.613583 1.482402
 892.000000 0.273441 3.809431 3809.431035 1.527231
 894.000000 0.268704 3.522678 3522.677891 1.412269
 896.000000 0.272696 3.763560 3763.560215 1.508841
 898.000000 0.295139 5.266333 5266.333081 2.111314
 900.000000 0.280495 4.257214 4257.213956 1.706751
 902.000000 0.322241 7.416756 7416.756045 2.973436
 904.000000 0.265870 3.356488 3356.488233 1.345643
 906.000000 0.262897 3.186407 3186.406679 1.277456
 908.000000 0.268295 3.498456 3498.456197 1.402559
 910.000000 0.274897 3.899823 3899.823325 1.563470
 912.000000 0.260810 3.069731 3069.731285 1.230679
 914.000000 0.267747 3.466086 3466.086464 1.389581
 916.000000 0.277413 4.058492 4058.492219 1.627081
 918.000000 0.257999 2.915954 2915.954010 1.169029
 920.000000 0.281211 4.304078 4304.077890 1.725539
 922.000000 0.262153 3.144582 3144.582257 1.260688
 924.000000 0.305104 6.014289 6014.288514 2.411176
 926.000000 0.266774 3.409035 3409.035159 1.366709
 928.000000 0.269645 3.578746 3578.745934 1.434747
 930.000000 0.247285 2.366079 2366.078822 0.948580
 932.000000 0.250864 2.543374 2543.373730 1.019659
 934.000000 0.271338 3.680723 3680.723272 1.475631
 936.000000 0.268384 3.503715 3503.714734 1.404667
 938.000000 0.250278 2.513900 2513.899711 1.007842
 940.000000 0.264293 3.265745 3265.745168 1.309263
 942.000000 0.244266 2.221537 2221.536801 0.890632
 944.000000 0.253491 2.677596 2677.596092 1.073469
 946.000000 0.271212 3.673075 3673.075275 1.472565
 948.000000 0.259918 3.020504 3020.504396 1.210944
 950.000000 0.281412 4.317288 4317.288087 1.730835
 952.000000 0.328061 7.926435 7926.435118 3.177770
 954.000000 0.253334 2.669502 2669.501998 1.070224
 956.000000 0.289573 4.870185 4870.184660 1.952495
 958.000000 0.264353 3.269138 3269.137825 1.310623
 960.000000 0.246151 2.311235 2311.235286 0.926592
 962.000000 0.265556 3.338324 3338.324371 1.338361
 964.000000 0.328466 7.962572 7962.571657 3.192258
 966.000000 0.265270 3.321806 3321.805933 1.331738
 968.000000 0.248291 2.415300 2415.299574 0.968313
 970.000000 0.262196 3.146990 3146.990383 1.261653
 972.000000 0.275453 3.934609 3934.608692 1.577416
 974.000000 0.280960 4.287653 4287.653475 1.718954
 976.000000 0.282971 4.420301 4420.301047 1.772134
 978.000000 0.256325 2.826269 2826.269225 1.133074
 980.000000 0.381254 13.369567 13369.567366 5.359965
 982.000000 0.320549 7.271708 7271.708100 2.915285
 984.000000 0.249359 2.468076 2468.076069 0.989471
 986.000000 0.291015 4.971327 4971.326733 1.993044
 988.000000 0.261593 3.113236 3113.236066 1.248121
 990.000000 0.261020 3.081388 3081.387507 1.235353
 992.000000 0.262883 3.185654 3185.653939 1.277154
 994.000000 0.265203 3.317942 3317.942262 1.330189
 996.000000 0.268605 3.516792 3516.792452 1.409910
 998.000000 0.251237 2.562248 2562.247875 1.027225
 1000.000000 0.282919 4.416837 4416.836967 1.770745
 1002.000000 0.264410 3.272421 3272.420799 1.311939
 1004.000000 0.268755 3.525714 3525.714307 1.413487
 1006.000000 0.251211 2.560920 2560.920432 1.026693
 1008.000000 0.277883 4.088536 4088.535670 1.639126
 1010.000000 0.269293 3.557684 3557.683905 1.426303
 1012.000000 0.287519 4.727868 4727.867517 1.895439
 1014.000000 0.281511 4.323798 4323.797757 1.733445
 1016.000000 0.269863 3.591809 3591.808606 1.439984
 1018.000000 0.265367 3.327378 3327.378167 1.333972
 1020.000000 0.246621 2.333888 2333.887712 0.935674
 1022.000000 0.267591 3.456918 3456.918130 1.385906
 1024.000000 0.263277 3.207929 3207.929096 1.286084
 1026.000000 0.292339 5.065078 5065.078382 2.030630
 1028.000000 0.245361 2.273447 2273.447147 0.911443
 1030.000000 0.269390 3.563473 3563.472694 1.428624
 1032.000000 0.266487 3.392318 3392.318336 1.360007
 1034.000000 0.284844 4.545729 4545.728723 1.822418
 1036.000000 0.265695 3.346335 3346.335207 1.341572
 1038.000000 0.261884 3.129531 3129.530908 1.254654
 1040.000000 0.280036 4.227339 4227.338923 1.694773
 1042.000000 0.263424 3.216251 3216.250706 1.289420
 1044.000000 0.294400 5.212859 5212.858964 2.089876
 1046.000000 0.260170 3.034339 3034.339176 1.216490
 1048.000000 0.278343 4.117995 4117.995293 1.650937
 1050.000000 0.288360 4.785867 4785.867298 1.918692
 1052.000000 0.257651 2.897168 2897.167936 1.161497
 1054.000000 0.262952 3.189513 3189.512683 1.278701
 1056.000000 0.255565 2.785967 2785.966600 1.116916
 1058.000000 0.274025 3.845550 3845.549519 1.541711
 1060.000000 0.265586 3.340004 3340.004276 1.339034
 1062.000000 0.270721 3.643389 3643.388693 1.460663
 1064.000000 0.273314 3.801592 3801.592222 1.524088
 1066.000000 0.254717 2.741436 2741.435630 1.099063
 1068.000000 0.281430 4.318471 4318.471191 1.731309
 1070.000000 0.261127 3.087291 3087.291043 1.237719
 1072.000000 0.277968 4.093971 4093.971065 1.641305
 1074.000000 0.247260 2.364877 2364.876687 0.948098
 1076.000000 0.276163 3.979295 3979.294702 1.595331
 1078.000000 0.278053 4.099387 4099.386714 1.643476
 1080.000000 0.249103 2.455343 2455.342660 0.984366
 1082.000000 0.280872 4.281861 4281.861478 1.716632
 1084.000000 0.272166 3.731160 3731.160338 1.495852
 1086.000000 0.249215 2.460916 2460.915881 0.986601
 1088.000000 0.253648 2.685715 2685.715216 1.076724
 1090.000000 0.256678 2.845038 2845.037734 1.140598
 1092.000000 0.263341 3.211528 3211.528291 1.287527
 1094.000000 0.287991 4.760365 4760.365326 1.908468
 1096.000000 0.268054 3.484193 3484.193464 1.396841
 1098.000000 0.305843 6.071758 6071.757715 2.434215
 1100.000000 0.263011 3.192853 3192.853050 1.280040
 1102.000000 0.283477 4.454060 4454.060440 1.785668
 1104.000000 0.264593 3.282908 3282.907791 1.316144
 1106.000000 0.260311 3.042129 3042.129215 1.219614
 1108.000000 0.284160 4.499734 4499.733997 1.803979
 1110.000000 0.302916 5.845817 5845.817079 2.343634
 1112.000000 0.275534 3.939726 3939.725819 1.579467
 1114.000000 0.277110 4.039268 4039.267966 1.619374
 1116.000000 0.276986 4.031390 4031.390209 1.616216
 1118.000000 0.262659 3.173002 3173.001587 1.272081
 1120.000000 0.263129 3.199515 3199.514622 1.282711
 1122.000000 0.287016 4.693326 4693.326098 1.881591
 1124.000000 0.270632 3.638046 3638.046259 1.458521
 1126.000000 0.290633 4.944403 4944.403156 1.982250
 1128.000000 0.292626 5.085510 5085.510404 2.038821
 1130.000000 0.279310 4.180281 4180.281330 1.675908
 1132.000000 0.266607 3.399301 3399.300808 1.362806
 1134.000000 0.266194 3.375246 3375.245997 1.353163
 1136.000000 0.272382 3.744360 3744.359765 1.501143
 1138.000000 0.273600 3.819253 3819.253124 1.531169
 1140.000000 0.274729 3.889317 3889.317161 1.559258
 1142.000000 0.257619 2.895437 2895.437330 1.160804
 1144.000000 0.270350 3.621046 3621.046191 1.451706
 1146.000000 0.256616 2.841743 2841.742781 1.139277
 1148.000000 0.274083 3.849127 3849.126895 1.543145
 1150.000000 0.256527 2.837022 2837.022349 1.137385
 1152.000000 0.267264 3.437717 3437.716504 1.378208
 1154.000000 0.239291 1.993198 1993.198475 0.799089
 1156.000000 0.273174 3.792957 3792.957272 1.520626
 1158.000000 0.286240 4.640338 4640.337646 1.860348
 1160.000000 0.277578 4.069037 4069.037067 1.631309
 1162.000000 0.264082 3.253692 3253.692387 1.304431
 1164.000000 0.299609 5.595698 5595.698273 2.243360
 1166.000000 0.307136 6.172923 6172.922862 2.474773
 1168.000000 0.279766 4.209802 4209.802236 1.687743
 1170.000000 0.252507 2.626918 2626.918458 1.053152
 1172.000000 0.298214 5.491851 5491.851135 2.201726
 1174.000000 0.251078 2.554191 2554.191109 1.023995
 1176.000000 0.268982 3.539172 3539.172254 1.418882
 1178.000000 0.270794 3.647796 3647.796198 1.462430
 1180.000000 0.279170 4.171236 4171.236297 1.672281
 1182.000000 0.330104 8.109331 8109.331416 3.251095
 1184.000000 0.259515 2.998362 2998.361949 1.202067
 1186.000000 0.304217 5.945695 5945.695472 2.383676
 1188.000000 0.271890 3.714286 3714.285529 1.489086
 1190.000000 0.266050 3.366919 3366.919302 1.349824
 1192.000000 0.276118 3.976421 3976.421414 1.594179
 1194.000000 0.240443 2.044988 2044.987535 0.819852
 1196.000000 0.282878 4.414146 4414.146476 1.769666
 1198.000000 0.299052 5.554161 5554.160674 2.226707
 1200.000000 0.250935 2.546951 2546.950962 1.021093
 1202.000000 0.253292 2.667333 2667.332989 1.069355
 1204.000000 0.246631 2.334407 2334.406852 0.935882
 1206.000000 0.270315 3.618908 3618.908178 1.450849
 1208.000000 0.264763 3.292647 3292.647406 1.320048
 1210.000000 0.263542 3.222968 3222.968001 1.292113
 1212.000000 0.267731 3.465166 3465.166446 1.389213
 1214.000000 0.266915 3.417300 3417.300094 1.370023
 1216.000000 0.279905 4.218813 4218.813231 1.691355
 1218.000000 0.251814 2.591539 2591.539122 1.038968
 1220.000000 0.256871 2.855368 2855.368356 1.144740
 1222.000000 0.281122 4.298234 4298.234165 1.723196
 1224.000000 0.270886 3.653342 3653.341988 1.464654
 1226.000000 0.253337 2.669625 2669.625438 1.070274
 1228.000000 0.272510 3.752158 3752.157744 1.504270
 1230.000000 0.319190 7.156352 7156.352415 2.869038
 1232.000000 0.287772 4.745258 4745.257639 1.902411
 1234.000000 0.259963 3.022987 3022.986508 1.211939
 1236.000000 0.243055 2.164829 2164.828633 0.867897
 1238.000000 0.304657 5.979726 5979.726373 2.397319
 1240.000000 0.262282 3.151786 3151.785534 1.263576
 1242.000000 0.260674 3.062199 3062.198932 1.227660
 1244.000000 0.291627 5.014569 5014.568530 2.010380
 1246.000000 0.294490 5.219359 5219.359022 2.092482
 1248.000000 0.284368 4.513678 4513.678276 1.809569
 1250.000000 0.268221 3.494068 3494.067756 1.400799
 1252.000000 0.260900 3.074708 3074.707535 1.232674
 1254.000000 0.313284 6.665408 6665.408176 2.672215
 1256.000000 0.251259 2.563353 2563.353137 1.027668
 1258.000000 0.286316 4.645547 4645.546552 1.862436
 1260.000000 0.271350 3.681469 3681.468703 1.475930
 1262.000000 0.244142 2.215700 2215.699943 0.888292
 1264.000000 0.279529 4.194467 4194.466515 1.681595
 1266.000000 0.244554 2.235130 2235.130114 0.896081
 1268.000000 0.271548 3.693471 3693.471049 1.480742
 1270.000000 0.259494 2.997226 2997.225707 1.201611
 1272.000000 0.272070 3.725283 3725.282667 1.493495
 1274.000000 0.257133 2.869345 2869.345186 1.150343
 1276.000000 0.267768 3.467307 3467.306573 1.390071
 1278.000000 0.264774 3.293280 3293.280447 1.320302
 1280.000000 0.253356 2.670629 2670.629349 1.070676
 1282.000000 0.264116 3.255626 3255.625960 1.305206
 1284.000000 0.288373 4.786743 4786.742849 1.919043
 1286.000000 0.236614 1.875486 1875.485616 0.751897
 1288.000000 0.272437 3.747713 3747.712875 1.502488
 1290.000000 0.273015 3.783184 3783.183621 1.516708
 1292.000000 0.286900 4.685374 4685.373760 1.878403
 1294.000000 0.290836 4.958698 4958.698240 1.987981
 1296.000000 0.279000 4.160251 4160.251365 1.667878
 1298.000000 0.265581 3.339750 3339.750127 1.338932
 1300.000000 0.265370 3.327585 3327.585422 1.334055
 1302.000000 0.270395 3.623764 3623.764282 1.452796
 1304.000000 0.284659 4.533282 4533.281574 1.817428
 1306.000000 0.270373 3.622439 3622.439251 1.452264
 1308.000000 0.247134 2.358759 2358.758968 0.945645
 1310.000000 0.269374 3.562509 3562.508969 1.428238
 1312.000000 0.274256 3.859913 3859.913322 1.547470
 1314.000000 0.247648 2.383768 2383.767668 0.955671
 1316.000000 0.257939 2.912711 2912.711177 1.167729
 1318.000000 0.245506 2.280355 2280.354585 0.914212
 1320.000000 0.271714 3.703595 3703.595275 1.484801
 1322.000000 0.266376 3.385837 3385.836866 1.357409
 1324.000000 0.243386 2.180255 2180.254992 0.874081
 1326.000000 0.269303 3.558288 3558.287865 1.426546
 1328.000000 0.305813 6.069418 6069.417746 2.433277
 1330.000000 0.267674 3.461805 3461.805125 1.387865
 1332.000000 0.262855 3.184087 3184.086839 1.276525
 1334.000000 0.292417 5.070638 5070.637515 2.032859
 1336.000000 0.284845 4.545819 4545.819294 1.822455
 1338.000000 0.263704 3.232171 3232.171287 1.295803
 1340.000000 0.275647 3.946782 3946.781574 1.582296
 1342.000000 0.253268 2.666079 2666.079266 1.068852
 1344.000000 0.249508 2.475461 2475.460845 0.992432
 1346.000000 0.268441 3.507076 3507.076380 1.406015
 1348.000000 0.323644 7.538027 7538.026840 3.022054
 1350.000000 0.303651 5.902133 5902.132912 2.366212
 1352.000000 0.302306 5.799293 5799.292646 2.324982
 1354.000000 0.274971 3.904414 3904.414194 1.565310
 1356.000000 0.290352 4.924647 4924.647366 1.974330
 1358.000000 0.257387 2.883011 2883.011191 1.155822
 1360.000000 0.256054 2.811855 2811.855059 1.127295
 1362.000000 0.267307 3.440224 3440.224367 1.379213
 1364.000000 0.284274 4.507347 4507.347092 1.807031
 1366.000000 0.251291 2.564945 2564.945278 1.028307
 1368.000000 0.275791 3.955813 3955.813250 1.585917
 1370.000000 0.284149 4.498965 4498.964524 1.803670
 1372.000000 0.250150 2.507515 2507.515242 1.005283
 1374.000000 0.274744 3.890282 3890.282214 1.559645
 1376.000000 0.271182 3.671295 3671.295215 1.471851
 1378.000000 0.254867 2.749290 2749.289687 1.102212
 1380.000000 0.270208 3.612475 3612.474830 1.448270
 1382.000000 0.275894 3.962346 3962.346282 1.588536
 1384.000000 0.296813 5.388509 5388.508920 2.160296
 1386.000000 0.293491 5.147387 5147.386767 2.063628
 1388.000000 0.246715 2.338451 2338.450505 0.937503
 1390.000000 0.260403 3.047212 3047.211568 1.221651
 1392.000000 0.272416 3.746391 3746.390937 1.501958
 1394.000000 0.256064 2.812376 2812.376438 1.127504
 1396.000000 0.259582 3.002058 3002.057623 1.203549
 1398.000000 0.301424 5.732315 5732.315302 2.298130
 1400.000000 0.267698 3.463189 3463.188868 1.388420
 1402.000000 0.257845 2.907612 2907.612286 1.165685
 1404.000000 0.257685 2.899040 2899.040058 1.162248
 1406.000000 0.280187 4.237186 4237.185900 1.698721
 1408.000000 0.263902 3.243412 3243.411797 1.300309
 1410.000000 0.280038 4.227444 4227.444413 1.694816
 1412.000000 0.260780 3.068050 3068.050426 1.230006
 1414.000000 0.269879 3.592731 3592.731023 1.440354
 1416.000000 0.333699 8.436305 8436.304785 3.382181
 1418.000000 0.443258 21.500082 21500.081909 8.619552
 1420.000000 0.443998 21.608757 21608.756983 8.663121
 1422.000000 0.375009 12.657260 12657.259814 5.074395
 1424.000000 0.241119 2.075667 2075.666931 0.832151
 1426.000000 0.265046 3.308872 3308.872311 1.326553
 1428.000000 0.265849 3.355256 3355.255974 1.345149
 1430.000000 0.278765 4.145125 4145.124529 1.661813
 1432.000000 0.270536 3.632202 3632.201786 1.456178
 1434.000000 0.280538 4.260064 4260.063505 1.707893
 1436.000000 0.284562 4.526729 4526.728812 1.814801
 1438.000000 0.258608 2.948901 2948.900828 1.182238
 1440.000000 0.262137 3.143660 3143.659704 1.260318
 1442.000000 0.268779 3.527115 3527.114631 1.414048
 1444.000000 0.268957 3.537706 3537.705810 1.418294
 1446.000000 0.273605 3.819521 3819.521224 1.531276
 1448.000000 0.305846 6.072027 6072.026805 2.434323
 1450.000000 0.258558 2.946196 2946.196068 1.181153
 1452.000000 0.270117 3.607042 3607.042275 1.446092
 1454.000000 0.266163 3.373480 3373.480018 1.352455
 1456.000000 0.288822 4.817861 4817.861462 1.931519
 1458.000000 0.287823 4.748775 4748.775345 1.903821
 1460.000000 0.262210 3.147785 3147.784536 1.261972
 1462.000000 0.272754 3.767132 3767.131780 1.510273
 1464.000000 0.242379 2.133490 2133.489583 0.855333
 1466.000000 0.274519 3.876222 3876.221664 1.554008
 1468.000000 0.286855 4.682311 4682.311269 1.877175
 1470.000000 0.283972 4.487123 4487.123401 1.798923
 1472.000000 0.303672 5.903753 5903.753051 2.366861
 1474.000000 0.276194 3.981216 3981.215717 1.596101
 1476.000000 0.315832 6.875085 6875.084704 2.756276
 1478.000000 0.264104 3.254954 3254.953880 1.304937
 1480.000000 0.273533 3.815076 3815.076205 1.529494
 1482.000000 0.345500 9.555079 9555.078924 3.830706
 1484.000000 0.289171 4.842113 4842.112536 1.941241
 1486.000000 0.297545 5.442384 5442.384121 2.181895
 1488.000000 0.260906 3.075037 3075.036641 1.232806
 1490.000000 0.293724 5.164132 5164.132008 2.070341
 1492.000000 0.256172 2.818111 2818.111122 1.129803
 1494.000000 0.262984 3.191345 3191.345273 1.279435
 1496.000000 0.263352 3.212157 3212.157043 1.287779
 1498.000000 0.264287 3.265403 3265.402928 1.309126
 1500.000000 0.256418 2.831176 2831.175778 1.135041
 1502.000000 0.264241 3.262727 3262.726702 1.308053
 1504.000000 0.262138 3.143708 3143.708441 1.260337
 1506.000000 0.260685 3.062816 3062.815896 1.227907
 1508.000000 0.302160 5.788135 5788.135103 2.320509
 1510.000000 0.264106 3.255029 3255.029495 1.304967
 1512.000000 0.275216 3.919731 3919.731454 1.571451
 1514.000000 0.320499 7.267467 7267.466759 2.913585
 1516.000000 0.285223 4.571310 4571.309821 1.832674
 1518.000000 0.263046 3.194836 3194.836221 1.280835
 1520.000000 0.258003 2.916159 2916.159231 1.169111
 1522.000000 0.255487 2.781893 2781.893044 1.115283
 1524.000000 0.247399 2.371626 2371.626272 0.950804
 1526.000000 0.265703 3.346777 3346.777342 1.341749
 1528.000000 0.284344 4.512049 4512.049317 1.808916
 1530.000000 0.256990 2.861695 2861.695303 1.147276
 1532.000000 0.291678 5.018187 5018.187092 2.011831
 1534.000000 0.328917 8.002864 8002.863927 3.208411
 1536.000000 0.271059 3.663793 3663.793253 1.468844
 1538.000000 0.298199 5.490766 5490.766486 2.201292
 1540.000000 0.261072 3.084259 3084.258930 1.236504
 1542.000000 0.292460 5.073729 5073.728827 2.034098
 1544.000000 0.306111 6.092688 6092.688459 2.442607
 1546.000000 0.251853 2.593500 2593.499581 1.039754
 1548.000000 0.273851 3.834740 3834.739893 1.537377
 1550.000000 0.253311 2.668287 2668.287441 1.069737
 1552.000000 0.244712 2.242589 2242.589235 0.899072
 1554.000000 0.289654 4.875838 4875.837687 1.954762
 1556.000000 0.248198 2.410697 2410.697091 0.966467
 1558.000000 0.259549 3.000223 3000.222727 1.202813
 1560.000000 0.264643 3.285747 3285.746790 1.317282
 1562.000000 0.262740 3.177586 3177.585895 1.273919
 1564.000000 0.271963 3.718764 3718.764136 1.490882
 1566.000000 0.312483 6.600169 6600.169463 2.646060
 1568.000000 0.289047 4.833507 4833.507223 1.937791
 1570.000000 0.266946 3.419087 3419.087400 1.370739
 1572.000000 0.270599 3.636059 3636.059333 1.457725
 1574.000000 0.266167 3.373673 3373.672744 1.352532
 1576.000000 0.253571 2.681758 2681.757508 1.075138
 1578.000000 0.285457 4.587144 4587.144344 1.839022
 1580.000000 0.254184 2.713585 2713.584898 1.087898
 1582.000000 0.250154 2.507685 2507.684903 1.005351
 1584.000000 0.261766 3.122919 3122.918738 1.252003
 1586.000000 0.275736 3.952391 3952.390941 1.584545
 1588.000000 0.260070 3.028860 3028.859558 1.214294
 1590.000000 0.259166 2.979282 2979.281642 1.194417
 1592.000000 0.277706 4.077185 4077.184736 1.634575
 1594.000000 0.255518 2.783514 2783.513924 1.115933
 1596.000000 0.243545 2.187684 2187.683956 0.877060
 1598.000000 0.267057 3.425575 3425.575184 1.373340
 1600.000000 0.283703 4.469125 4469.125259 1.791708
 1602.000000 0.271348 3.681356 3681.355601 1.475884
 1604.000000 0.296797 5.387363 5387.362979 2.159836
 1606.000000 0.280656 4.267726 4267.725731 1.710965
 1608.000000 0.286401 4.651299 4651.298944 1.864742
 1610.000000 0.275959 3.966394 3966.394065 1.590159
 1612.000000 0.266342 3.383863 3383.862802 1.356617
 1614.000000 0.258168 2.925070 2925.070220 1.172684
 1616.000000 0.255574 2.786446 2786.446404 1.117108
 1618.000000 0.255165 2.764923 2764.923044 1.108479
 1620.000000 0.298187 5.489881 5489.880813 2.200936
 1622.000000 0.265096 3.311752 3311.751778 1.327707
 1624.000000 0.261344 3.099350 3099.349694 1.242554
 1626.000000 0.257980 2.914895 2914.895297 1.168604
 1628.000000 0.274596 3.881051 3881.051422 1.555944
 1630.000000 0.293696 5.162139 5162.138858 2.069542
 1632.000000 0.252275 2.615031 2615.031255 1.048387
 1634.000000 0.296616 5.374033 5374.033310 2.154492
 1636.000000 0.289346 4.854324 4854.324372 1.946137
 1638.000000 0.267279 3.438572 3438.571685 1.378550
 1640.000000 0.255766 2.796619 2796.618709 1.121186
 1642.000000 0.277681 4.075619 4075.618837 1.633948
 1644.000000 0.246121 2.309814 2309.813930 0.926023
 1646.000000 0.286189 4.636893 4636.892808 1.858967
 1648.000000 0.254785 2.744958 2744.958114 1.100475
 1650.000000 0.286100 4.630778 4630.778208 1.856515
 1652.000000 0.266559 3.396480 3396.480367 1.361676
 1654.000000 0.271362 3.682187 3682.186934 1.476218
 1656.000000 0.264837 3.296905 3296.904519 1.321755
 1658.000000 0.292724 5.092564 5092.564207 2.041649
 1660.000000 0.256819 2.852578 2852.577806 1.143621
 1662.000000 0.259183 2.980245 2980.244700 1.194804
 1664.000000 0.257689 2.899246 2899.245969 1.162331
 1666.000000 0.272354 3.742631 3742.630561 1.500450
 1668.000000 0.268159 3.490375 3490.374572 1.399319
 1670.000000 0.269783 3.586969 3586.969210 1.438044
 1672.000000 0.264700 3.289047 3289.047259 1.318605
 1674.000000 0.255727 2.794526 2794.525957 1.120347
 1676.000000 0.252290 2.615789 2615.788902 1.048690
 1678.000000 0.280313 4.245352 4245.352312 1.701995
 1680.000000 0.268184 3.491838 3491.837691 1.399905
 1682.000000 0.373631 12.502760 12502.760181 5.012455
 1684.000000 0.249907 2.495350 2495.349847 1.000405
 1686.000000 0.257210 2.873469 2873.469326 1.151996
 1688.000000 0.260963 3.078209 3078.208762 1.234078
 1690.000000 0.294543 5.223167 5223.167495 2.094009
 1692.000000 0.302713 5.830330 5830.329697 2.337425
 1694.000000 0.270585 3.635159 3635.158967 1.457364
 1696.000000 0.306615 6.132047 6132.047022 2.458386
 1698.000000 0.261885 3.129541 3129.541251 1.254658
 1700.000000 0.283915 4.483292 4483.292030 1.797387
 1702.000000 0.247748 2.388657 2388.657153 0.957631
 1704.000000 0.275959 3.966426 3966.426268 1.590172
 1706.000000 0.282556 4.392799 4392.799390 1.761108
 1708.000000 0.247915 2.396847 2396.847335 0.960915
 1710.000000 0.280880 4.282411 4282.410753 1.716852
 1712.000000 0.252174 2.609898 2609.898490 1.046329
 1714.000000 0.279805 4.212342 4212.341649 1.688761
 1716.000000 0.276124 3.976838 3976.838117 1.594346
 1718.000000 0.260316 3.042417 3042.416974 1.219729
 1720.000000 0.279235 4.175430 4175.429641 1.673963
 1722.000000 0.278944 4.156632 4156.632258 1.666427
 1724.000000 0.266505 3.393347 3393.347017 1.360420
 1726.000000 0.262269 3.151070 3151.069741 1.263289
 1728.000000 0.275226 3.920404 3920.404326 1.571721
 1730.000000 0.273912 3.838553 3838.553280 1.538906
 1732.000000 0.247013 2.352873 2352.873109 0.943285
 1734.000000 0.283382 4.447707 4447.706649 1.783121
 1736.000000 0.296172 5.341565 5341.564958 2.141475
 1738.000000 0.290967 4.967902 4967.902180 1.991671
 1740.000000 0.324479 7.610773 7610.772841 3.051219
 1742.000000 0.295672 5.305070 5305.070102 2.126844
 1744.000000 0.255819 2.799411 2799.410903 1.122306
 1746.000000 0.277610 4.071078 4071.077581 1.632127
 1748.000000 0.263268 3.207419 3207.419469 1.285880
 1750.000000 0.236387 1.865695 1865.694835 0.747972
 1752.000000 0.256767 2.849790 2849.789863 1.142503
 1754.000000 0.278105 4.102691 4102.691009 1.644801
 1756.000000 0.262151 3.144441 3144.440958 1.260631
 1758.000000 0.239013 1.980811 1980.810939 0.794123
 1760.000000 0.269086 3.545363 3545.362572 1.421364
 1762.000000 0.268574 3.514928 3514.928055 1.409162
 1764.000000 0.256138 2.816328 2816.328449 1.129088
 1766.000000 0.277342 4.054013 4054.013104 1.625286
 1768.000000 0.270893 3.653775 3653.775160 1.464827
 1770.000000 0.286395 4.650865 4650.865386 1.864569
 1772.000000 0.285332 4.578701 4578.700984 1.835637
 1774.000000 0.269683 3.580989 3580.988570 1.435647
 1776.000000 0.253693 2.688083 2688.083233 1.077674
 1778.000000 0.248904 2.445496 2445.496085 0.980419
 1780.000000 0.284700 4.536042 4536.042107 1.818535
 1782.000000 0.274094 3.849811 3849.810697 1.543419
 1784.000000 0.271753 3.705963 3705.963429 1.485750
 1786.000000 0.282527 4.390882 4390.882365 1.760339
 1788.000000 0.260899 3.074648 3074.647622 1.232650
 1790.000000 0.255934 2.805519 2805.519494 1.124755
 1792.000000 0.270869 3.652300 3652.299547 1.464236
 1794.000000 0.272223 3.734594 3734.593623 1.497228
 1796.000000 0.257546 2.891530 2891.530460 1.159237
 1798.000000 0.284774 4.541021 4541.021330 1.820531
 1800.000000 0.276201 3.981680 3981.680176 1.596287
 1802.000000 0.276758 4.016910 4016.910340 1.610411
 1804.000000 0.276143 3.978013 3978.013047 1.594817
 1806.000000 0.262192 3.146766 3146.766241 1.261563
 1808.000000 0.264734 3.290969 3290.969009 1.319375
 1810.000000 0.249407 2.470460 2470.460225 0.990427
 1812.000000 0.266373 3.385679 3385.678701 1.357345
 1814.000000 0.276563 4.004565 4004.565196 1.605462
 1816.000000 0.257107 2.867972 2867.972157 1.149793
 1818.000000 0.298070 5.481172 5481.171528 2.197445
 1820.000000 0.278280 4.113964 4113.964216 1.649321
 1822.000000 0.276197 3.981437 3981.436736 1.596189
 1824.000000 0.260993 3.079850 3079.849846 1.234736
 1826.000000 0.259829 3.015629 3015.628827 1.208989
 1828.000000 0.275264 3.922746 3922.745913 1.572660
 1830.000000 0.255956 2.806661 2806.660575 1.125212
 1832.000000 0.265330 3.325275 3325.275406 1.333129
 1834.000000 0.275622 3.945202 3945.202373 1.581663
 1836.000000 0.277327 4.053032 4053.031543 1.624892
 1838.000000 0.318475 7.095978 7095.978400 2.844834
 1840.000000 0.272416 3.746431 3746.431272 1.501974
 1842.000000 0.263484 3.219648 3219.647830 1.290782
 1844.000000 0.280797 4.276934 4276.934179 1.714657
 1846.000000 0.249273 2.463775 2463.775427 0.987747
 1848.000000 0.269663 3.579809 3579.808726 1.435174
 1850.000000 0.268630 3.518269 3518.268654 1.410502
 1852.000000 0.284211 4.503138 4503.137731 1.805343
 1854.000000 0.276315 3.988865 3988.864664 1.599167
 1856.000000 0.253688 2.687791 2687.791466 1.077557
 1858.000000 0.261990 3.135441 3135.440535 1.257023
 1860.000000 0.286563 4.662391 4662.391461 1.869189
 1862.000000 0.255760 2.796284 2796.284343 1.121052
 1864.000000 0.280948 4.286853 4286.852758 1.718633
 1866.000000 0.280123 4.233010 4233.009604 1.697047
 1868.000000 0.291140 4.980115 4980.115155 1.996567
 1870.000000 0.285595 4.596495 4596.495361 1.842771
 1872.000000 0.267432 3.447563 3447.563018 1.382155
 1874.000000 0.262851 3.183852 3183.852458 1.276432
 1876.000000 0.273720 3.826632 3826.631635 1.534127
 1878.000000 0.243016 2.162989 2162.989418 0.867159
 1880.000000 0.249613 2.480705 2480.705187 0.994534
 1882.000000 0.255955 2.806622 2806.621648 1.125197
 1884.000000 0.294250 5.202043 5202.043225 2.085540
 1886.000000 0.260935 3.076636 3076.635693 1.233447
 1888.000000 0.265091 3.311482 3311.482244 1.327599
 1890.000000 0.281072 4.294951 4294.950798 1.721880
 1892.000000 0.247126 2.358362 2358.362203 0.945486
 1894.000000 0.301861 5.765476 5765.475790 2.311425
 1896.000000 0.280206 4.238422 4238.421549 1.699217
 1898.000000 0.280064 4.229153 4229.153120 1.695501
 1900.000000 0.264812 3.295468 3295.468472 1.321179
 1902.000000 0.266820 3.411708 3411.707760 1.367781
 1904.000000 0.254475 2.728754 2728.754338 1.093979
 1906.000000 0.259968 3.023221 3023.221116 1.212033
 1908.000000 0.265886 3.357414 3357.414266 1.346014
 1910.000000 0.273274 3.799130 3799.129846 1.523101
 1912.000000 0.252011 2.601550 2601.549640 1.042982
 1914.000000 0.248033 2.402601 2402.600886 0.963222
 1916.000000 0.253455 2.675747 2675.746847 1.072728
 1918.000000 0.272731 3.765754 3765.753522 1.509720
 1920.000000 0.263648 3.228951 3228.951372 1.294512
 1922.000000 0.312146 6.572872 6572.871800 2.635116
 1924.000000 0.250875 2.543942 2543.941650 1.019886
 1926.000000 0.251668 2.584076 2584.076362 1.035977
 1928.000000 0.249707 2.485395 2485.394643 0.996414
 1930.000000 0.314744 6.785156 6785.155599 2.720222
 1932.000000 0.272006 3.721352 3721.351969 1.491919
 1934.000000 0.277811 4.083917 4083.916731 1.637274
 1936.000000 0.288898 4.823164 4823.164309 1.933645
 1938.000000 0.265687 3.345842 3345.841770 1.341374
 1940.000000 0.250737 2.536990 2536.990434 1.017099
 1942.000000 0.256151 2.816998 2816.997786 1.129357
 1944.000000 0.267181 3.432830 3432.829948 1.376249
 1946.000000 0.257611 2.895036 2895.035635 1.160643
 1948.000000 0.265079 3.310766 3310.766114 1.327312
 1950.000000 0.247056 2.354962 2354.961516 0.944123
 1952.000000 0.287641 4.736279 4736.279153 1.898812
 1954.000000 0.266412 3.387967 3387.966595 1.358262
 1956.000000 0.271468 3.688602 3688.602232 1.478790
 1958.000000 0.344822 9.488880 9488.880070 3.804167
 1960.000000 0.274833 3.895819 3895.818734 1.561864
 1962.000000 0.251485 2.574801 2574.800621 1.032258
 1964.000000 0.283642 4.465045 4465.045154 1.790072
 1966.000000 0.269682 3.580939 3580.939100 1.435627
 1968.000000 0.279195 4.172812 4172.812231 1.672913
 1970.000000 0.267520 3.452741 3452.740551 1.384231
 1972.000000 0.249112 2.455781 2455.781421 0.984542
 1974.000000 0.291600 5.012657 5012.657315 2.009614
 1976.000000 0.240249 2.036219 2036.219470 0.816336
 1978.000000 0.292555 5.080462 5080.462191 2.036797
 1980.000000 0.282285 4.374842 4374.841525 1.753908
 1982.000000 0.270564 3.633890 3633.889690 1.456855
 1984.000000 0.284766 4.540478 4540.477540 1.820313
 1986.000000 0.277823 4.084697 4084.697251 1.637587
 1988.000000 0.277873 4.087898 4087.897517 1.638870
 1990.000000 0.257955 2.913558 2913.557774 1.168068
 1992.000000 0.316630 6.941393 6941.392920 2.782859
 1994.000000 0.261278 3.095723 3095.722626 1.241100
 1996.000000 0.247015 2.352966 2352.965646 0.943322
 1998.000000 0.295233 5.273133 5273.133355 2.114041
 2000.000000 0.267300 3.439844 3439.843685 1.379060
