#! FIELDS time d1 bb.bias bb.force2 lw
 0.000000 0.837001 15.169965 15169.965295 6.081759
 2.000000 1.049197 0.291327 291.327103 0.116795
 4.000000 1.107044 0.140545 140.544872 0.056346
 6.000000 1.144867 0.946613 946.613308 0.379505
 8.000000 1.063866 0.094745 94.745259 0.037984
 10.000000 1.107068 0.140837 140.837004 0.056463
 12.000000 1.095721 0.038361 38.360504 0.015379
 14.000000 1.122379 0.381136 381.136379 0.152801
 16.000000 1.020464 0.988150 988.149516 0.396157
 18.000000 0.988165 2.264266 2264.265976 0.907762
 20.000000 1.050146 0.275346 275.345938 0.110388
 22.000000 1.085952 0.001715 1.714917 0.000688
 24.000000 1.041611 0.435198 435.198414 0.174474
 26.000000 1.016172 1.127651 1127.651222 0.452084
 28.000000 1.004145 1.567698 1567.698077 0.628503
 30.000000 1.000257 1.725418 1725.417684 0.691734
 32.000000 1.049620 0.284143 284.142957 0.113915
 34.000000 0.927780 6.049240 6049.240346 2.425188
 36.000000 1.000857 1.700572 1700.571985 0.681773
 38.000000 0.994690 1.964408 1964.407938 0.787547
 40.000000 0.946520 4.679479 4679.478870 1.876040
 42.000000 0.847273 13.931069 13931.068615 5.585075
 44.000000 1.006457 1.477499 1477.499450 0.592341
 46.000000 1.041204 0.443722 443.722086 0.177892
 48.000000 0.966026 3.440246 3440.245887 1.379222
 50.000000 1.122175 0.377175 377.175332 0.151213
 52.000000 1.062657 0.106875 106.875340 0.042847
 54.000000 0.998543 1.797353 1797.353079 0.720573
 56.000000 1.004205 1.565333 1565.333489 0.627555
 58.000000 0.993262 2.028197 2028.196909 0.813120
 60.000000 0.924320 6.321285 6321.284837 2.534253
 62.000000 0.933420 5.618485 5618.484856 2.252495
 64.000000 0.981991 2.567563 2567.563023 1.029356
 66.000000 1.063728 0.096095 96.095014 0.038525
 68.000000 1.063539 0.097951 97.950523 0.039269
 70.000000 1.091963 0.018616 18.615752 0.007463
 72.000000 1.058038 0.159965 159.965192 0.064131
 74.000000 1.048140 0.309639 309.639185 0.124137
 76.000000 1.055610 0.192142 192.141622 0.077031
 78.000000 1.111023 0.191677 191.676934 0.076845
 80.000000 1.018514 1.050399 1050.398955 0.421113
 82.000000 1.040035 0.468681 468.681319 0.187898
 84.000000 0.938715 5.228599 5228.599224 2.096187
 86.000000 1.039708 0.475791 475.791206 0.190748
 88.000000 0.906079 7.854819 7854.818640 3.149059
 90.000000 1.015860 1.138166 1138.166150 0.456300
 92.000000 1.019060 1.032778 1032.778375 0.414049
 94.000000 1.021886 0.943959 943.958844 0.378441
 96.000000 1.043893 0.388888 388.888059 0.155908
 98.000000 1.026524 0.806835 806.834965 0.323466
 100.000000 0.990044 2.175724 2175.724276 0.872265
 102.000000 1.002246 1.643783 1643.783090 0.659006
 104.000000 1.001015 1.694067 1694.067066 0.679165
 106.000000 0.957827 3.937970 3937.970118 1.578763
 108.000000 1.036421 0.550202 550.202117 0.220580
 110.000000 0.991210 2.121681 2121.680982 0.850599
 112.000000 1.070850 0.038961 38.960847 0.015620
 114.000000 1.131758 0.586229 586.229121 0.235024
 116.000000 1.097040 0.046971 46.971174 0.018831
 118.000000 1.021871 0.944407 944.406823 0.378620
 120.000000 1.039576 0.478684 478.684449 0.191908
 122.000000 1.110134 0.179569 179.568679 0.071990
 124.000000 0.993016 2.039323 2039.322752 0.817581
 126.000000 0.999761 1.746090 1746.089899 0.700021
 128.000000 0.987177 2.311502 2311.502093 0.926699
 130.000000 0.912256 7.316844 7316.844088 2.933380
 132.000000 0.873031 11.056778 11056.777789 4.432749
 134.000000 1.015377 1.154505 1154.504961 0.462850
 136.000000 0.921506 6.547009 6547.009206 2.624748
 138.000000 0.960025 3.801249 3801.248557 1.523950
 140.000000 0.961985 3.681363 3681.362742 1.475887
 142.000000 0.955295 4.098477 4098.476514 1.643112
 144.000000 1.079923 0.002908 2.907580 0.001166
 146.000000 1.044910 0.369088 369.087751 0.147970
 148.000000 1.068690 0.053608 53.607735 0.021492
 150.000000 0.997034 1.861915 1861.914662 0.746456
 152.000000 1.125654 0.447754 447.753874 0.179508
 154.000000 1.049189 0.291467 291.467038 0.116851
 156.000000 0.972990 3.043922 3043.921551 1.220332
 158.000000 0.919099 6.743242 6743.241609 2.703419
 160.000000 0.946905 4.653172 4653.172303 1.865493
 162.000000 1.026440 0.809225 809.224885 0.324425
 164.000000 1.090059 0.011310 11.310106 0.004534
 166.000000 0.939618 5.163535 5163.535196 2.070102
 168.000000 0.946941 4.650710 4650.710084 1.864506
 170.000000 0.944551 4.815127 4815.127046 1.930422
 172.000000 0.960670 3.761593 3761.592594 1.508052
 174.000000 0.904823 7.966502 7966.502297 3.193834
 176.000000 0.867871 11.605975 11605.974784 4.652927
 178.000000 0.980471 2.645145 2645.145387 1.060460
 180.000000 1.025451 0.837586 837.586444 0.335795
 182.000000 1.011523 1.289185 1289.185120 0.516844
 184.000000 0.896121 8.762086 8762.086023 3.512789
 186.000000 0.952329 4.290535 4290.534821 1.720109
 188.000000 1.074496 0.019523 19.523468 0.007827
 190.000000 0.987477 2.297087 2297.087354 0.920920
 192.000000 1.008608 1.395959 1395.959479 0.559651
 194.000000 1.072902 0.027205 27.205353 0.010907
 196.000000 0.976817 2.836454 2836.454372 1.137157
 198.000000 0.963145 3.611329 3611.328956 1.447810
 200.000000 1.064467 0.088983 88.983464 0.035674
 202.000000 1.046397 0.341077 341.076636 0.136740
 204.000000 1.010426 1.328853 1328.853012 0.532748
 206.000000 1.075386 0.015789 15.789269 0.006330
 208.000000 1.128190 0.503039 503.039028 0.201672
 210.000000 1.126893 0.474363 474.362880 0.190176
 212.000000 1.089954 0.010958 10.958019 0.004393
 214.000000 1.197655 3.267337 3267.337496 1.309901
 216.000000 1.106730 0.136846 136.845693 0.054863
 218.000000 1.001409 1.677899 1677.898523 0.672683
 220.000000 1.017638 1.078970 1078.969873 0.432568
 222.000000 1.084696 0.000464 0.464258 0.000186
 224.000000 0.981675 2.583591 2583.590856 1.035782
 226.000000 1.072867 0.027387 27.387434 0.010980
 228.000000 0.974485 2.962009 2962.009421 1.187493
 230.000000 0.972094 3.093558 3093.558168 1.240232
 232.000000 1.128237 0.504080 504.079676 0.202090
 234.000000 0.985714 2.382365 2382.365275 0.955109
 236.000000 1.007296 1.445436 1445.436021 0.579487
 238.000000 0.936738 5.372572 5372.572040 2.153906
 240.000000 1.027037 0.792320 792.319570 0.317647
 242.000000 1.000335 1.722175 1722.174764 0.690433
 244.000000 1.055874 0.188504 188.504348 0.075573
 246.000000 1.041293 0.441856 441.855623 0.177143
 248.000000 1.057717 0.164053 164.053166 0.065770
 250.000000 1.109308 0.168667 168.667056 0.067620
 252.000000 0.987343 2.303519 2303.518746 0.923499
 254.000000 1.119034 0.318637 318.636744 0.127744
 256.000000 1.040358 0.461723 461.723257 0.185108
 258.000000 0.988130 2.265921 2265.920527 0.908425
 260.000000 1.120633 0.347810 347.809737 0.139440
 262.000000 0.890715 9.275416 9275.415848 3.718587
 264.000000 1.027268 0.785832 785.832053 0.315046
 266.000000 1.022953 0.911442 911.442243 0.365404
 268.000000 1.131558 0.581413 581.413353 0.233093
 270.000000 1.024338 0.870104 870.103964 0.348832
 272.000000 1.047890 0.314060 314.060340 0.125909
 274.000000 1.052607 0.236031 236.030507 0.094626
 276.000000 0.962948 3.623148 3623.147992 1.452549
 278.000000 0.983670 2.483219 2483.219351 0.995542
 280.000000 0.950690 4.398544 4398.543719 1.763411
 282.000000 0.964199 3.548274 3548.273768 1.422531
 284.000000 1.051906 0.246914 246.913585 0.098990
 286.000000 0.946458 4.683728 4683.727788 1.877743
 288.000000 0.967188 3.372422 3372.422325 1.352031
 290.000000 1.079331 0.004005 4.005030 0.001606
 292.000000 1.022351 0.929707 929.707264 0.372727
 294.000000 1.080638 0.001816 1.815735 0.000728
 296.000000 1.032890 0.636130 636.129791 0.255029
 298.000000 1.008254 1.409225 1409.224826 0.564969
 300.000000 0.945398 4.756524 4756.523660 1.906928
 302.000000 0.974712 2.949657 2949.656982 1.182541
 304.000000 0.972274 3.083569 3083.569261 1.236227
 306.000000 1.059500 0.142004 142.004291 0.056931
 308.000000 0.971471 3.128290 3128.290270 1.254156
 310.000000 1.051816 0.248338 248.337525 0.099560
 312.000000 1.060334 0.132243 132.242735 0.053017
 314.000000 1.000143 1.730139 1730.139215 0.693626
 316.000000 1.089611 0.009851 9.851492 0.003950
 318.000000 1.124060 0.414675 414.674665 0.166246
 320.000000 1.090156 0.011637 11.636860 0.004665
 322.000000 1.031131 0.681264 681.263622 0.273124
 324.000000 1.031185 0.679860 679.860305 0.272561
 326.000000 1.063833 0.095064 95.063771 0.038112
 328.000000 1.051346 0.255802 255.801569 0.102553
 330.000000 1.082381 0.000227 0.226893 0.000091
 332.000000 0.918175 6.819303 6819.303020 2.733912
 334.000000 0.905329 7.921427 7921.427144 3.175763
 336.000000 0.967699 3.342836 3342.835602 1.340169
 338.000000 1.006881 1.461238 1461.237535 0.585822
 340.000000 1.153064 1.215604 1215.603880 0.487345
 342.000000 1.080205 0.002447 2.446636 0.000981
 344.000000 1.062949 0.103879 103.878783 0.041646
 346.000000 1.064131 0.092181 92.180867 0.036956
 348.000000 1.051776 0.248973 248.972864 0.099815
 350.000000 1.005970 1.496285 1496.284955 0.599872
 352.000000 1.170391 1.894770 1894.770334 0.759628
 354.000000 1.126492 0.465678 465.678270 0.186694
 356.000000 1.116942 0.282383 282.383134 0.113210
 358.000000 1.011118 1.303753 1303.753356 0.522685
 360.000000 1.163999 1.626725 1626.725491 0.652167
 362.000000 1.053170 0.227454 227.453914 0.091188
 364.000000 1.104918 0.116477 116.476865 0.046696
 366.000000 1.012754 1.245353 1245.352815 0.499272
 368.000000 1.081270 0.001064 1.063911 0.000427
 370.000000 1.067455 0.063030 63.030359 0.025269
 372.000000 1.105809 0.126292 126.291794 0.050631
 374.000000 1.098729 0.059258 59.258006 0.023757
 376.000000 1.066019 0.074949 74.948649 0.030048
 378.000000 1.096786 0.045242 45.241862 0.018138
 380.000000 1.080989 0.001374 1.374434 0.000551
 382.000000 0.999229 1.768371 1768.370826 0.708954
 384.000000 1.083897 0.000079 0.079303 0.000032
 386.000000 1.066848 0.067941 67.940579 0.027238
 388.000000 0.968420 3.301261 3301.261268 1.323502
 390.000000 1.039686 0.476280 476.280085 0.190944
 392.000000 1.028931 0.739900 739.900106 0.296632
 394.000000 0.976851 2.834639 2834.639282 1.136429
 396.000000 0.962902 3.625936 3625.936014 1.453666
 398.000000 0.995683 1.920647 1920.646507 0.770002
 400.000000 1.048347 0.306016 306.015644 0.122684
 402.000000 1.040880 0.450567 450.567190 0.180636
 404.000000 0.959119 3.857275 3857.275233 1.546412
 406.000000 1.048436 0.304458 304.458479 0.122060
 408.000000 1.005828 1.501760 1501.760112 0.602067
 410.000000 1.079215 0.004240 4.240042 0.001700
 412.000000 1.034042 0.607421 607.420960 0.243520
 414.000000 1.060310 0.132516 132.516446 0.053127
 416.000000 1.053378 0.224327 224.327145 0.089935
 418.000000 1.086741 0.002903 2.903001 0.001164
 420.000000 1.110162 0.179945 179.945166 0.072141
 422.000000 1.082883 0.000051 0.050641 0.000020
 424.000000 1.077306 0.009082 9.081744 0.003641
 426.000000 0.869910 11.387369 11387.368915 4.565286
 428.000000 0.966365 3.420388 3420.387702 1.371260
 430.000000 0.947516 4.611600 4611.599949 1.848827
 432.000000 0.961707 3.698255 3698.255278 1.482660
 434.000000 1.029523 0.723884 723.884309 0.290211
 436.000000 1.071449 0.035312 35.312304 0.014157
 438.000000 1.161560 1.529846 1529.845787 0.613327
 440.000000 1.093785 0.027308 27.308390 0.010948
 442.000000 1.069898 0.045125 45.124579 0.018091
 444.000000 0.999519 1.756220 1756.219518 0.704082
 446.000000 1.024682 0.860008 860.008224 0.344784
 448.000000 1.143128 0.893856 893.856014 0.358354
 450.000000 0.982441 2.544792 2544.792450 1.020227
 452.000000 1.013658 1.213651 1213.651387 0.486562
 454.000000 1.064325 0.090331 90.330548 0.036214
 456.000000 1.067339 0.063952 63.952182 0.025639
 458.000000 1.110082 0.178871 178.871387 0.071711
 460.000000 1.013837 1.207448 1207.448122 0.484075
 462.000000 1.072753 0.027984 27.983948 0.011219
 464.000000 1.063875 0.094659 94.659058 0.037950
 466.000000 1.062568 0.107796 107.795833 0.043216
 468.000000 1.132009 0.592336 592.336387 0.237472
 470.000000 1.048053 0.311184 311.183688 0.124756
 472.000000 1.083171 0.000007 0.006548 0.000003
 474.000000 1.174558 2.080476 2080.475609 0.834079
 476.000000 1.030065 0.709379 709.378889 0.284396
 478.000000 1.076160 0.012863 12.862978 0.005157
 480.000000 1.123804 0.409463 409.463298 0.164157
 482.000000 1.010172 1.338139 1338.138713 0.536470
 484.000000 1.048934 0.295826 295.826276 0.118599
 486.000000 1.074438 0.019784 19.783956 0.007932
 488.000000 1.027533 0.778427 778.427208 0.312078
 490.000000 1.099989 0.069350 69.350077 0.027803
 492.000000 1.017901 1.070349 1070.349028 0.429111
 494.000000 1.208362 3.908049 3908.048600 1.566767
 496.000000 1.061203 0.122440 122.440342 0.049087
 498.000000 1.105286 0.120479 120.478670 0.048301
 500.000000 1.099092 0.062083 62.082690 0.024889
 502.000000 0.997226 1.853629 1853.628864 0.743134
 504.000000 0.943633 4.879028 4879.027702 1.956041
 506.000000 1.072637 0.028604 28.603638 0.011467
 508.000000 1.107286 0.143438 143.437878 0.057505
 510.000000 1.053307 0.225397 225.397145 0.090363
 512.000000 1.156787 1.348860 1348.859842 0.540769
 514.000000 1.044394 0.379076 379.076360 0.151975
 516.000000 1.012203 1.264881 1264.881210 0.507101
 518.000000 1.027125 0.789839 789.838959 0.316653
 520.000000 0.998799 1.786498 1786.498004 0.716221
 522.000000 1.037765 0.519117 519.117374 0.208118
 524.000000 1.004976 1.534961 1534.960916 0.615378
 526.000000 1.118015 0.300703 300.702831 0.120554
 528.000000 1.106829 0.138014 138.013850 0.055331
 530.000000 1.150662 1.133289 1133.289003 0.454344
 532.000000 1.111259 0.194960 194.959664 0.078161
 534.000000 1.040479 0.459124 459.123812 0.184066
 536.000000 1.023426 0.897227 897.226647 0.359705
 538.000000 1.040445 0.459849 459.848759 0.184357
 540.000000 1.044635 0.374391 374.390784 0.150096
 542.000000 1.020451 0.988538 988.537625 0.396313
 544.000000 1.072227 0.030840 30.839760 0.012364
 546.000000 1.059184 0.145798 145.797815 0.058451
 548.000000 1.130977 0.567476 567.475760 0.227506
 550.000000 1.109222 0.167556 167.556213 0.067175
 552.000000 1.161193 1.515525 1515.525267 0.607586
 554.000000 1.139587 0.791117 791.117427 0.317165
 556.000000 1.019617 1.014950 1014.949842 0.406901
 558.000000 1.081338 0.000996 0.995597 0.000399
 560.000000 1.038461 0.503381 503.381395 0.201810
 562.000000 1.085663 0.001356 1.356420 0.000544
 564.000000 1.066516 0.070704 70.703739 0.028346
 566.000000 1.060023 0.135841 135.841090 0.054460
 568.000000 1.009147 1.375888 1375.887808 0.551604
 570.000000 0.872067 11.158390 11158.390021 4.473486
 572.000000 0.982792 2.527159 2527.158523 1.013158
 574.000000 1.009474 1.363815 1363.814524 0.546764
 576.000000 0.977602 2.794756 2794.755522 1.120439
 578.000000 1.077799 0.007656 7.656108 0.003069
 580.000000 1.023508 0.894771 894.770900 0.358721
 582.000000 1.073568 0.023840 23.839664 0.009558
 584.000000 1.004788 1.542357 1542.357314 0.618343
 586.000000 1.049204 0.291199 291.199369 0.116744
 588.000000 1.153553 1.232704 1232.703667 0.494201
 590.000000 1.181152 2.392146 2392.145819 0.959030
 592.000000 1.116578 0.276299 276.298745 0.110770
 594.000000 1.031979 0.659329 659.328907 0.264330
 596.000000 1.077738 0.007828 7.827593 0.003138
 598.000000 1.076297 0.012376 12.375940 0.004962
 600.000000 0.974120 2.981889 2981.889336 1.195463
 602.000000 0.999128 1.772635 1772.635051 0.710663
 604.000000 0.914353 7.138592 7138.592288 2.861918
 606.000000 1.022552 0.923594 923.593503 0.370276
 608.000000 0.925466 6.230508 6230.507793 2.497860
 610.000000 0.981253 2.605103 2605.103000 1.044406
 612.000000 1.033310 0.625587 625.586716 0.250803
 614.000000 1.028752 0.744789 744.788596 0.298592
 616.000000 1.007248 1.447233 1447.232853 0.580207
 618.000000 0.979252 2.708224 2708.223659 1.085748
 620.000000 0.984856 2.424438 2424.437678 0.971976
 622.000000 0.975791 2.891314 2891.313903 1.159151
 624.000000 0.993400 2.022006 2022.006130 0.810638
 626.000000 1.045490 0.358028 358.028217 0.143536
 628.000000 1.059298 0.144419 144.419117 0.057899
 630.000000 0.991799 2.094629 2094.628583 0.839753
 632.000000 0.927216 6.093173 6093.173312 2.442801
 634.000000 0.930566 5.834441 5834.440846 2.339073
 636.000000 1.040930 0.449504 449.503767 0.180210
 638.000000 0.984560 2.439026 2439.025643 0.977825
 640.000000 1.007077 1.453745 1453.745018 0.582818
 642.000000 0.958143 3.918126 3918.126259 1.570808
 644.000000 1.037228 0.531420 531.420231 0.213051
 646.000000 1.006167 1.488655 1488.654719 0.596813
 648.000000 1.003659 1.587016 1587.015624 0.636247
 650.000000 1.073914 0.022181 22.181057 0.008893
 652.000000 1.012540 1.252930 1252.930111 0.502310
 654.000000 1.038174 0.509853 509.852605 0.204404
 656.000000 1.092820 0.022499 22.498927 0.009020
 658.000000 1.031991 0.659019 659.019408 0.264206
 660.000000 1.121315 0.360655 360.654756 0.144589
 662.000000 1.027428 0.781354 781.354214 0.313251
 664.000000 1.089499 0.009502 9.502337 0.003810
 666.000000 0.961281 3.724173 3724.172754 1.493050
 668.000000 0.986042 2.366418 2366.417592 0.948715
 670.000000 0.986659 2.336485 2336.484708 0.936715
 672.000000 1.075160 0.016699 16.698898 0.006695
 674.000000 1.003331 1.600087 1600.086976 0.641487
 676.000000 1.018627 1.046712 1046.712089 0.419635
 678.000000 0.910075 7.504600 7504.600058 3.008653
 680.000000 0.893978 8.963856 8963.855980 3.593680
 682.000000 0.882499 10.083655 10083.655229 4.042617
 684.000000 0.937270 5.333643 5333.642719 2.138299
 686.000000 0.987019 2.319094 2319.094267 0.929743
 688.000000 1.040676 0.454920 454.919826 0.182381
 690.000000 1.142022 0.861086 861.086284 0.345216
 692.000000 1.183469 2.506788 2506.787737 1.004991
 694.000000 1.149078 1.080582 1080.581766 0.433214
 696.000000 1.130905 0.565777 565.776578 0.226824
 698.000000 1.079046 0.004596 4.596039 0.001843
 700.000000 1.046256 0.343678 343.678408 0.137783
 702.000000 1.099089 0.062058 62.057956 0.024880
 704.000000 1.168264 1.803286 1803.286371 0.722952
 706.000000 1.192387 2.973189 2973.189079 1.191975
 708.000000 1.127675 0.491552 491.552372 0.197067
 710.000000 1.058713 0.151545 151.545320 0.060756
 712.000000 1.043736 0.391991 391.990599 0.157152
 714.000000 1.188292 2.754068 2754.067581 1.104127
 716.000000 1.048560 0.302295 302.295480 0.121193
 718.000000 1.001353 1.680176 1680.175970 0.673596
 720.000000 1.058831 0.150092 150.091794 0.060173
 722.000000 1.018642 1.046246 1046.245698 0.419448
 724.000000 1.059683 0.139832 139.831621 0.056060
 726.000000 1.076489 0.011712 11.712365 0.004696
 728.000000 0.974213 2.976810 2976.810252 1.193427
 730.000000 0.984605 2.436811 2436.810811 0.976937
 732.000000 0.995896 1.911342 1911.341821 0.766272
 734.000000 1.136487 0.706338 706.338461 0.283177
 736.000000 1.108118 0.153568 153.568214 0.061567
 738.000000 1.138239 0.753662 753.661517 0.302149
 740.000000 0.992874 2.045715 2045.715362 0.820143
 742.000000 1.147559 1.031237 1031.236959 0.413431
 744.000000 0.973407 3.020935 3020.934642 1.211116
 746.000000 1.025292 0.842202 842.202094 0.337645
 748.000000 1.009834 1.350556 1350.556194 0.541449
 750.000000 0.954626 4.141423 4141.422677 1.660329
 752.000000 0.928439 5.998091 5998.091326 2.404682
 754.000000 0.943426 4.893534 4893.533570 1.961856
 756.000000 0.891289 9.220282 9220.282245 3.696484
 758.000000 0.925767 6.206802 6206.801710 2.488356
 760.000000 0.953837 4.192293 4192.293055 1.680723
 762.000000 0.949268 4.493347 4493.347198 1.801418
 764.000000 1.116233 0.270600 270.600383 0.108486
 766.000000 0.998009 1.820080 1820.080009 0.729684
 768.000000 0.945251 4.766666 4766.665604 1.910994
 770.000000 0.967575 3.350002 3350.001774 1.343042
 772.000000 1.051755 0.249290 249.289937 0.099942
 774.000000 1.006366 1.481008 1481.007572 0.593748
 776.000000 1.003974 1.574488 1574.488108 0.631225
 778.000000 0.995284 1.938169 1938.169436 0.777027
 780.000000 0.900018 8.401153 8401.152892 3.368088
 782.000000 1.026183 0.816554 816.553657 0.327363
 784.000000 1.088619 0.006984 6.984356 0.002800
 786.000000 1.133162 0.620726 620.725732 0.248854
 788.000000 1.202565 3.554050 3554.049563 1.424846
 790.000000 1.157845 1.387994 1387.993726 0.556458
 792.000000 1.081409 0.000925 0.925476 0.000371
 794.000000 1.092111 0.019261 19.261091 0.007722
 796.000000 1.019981 1.003372 1003.371570 0.402260
 798.000000 0.990023 2.176690 2176.690335 0.872652
 800.000000 1.100170 0.070866 70.865501 0.028411
 802.000000 1.094137 0.029179 29.179115 0.011698
 804.000000 1.229931 5.372706 5372.705590 2.153960
 806.000000 1.024254 0.872584 872.583799 0.349826
 808.000000 1.087560 0.004465 4.465282 0.001790
 810.000000 1.093310 0.024884 24.884067 0.009976
 812.000000 1.094994 0.033996 33.995595 0.013629
 814.000000 1.165500 1.687836 1687.836110 0.676667
 816.000000 1.004145 1.567711 1567.711196 0.628508
 818.000000 0.951300 4.358184 4358.184083 1.747230
 820.000000 1.028455 0.752911 752.911180 0.301848
 822.000000 1.093230 0.024485 24.485473 0.009816
 824.000000 1.184513 2.559314 2559.313668 1.026049
 826.000000 1.044813 0.370962 370.961923 0.148722
 828.000000 0.996683 1.877051 1877.050870 0.752524
 830.000000 1.062351 0.110068 110.067925 0.044127
 832.000000 1.080601 0.001867 1.866912 0.000748
 834.000000 0.998073 1.817344 1817.344133 0.728588
 836.000000 1.049775 0.281548 281.548071 0.112875
 838.000000 1.157676 1.381727 1381.726541 0.553945
 840.000000 1.048550 0.302473 302.472600 0.121264
 842.000000 1.001769 1.663165 1663.164768 0.666776
 844.000000 1.043517 0.396341 396.340990 0.158896
 846.000000 1.109311 0.168705 168.704540 0.067635
 848.000000 1.057790 0.163117 163.117370 0.065395
 850.000000 1.023083 0.907540 907.539778 0.363840
 852.000000 1.085619 0.001306 1.305700 0.000523
 854.000000 1.013987 1.202231 1202.231113 0.481984
 856.000000 1.114288 0.239546 239.546321 0.096036
 858.000000 1.013466 1.220368 1220.367710 0.489255
 860.000000 1.084028 0.000121 0.120746 0.000048
 862.000000 1.042653 0.413718 413.718437 0.165863
 864.000000 1.102899 0.095705 95.705128 0.038369
 866.000000 1.060031 0.135753 135.753450 0.054425
 868.000000 1.013864 1.206505 1206.505152 0.483697
 870.000000 0.978756 2.734082 2734.082118 1.096115
 872.000000 1.060520 0.130117 130.117016 0.052165
 874.000000 1.110748 0.187891 187.891476 0.075327
 876.000000 1.063792 0.095469 95.469110 0.038274
 878.000000 0.984022 2.465661 2465.660727 0.988503
 880.000000 0.994594 1.968665 1968.664859 0.789253
 882.000000 1.135721 0.686109 686.108514 0.275066
 884.000000 0.989795 2.187344 2187.343874 0.876923
 886.000000 1.044944 0.368441 368.441158 0.147711
 888.000000 1.017518 1.082902 1082.902467 0.434144
 890.000000 1.051628 0.251303 251.303317 0.100749
 892.000000 1.133885 0.638857 638.856776 0.256123
 894.000000 1.120315 0.341917 341.917073 0.137077
 896.000000 1.078337 0.006242 6.241744 0.002502
 898.000000 1.055490 0.193808 193.808164 0.077699
 900.000000 1.026611 0.804348 804.348400 0.322470
 902.000000 1.084769 0.000515 0.514926 0.000206
 904.000000 1.158841 1.425366 1425.365803 0.571440
 906.000000 1.143563 0.906898 906.898199 0.363583
 908.000000 1.122371 0.380994 380.993859 0.152743
 910.000000 1.011345 1.295584 1295.584049 0.519410
 912.000000 1.127860 0.495652 495.652323 0.198711
 914.000000 1.138465 0.759882 759.882482 0.304643
 916.000000 0.993793 2.004351 2004.351215 0.803560
 918.000000 1.105690 0.124955 124.955222 0.050096
 920.000000 1.008035 1.417458 1417.457943 0.568270
 922.000000 1.006039 1.493615 1493.614917 0.598802
 924.000000 1.101755 0.084840 84.840164 0.034013
 926.000000 0.942397 4.965730 4965.730145 1.990800
 928.000000 0.891466 9.203221 9203.220726 3.689644
 930.000000 1.012318 1.260784 1260.783684 0.505458
 932.000000 0.908665 7.627221 7627.221348 3.057813
 934.000000 0.947412 4.618623 4618.623151 1.851642
 936.000000 0.957235 3.975170 3975.170055 1.593677
 938.000000 1.021395 0.959083 959.083342 0.384504
 940.000000 1.092572 0.021340 21.339631 0.008555
 942.000000 1.053194 0.227093 227.092733 0.091043
 944.000000 1.116389 0.273176 273.176498 0.109519
 946.000000 1.023528 0.894170 894.169826 0.358480
 948.000000 0.936201 5.412001 5412.000882 2.169714
 950.000000 1.019265 1.026172 1026.171905 0.411400
 952.000000 1.061667 0.117362 117.362093 0.047051
 954.000000 1.029966 0.712027 712.027401 0.285457
 956.000000 1.114590 0.244249 244.248901 0.097921
 958.000000 1.092662 0.021758 21.757660 0.008723
 960.000000 1.056029 0.186382 186.382069 0.074722
 962.000000 0.932836 5.662391 5662.390786 2.270097
 964.000000 0.990402 2.159070 2159.069839 0.865588
 966.000000 1.134509 0.654742 654.741656 0.262491
 968.000000 1.161698 1.535256 1535.255674 0.615496
 970.000000 1.078132 0.006763 6.762906 0.002711
 972.000000 1.103782 0.104533 104.533499 0.041908
 974.000000 1.081811 0.000579 0.579395 0.000232
 976.000000 1.074741 0.018455 18.454988 0.007399
 978.000000 0.987580 2.292162 2292.161536 0.918946
 980.000000 1.050513 0.269293 269.292893 0.107962
 982.000000 0.975881 2.886501 2886.501467 1.157221
 984.000000 1.037119 0.533935 533.934624 0.214059
 986.000000 0.885705 9.764282 9764.282213 3.914578
 988.000000 0.962108 3.673895 3673.895344 1.472894
 990.000000 0.876988 10.644603 10644.602598 4.267505
 992.000000 0.994383 1.978049 1978.049207 0.793016
 994.000000 1.013069 1.234286 1234.285737 0.494835
 996.000000 1.051338 0.255928 255.928192 0.102604
 998.000000 0.979746 2.682566 2682.566043 1.075462
 1000.000000 0.956533 4.019568 4019.568175 1.611477
 1002.000000 0.966653 3.403594 3403.593683 1.364528
 1004.000000 0.911918 7.345808 7345.807808 2.944992
 1006.000000 1.016060 1.131430 1131.430295 0.453599
 1008.000000 1.026436 0.809326 809.326377 0.324465
 1010.000000 1.027041 0.792197 792.197113 0.317598
 1012.000000 0.920063 6.664294 6664.293790 2.671768
 1014.000000 0.996112 1.901909 1901.908987 0.762490
 1016.000000 1.038320 0.506540 506.540294 0.203076
 1018.000000 1.028405 0.754291 754.290715 0.302401
 1020.000000 1.121915 0.372130 372.130309 0.149190
 1022.000000 1.031439 0.673258 673.257520 0.269914
 1024.000000 1.042727 0.412211 412.211108 0.165259
 1026.000000 1.042706 0.412654 412.654284 0.165436
 1028.000000 1.102743 0.094188 94.187737 0.037761
 1030.000000 1.153363 1.226021 1226.021109 0.491522
 1032.000000 1.091870 0.018218 18.218402 0.007304
 1034.000000 1.036728 0.543006 543.006488 0.217696
 1036.000000 1.166058 1.710848 1710.847733 0.685892
 1038.000000 1.140966 0.830377 830.377220 0.332905
 1040.000000 1.064240 0.091135 91.134798 0.036537
 1042.000000 1.186826 2.677674 2677.673798 1.073501
 1044.000000 1.096966 0.046460 46.459937 0.018626
 1046.000000 1.080024 0.002737 2.737471 0.001097
 1048.000000 1.126832 0.473035 473.034926 0.189643
 1050.000000 1.065611 0.078517 78.516886 0.031478
 1052.000000 1.085059 0.000745 0.744558 0.000298
 1054.000000 1.051367 0.255459 255.459116 0.102416
 1056.000000 1.083437 0.000003 0.002667 0.000001
 1058.000000 1.110273 0.181438 181.438484 0.072740
 1060.000000 0.989917 2.181645 2181.644703 0.874639
 1062.000000 1.027168 0.788645 788.645402 0.316174
 1064.000000 0.987576 2.292360 2292.359750 0.919025
 1066.000000 1.009503 1.362743 1362.742526 0.546334
 1068.000000 0.948078 4.573488 4573.488066 1.833547
 1070.000000 1.032529 0.645267 645.267195 0.258693
 1072.000000 1.035662 0.568138 568.137746 0.227771
 1074.000000 1.025512 0.835813 835.813036 0.335084
 1076.000000 1.114697 0.245925 245.925011 0.098593
 1078.000000 1.125195 0.438102 438.101939 0.175639
 1080.000000 1.095364 0.036186 36.185986 0.014507
 1082.000000 1.029759 0.717546 717.545991 0.287670
 1084.000000 1.153746 1.239483 1239.482676 0.496918
 1086.000000 0.960986 3.742203 3742.202894 1.500279
 1088.000000 0.973513 3.015126 3015.125751 1.208788
 1090.000000 0.935290 5.479200 5479.200175 2.196654
 1092.000000 0.970121 3.204286 3204.286105 1.284624
 1094.000000 0.944801 4.797777 4797.776910 1.923467
 1096.000000 0.992533 2.061188 2061.188321 0.826347
 1098.000000 1.086630 0.002716 2.716395 0.001089
 1100.000000 1.084087 0.000142 0.142174 0.000057
 1102.000000 1.067657 0.061438 61.438085 0.024631
 1104.000000 1.096805 0.045371 45.370508 0.018189
 1106.000000 1.089299 0.008898 8.897955 0.003567
 1108.000000 1.065681 0.077905 77.905148 0.031233
 1110.000000 1.009333 1.369023 1369.022731 0.548852
 1112.000000 0.990569 2.151325 2151.324613 0.862483
 1114.000000 0.974952 2.936643 2936.642966 1.177323
 1116.000000 0.989475 2.202344 2202.343672 0.882937
 1118.000000 0.941096 5.057854 5057.853906 2.027733
 1120.000000 0.971486 3.127449 3127.448765 1.253819
 1122.000000 1.014304 1.191277 1191.276824 0.477592
 1124.000000 1.007154 1.450833 1450.832585 0.581650
 1126.000000 0.983198 2.506777 2506.776697 1.004987
 1128.000000 0.951394 4.351996 4351.996493 1.744750
 1130.000000 1.048250 0.307706 307.705999 0.123362
 1132.000000 1.026796 0.799126 799.126076 0.320376
 1134.000000 1.003930 1.576217 1576.216539 0.631918
 1136.000000 1.034841 0.587885 587.885210 0.235688
 1138.000000 1.005012 1.533573 1533.573115 0.614822
 1140.000000 1.022668 0.920056 920.056476 0.368858
 1142.000000 1.042686 0.413048 413.048445 0.165594
 1144.000000 1.085992 0.001768 1.767601 0.000709
 1146.000000 1.045330 0.361058 361.058326 0.144751
 1148.000000 1.122033 0.374414 374.414111 0.150106
 1150.000000 1.130017 0.544847 544.847339 0.218434
 1152.000000 1.031849 0.662665 662.664844 0.265668
 1154.000000 1.033245 0.627205 627.205340 0.251452
 1156.000000 0.993509 2.017103 2017.103399 0.808673
 1158.000000 1.018027 1.066233 1066.233031 0.427461
 1160.000000 1.047888 0.314096 314.095502 0.125923
 1162.000000 1.043706 0.392585 392.585008 0.157390
 1164.000000 0.930670 5.826488 5826.488407 2.335885
 1166.000000 1.124806 0.429996 429.995657 0.172389
 1168.000000 1.044756 0.372061 372.060900 0.149162
 1170.000000 0.989331 2.209104 2209.103938 0.885647
 1172.000000 1.091607 0.017114 17.113932 0.006861
 1174.000000 1.104757 0.114740 114.740369 0.046000
 1176.000000 1.068802 0.052793 52.793316 0.021165
 1178.000000 1.131169 0.572067 572.066612 0.229346
 1180.000000 1.139771 0.796290 796.290191 0.319239
 1182.000000 1.124233 0.418195 418.194668 0.167658
 1184.000000 1.102959 0.096288 96.287868 0.038603
 1186.000000 1.008324 1.406605 1406.605378 0.563919
 1188.000000 1.019659 1.013596 1013.596338 0.406359
 1190.000000 1.082133 0.000360 0.359995 0.000144
 1192.000000 1.035573 0.570273 570.272858 0.228627
 1194.000000 1.017207 1.093178 1093.177771 0.438264
 1196.000000 0.968118 3.318654 3318.653591 1.330474
 1198.000000 1.061268 0.121722 121.722480 0.048800
 1200.000000 1.059462 0.142460 142.460351 0.057113
 1202.000000 1.058655 0.152256 152.256156 0.061041
 1204.000000 1.117798 0.296952 296.952305 0.119051
 1206.000000 1.092406 0.020579 20.578790 0.008250
 1208.000000 0.973782 3.000359 3000.359374 1.202868
 1210.000000 1.047937 0.313231 313.231461 0.125577
 1212.000000 1.039635 0.477384 477.383835 0.191387
 1214.000000 1.109257 0.168014 168.014353 0.067358
 1216.000000 1.058025 0.160132 160.132158 0.064198
 1218.000000 1.044922 0.368855 368.854613 0.147877
 1220.000000 0.968939 3.271504 3271.504333 1.311572
 1222.000000 1.110648 0.186526 186.525548 0.074780
 1224.000000 0.906830 7.788347 7788.347352 3.122410
 1226.000000 0.973548 3.013188 3013.188023 1.208011
 1228.000000 1.085811 0.001535 1.534744 0.000615
 1230.000000 1.079929 0.002897 2.897235 0.001162
 1232.000000 1.100794 0.076220 76.219512 0.030557
 1234.000000 1.138871 0.771103 771.103413 0.309141
 1236.000000 1.058939 0.148774 148.774106 0.059645
 1238.000000 1.115585 0.260042 260.041876 0.104253
 1240.000000 1.136705 0.712133 712.132704 0.285500
 1242.000000 0.996413 1.888787 1888.786735 0.757229
 1244.000000 1.025723 0.829739 829.739430 0.332649
 1246.000000 1.022084 0.937858 937.857873 0.375995
 1248.000000 1.071729 0.033667 33.667228 0.013497
 1250.000000 1.062209 0.111561 111.560987 0.044726
 1252.000000 1.044590 0.375269 375.269191 0.150448
 1254.000000 1.019365 1.022995 1022.995181 0.410127
 1256.000000 1.078444 0.005977 5.977083 0.002396
 1258.000000 0.955819 4.064975 4064.975113 1.629681
 1260.000000 1.033210 0.628099 628.099414 0.251810
 1262.000000 1.075960 0.013591 13.590856 0.005449
 1264.000000 1.046975 0.330487 330.486854 0.132495
 1266.000000 1.066338 0.072208 72.207534 0.028949
 1268.000000 1.067272 0.064494 64.494129 0.025856
 1270.000000 1.019700 1.012301 1012.301028 0.405839
 1272.000000 1.039808 0.473608 473.607985 0.189873
 1274.000000 1.211794 4.125562 4125.562345 1.653970
 1276.000000 1.164380 1.642145 1642.144700 0.658349
 1278.000000 1.102388 0.090773 90.772579 0.036391
 1280.000000 1.072314 0.030355 30.354779 0.012169
 1282.000000 1.055714 0.190703 190.703251 0.076454
 1284.000000 1.208554 3.920027 3920.027233 1.571570
 1286.000000 1.005296 1.522462 1522.461584 0.610367
 1288.000000 1.181505 2.409430 2409.429817 0.965959
 1290.000000 1.019332 1.024051 1024.051093 0.410550
 1292.000000 1.058099 0.159197 159.197360 0.063823
 1294.000000 0.982358 2.548983 2548.982660 1.021907
 1296.000000 1.047069 0.328770 328.770202 0.131807
 1298.000000 1.049865 0.280026 280.026197 0.112265
 1300.000000 0.959583 3.828546 3828.546487 1.534894
 1302.000000 1.026427 0.809593 809.592530 0.324572
 1304.000000 1.053992 0.215227 215.227301 0.086286
 1306.000000 1.145789 0.975168 975.168278 0.390953
 1308.000000 1.092881 0.022791 22.790896 0.009137
 1310.000000 1.082292 0.000271 0.271266 0.000109
 1312.000000 1.040223 0.464627 464.627374 0.186273
 1314.000000 1.017781 1.074261 1074.260946 0.430680
 1316.000000 1.023125 0.906261 906.260989 0.363327
 1318.000000 1.180660 2.368128 2368.127959 0.949401
 1320.000000 1.061103 0.123552 123.551768 0.049533
 1322.000000 1.020328 0.992419 992.418659 0.397868
 1324.000000 0.999671 1.749860 1749.859584 0.701532
 1326.000000 1.000998 1.694795 1694.794712 0.679457
 1328.000000 0.969141 3.259949 3259.948807 1.306939
 1330.000000 0.934645 5.527069 5527.068770 2.215845
 1332.000000 1.054591 0.206525 206.524585 0.082797
 1334.000000 1.049518 0.285874 285.873670 0.114609
 1336.000000 1.133956 0.640652 640.651820 0.256842
 1338.000000 1.064515 0.088536 88.535756 0.035495
 1340.000000 1.042931 0.408093 408.093365 0.163608
 1342.000000 0.894104 8.951942 8951.942172 3.588904
 1344.000000 0.995419 1.932211 1932.210747 0.774639
 1346.000000 0.992502 2.062562 2062.562452 0.826898
 1348.000000 0.910932 7.430542 7430.542076 2.978963
 1350.000000 0.961465 3.713002 3713.002221 1.488572
 1352.000000 0.919741 6.690599 6690.599381 2.682314
 1354.000000 1.077176 0.009477 9.476981 0.003799
 1356.000000 0.992511 2.062167 2062.167078 0.826739
 1358.000000 1.111562 0.199217 199.216881 0.079868
 1360.000000 1.051521 0.253012 253.011604 0.101434
 1362.000000 1.029614 0.721453 721.453308 0.289236
 1364.000000 1.117419 0.290465 290.465261 0.116450
 1366.000000 1.048563 0.302240 302.239999 0.121170
 1368.000000 1.047123 0.327791 327.791488 0.131414
 1370.000000 1.049817 0.280844 280.843530 0.112592
 1372.000000 1.070961 0.038268 38.268367 0.015342
 1374.000000 1.008676 1.393415 1393.414650 0.558631
 1376.000000 1.055494 0.193757 193.756693 0.077679
 1378.000000 1.059319 0.144169 144.169050 0.057799
 1380.000000 1.107135 0.141633 141.632985 0.056782
 1382.000000 1.146621 1.001322 1001.321610 0.401438
 1384.000000 1.024068 0.878082 878.081692 0.352030
 1386.000000 1.037205 0.531949 531.949251 0.213263
 1388.000000 1.085631 0.001320 1.319922 0.000529
 1390.000000 1.088605 0.006949 6.948674 0.002786
 1392.000000 1.012957 1.238208 1238.207893 0.496407
 1394.000000 0.912673 7.281195 7281.195190 2.919088
 1396.000000 1.152220 1.186358 1186.357815 0.475620
 1398.000000 1.026405 0.810213 810.213138 0.324821
 1400.000000 1.066254 0.072929 72.929072 0.029238
 1402.000000 1.035995 0.560221 560.220615 0.224597
 1404.000000 0.993879 2.000498 2000.497673 0.802015
 1406.000000 0.885418 9.792649 9792.648704 3.925950
 1408.000000 1.033874 0.611562 611.561602 0.245180
 1410.000000 1.104335 0.110265 110.264809 0.044206
 1412.000000 1.080307 0.002290 2.289522 0.000918
 1414.000000 1.053438 0.223434 223.434076 0.089576
 1416.000000 1.025559 0.834480 834.479870 0.334550
 1418.000000 0.989319 2.209667 2209.667131 0.885873
 1420.000000 1.014960 1.168729 1168.729208 0.468553
 1422.000000 0.982532 2.540210 2540.210313 1.018390
 1424.000000 1.041995 0.427216 427.216319 0.171274
 1426.000000 0.983104 2.511465 2511.464941 1.006866
 1428.000000 1.047852 0.314739 314.739291 0.126181
 1430.000000 1.046324 0.342416 342.416016 0.137277
 1432.000000 1.110583 0.185641 185.641170 0.074425
 1434.000000 1.151407 1.158494 1158.493989 0.464449
 1436.000000 1.110360 0.182614 182.613707 0.073211
 1438.000000 1.009384 1.367143 1367.142868 0.548098
 1440.000000 0.973439 3.019209 3019.208627 1.210425
 1442.000000 1.013703 1.212109 1212.109434 0.485944
 1444.000000 1.093073 0.023716 23.716027 0.009508
 1446.000000 1.023302 0.900946 900.945543 0.361196
 1448.000000 1.067880 0.059700 59.699670 0.023934
 1450.000000 1.137049 0.721339 721.339465 0.289191
 1452.000000 1.067363 0.063762 63.762206 0.025563
 1454.000000 1.042176 0.423472 423.472340 0.169773
 1456.000000 1.076854 0.010494 10.493829 0.004207
 1458.000000 1.047666 0.318034 318.034300 0.127502
 1460.000000 1.041867 0.429871 429.870573 0.172338
 1462.000000 1.037268 0.530502 530.502175 0.212682
 1464.000000 1.111939 0.204575 204.575050 0.082016
 1466.000000 0.930750 5.820406 5820.406295 2.333447
 1468.000000 0.965229 3.487180 3487.179670 1.398038
 1470.000000 1.057009 0.173240 173.239539 0.069453
 1472.000000 1.027076 0.791226 791.226259 0.317209
 1474.000000 1.059045 0.147477 147.476963 0.059125
 1476.000000 1.051179 0.258475 258.474653 0.103625
 1478.000000 0.960415 3.777258 3777.257920 1.514332
 1480.000000 1.013948 1.203589 1203.588727 0.482528
 1482.000000 1.051707 0.250055 250.055238 0.100249
 1484.000000 1.057111 0.171902 171.902134 0.068917
 1486.000000 1.102348 0.090391 90.390745 0.036238
 1488.000000 1.044130 0.384217 384.217384 0.154036
 1490.000000 1.021753 0.948043 948.043372 0.380078
 1492.000000 1.120086 0.337692 337.691596 0.135383
 1494.000000 1.058644 0.152395 152.394950 0.061096
 1496.000000 1.101399 0.081594 81.594148 0.032712
 1498.000000 0.995037 1.949061 1949.061174 0.781394
 1500.000000 1.017629 1.079275 1079.275140 0.432690
 1502.000000 0.923191 6.411357 6411.357329 2.570364
 1504.000000 1.011560 1.287842 1287.841775 0.516306
 1506.000000 0.961838 3.690254 3690.254363 1.479452
 1508.000000 0.973749 3.002186 3002.186441 1.203600
 1510.000000 0.895711 8.800514 8800.513811 3.528195
 1512.000000 0.909711 7.536144 7536.143567 3.021299
 1514.000000 1.021968 0.941440 941.439676 0.377431
 1516.000000 1.013548 1.217513 1217.512892 0.488111
 1518.000000 0.936197 5.412271 5412.270849 2.169822
 1520.000000 0.949942 4.448339 4448.339098 1.783374
 1522.000000 0.915118 7.074085 7074.084856 2.836056
 1524.000000 0.933369 5.622337 5622.336746 2.254039
 1526.000000 0.974298 2.972166 2972.165564 1.191565
 1528.000000 0.984809 2.426738 2426.737617 0.972898
 1530.000000 1.121000 0.354703 354.702910 0.142203
 1532.000000 1.101412 0.081707 81.707246 0.032757
 1534.000000 1.115485 0.258428 258.427503 0.103606
 1536.000000 1.044078 0.385249 385.249193 0.154449
 1538.000000 1.083649 0.000025 0.024910 0.000010
 1540.000000 1.046798 0.333707 333.707232 0.133786
 1542.000000 1.105956 0.127946 127.946461 0.051295
 1544.000000 1.031268 0.677708 677.707672 0.271698
 1546.000000 1.166870 1.744581 1744.581203 0.699416
 1548.000000 1.060598 0.129219 129.219182 0.051805
 1550.000000 1.087748 0.004871 4.871336 0.001953
 1552.000000 1.081211 0.001127 1.126582 0.000452
 1554.000000 1.031010 0.684443 684.443008 0.274399
 1556.000000 0.951612 4.337656 4337.655899 1.739000
 1558.000000 1.167008 1.750355 1750.354613 0.701731
 1560.000000 0.974037 2.986433 2986.432627 1.197284
 1562.000000 0.990121 2.172120 2172.120384 0.870820
 1564.000000 0.963833 3.570080 3570.080173 1.431273
 1566.000000 0.962738 3.635828 3635.827635 1.457632
 1568.000000 1.004881 1.538700 1538.700379 0.616877
 1570.000000 0.989681 2.192695 2192.695391 0.879069
 1572.000000 0.985916 2.372516 2372.515583 0.951160
 1574.000000 0.969739 3.225931 3225.931461 1.293301
 1576.000000 0.970646 3.174586 3174.586336 1.272717
 1578.000000 0.963423 3.594613 3594.613428 1.441109
 1580.000000 1.018111 1.063486 1063.486195 0.426360
 1582.000000 0.969719 3.227042 3227.042163 1.293747
 1584.000000 0.949995 4.444765 4444.764735 1.781941
 1586.000000 1.033524 0.620248 620.247911 0.248662
 1588.000000 1.058330 0.156289 156.289402 0.062658
 1590.000000 1.067302 0.064252 64.252180 0.025759
 1592.000000 1.125708 0.448894 448.893862 0.179965
 1594.000000 1.116046 0.267524 267.523616 0.107252
 1596.000000 1.064646 0.087301 87.301100 0.035000
 1598.000000 1.169506 1.856427 1856.426945 0.744256
 1600.000000 1.059548 0.141432 141.431527 0.056701
 1602.000000 0.992213 2.075726 2075.726312 0.832175
 1604.000000 1.086184 0.002032 2.031994 0.000815
 1606.000000 1.015009 1.167049 1167.049276 0.467879
 1608.000000 1.084651 0.000434 0.433873 0.000174
 1610.000000 1.021407 0.958726 958.725938 0.384361
 1612.000000 1.006078 1.492095 1492.095071 0.598193
 1614.000000 1.037163 0.532928 532.928080 0.213655
 1616.000000 1.087286 0.003906 3.906123 0.001566
 1618.000000 1.011856 1.277263 1277.262868 0.512065
 1620.000000 1.088452 0.006549 6.548945 0.002626
 1622.000000 0.984489 2.442536 2442.536089 0.979232
 1624.000000 1.091885 0.018281 18.280973 0.007329
 1626.000000 1.121853 0.370948 370.947603 0.148716
 1628.000000 1.051658 0.250837 250.837490 0.100563
 1630.000000 1.101918 0.086348 86.347743 0.034617
 1632.000000 1.076085 0.013135 13.134988 0.005266
 1634.000000 1.001413 1.677722 1677.722257 0.672612
 1636.000000 0.928154 6.020158 6020.158043 2.413529
 1638.000000 0.934151 5.563829 5563.829218 2.230583
 1640.000000 0.983355 2.498911 2498.911032 1.001833
 1642.000000 0.993060 2.037319 2037.318860 0.816777
 1644.000000 0.979815 2.679035 2679.035237 1.074046
 1646.000000 1.019286 1.025501 1025.500982 0.411131
 1648.000000 0.876403 10.705033 10705.032912 4.291732
 1650.000000 1.056240 0.183518 183.517795 0.073574
 1652.000000 1.004016 1.572812 1572.812142 0.630553
 1654.000000 1.094355 0.030368 30.368208 0.012175
 1656.000000 0.993904 1.999423 1999.423111 0.801584
 1658.000000 0.978685 2.737793 2737.793312 1.097603
 1660.000000 0.995175 1.942994 1942.993640 0.778961
 1662.000000 0.970539 3.180613 3180.613391 1.275133
 1664.000000 0.991934 2.088438 2088.437959 0.837271
 1666.000000 0.975749 2.893605 2893.605432 1.160069
 1668.000000 0.970402 3.188347 3188.347447 1.278234
 1670.000000 0.922934 6.432026 6432.025947 2.578650
 1672.000000 0.929921 5.883851 5883.850550 2.358882
 1674.000000 1.042240 0.422166 422.166344 0.169250
 1676.000000 0.963749 3.575094 3575.094389 1.433283
 1678.000000 0.982971 2.518163 2518.163497 1.009552
 1680.000000 1.062846 0.104933 104.933273 0.042069
 1682.000000 1.092143 0.019404 19.403769 0.007779
 1684.000000 0.958371 3.903877 3903.876891 1.565095
 1686.000000 1.019154 1.029755 1029.754667 0.412837
 1688.000000 1.033202 0.628287 628.286670 0.251885
 1690.000000 1.060915 0.125644 125.644214 0.050372
 1692.000000 0.990443 2.157154 2157.153531 0.864820
 1694.000000 1.180241 2.347755 2347.755210 0.941234
 1696.000000 1.031836 0.662990 662.989797 0.265798
 1698.000000 1.008563 1.397639 1397.638960 0.560324
 1700.000000 1.017208 1.093149 1093.149404 0.438252
 1702.000000 0.997075 1.860126 1860.126154 0.745739
 1704.000000 1.085043 0.000730 0.730323 0.000293
 1706.000000 0.954387 4.156814 4156.813561 1.666499
 1708.000000 1.051535 0.252790 252.790477 0.101346
 1710.000000 0.982339 2.549943 2549.942605 1.022292
 1712.000000 0.937467 5.319255 5319.255158 2.132531
 1714.000000 0.906070 7.855529 7855.529159 3.149344
 1716.000000 1.108642 0.160130 160.129517 0.064197
 1718.000000 1.018603 1.047518 1047.517770 0.419958
 1720.000000 1.012685 1.247811 1247.811303 0.500257
 1722.000000 0.999987 1.736650 1736.650182 0.696237
 1724.000000 1.046221 0.344333 344.332943 0.138046
 1726.000000 1.177861 2.233879 2233.879165 0.895580
 1728.000000 1.107332 0.143985 143.984719 0.057725
 1730.000000 1.073518 0.024085 24.085128 0.009656
 1732.000000 1.032009 0.658534 658.534096 0.264012
 1734.000000 1.045011 0.367146 367.145888 0.147192
 1736.000000 1.034486 0.596512 596.511872 0.239146
 1738.000000 1.131395 0.577481 577.480879 0.231517
 1740.000000 1.055137 0.198753 198.752524 0.079681
 1742.000000 1.026834 0.798037 798.036649 0.319939
 1744.000000 0.985489 2.393360 2393.360322 0.959517
 1746.000000 1.099029 0.061585 61.585181 0.024690
 1748.000000 1.032174 0.654325 654.324954 0.262324
 1750.000000 1.027033 0.792440 792.439998 0.317695
 1752.000000 1.009924 1.347243 1347.242686 0.540120
 1754.000000 0.968021 3.324236 3324.236060 1.332712
 1756.000000 0.960714 3.758903 3758.902918 1.506974
 1758.000000 1.023063 0.908136 908.135515 0.364079
 1760.000000 0.973665 3.006777 3006.776930 1.205441
 1762.000000 0.919154 6.738700 6738.699669 2.701598
 1764.000000 0.984924 2.421099 2421.098933 0.970638
 1766.000000 0.995148 1.944183 1944.183130 0.779438
 1768.000000 1.001368 1.679598 1679.597554 0.673364
 1770.000000 0.960539 3.769601 3769.601323 1.511263
 1772.000000 1.010486 1.326696 1326.695759 0.531883
 1774.000000 1.019099 1.031503 1031.502647 0.413538
 1776.000000 0.925844 6.200726 6200.726284 2.485920
 1778.000000 1.039548 0.479293 479.293275 0.192152
 1780.000000 1.024961 0.851845 851.844783 0.341511
 1782.000000 1.093781 0.027290 27.289528 0.010941
 1784.000000 0.955881 4.061001 4061.000754 1.628087
 1786.000000 1.045367 0.360369 360.369026 0.144475
 1788.000000 0.876555 10.689324 10689.323787 4.285434
 1790.000000 1.066878 0.067696 67.695835 0.027140
 1792.000000 0.961548 3.707920 3707.919601 1.486534
 1794.000000 1.020261 0.994526 994.526200 0.398713
 1796.000000 1.054794 0.203617 203.617465 0.081632
 1798.000000 1.005446 1.516590 1516.589740 0.608013
 1800.000000 1.004983 1.534709 1534.709153 0.615277
 1802.000000 1.027457 0.780534 780.534350 0.312922
 1804.000000 1.018079 1.064546 1064.546291 0.426785
 1806.000000 1.035579 0.570112 570.112272 0.228562
 1808.000000 1.086916 0.003209 3.208999 0.001287
 1810.000000 0.993422 2.021025 2021.024830 0.810245
 1812.000000 0.884929 9.841039 9841.039063 3.945350
 1814.000000 1.114131 0.237122 237.122125 0.095064
 1816.000000 1.005971 1.496220 1496.220036 0.599846
 1818.000000 1.024058 0.878401 878.400739 0.352158
 1820.000000 1.077736 0.007834 7.833569 0.003141
 1822.000000 1.044280 0.381291 381.291129 0.152863
 1824.000000 1.037641 0.521943 521.943136 0.209251
 1826.000000 1.151916 1.175888 1175.887811 0.471423
 1828.000000 1.077993 0.007130 7.129760 0.002858
 1830.000000 1.100016 0.069576 69.576445 0.027894
 1832.000000 1.070640 0.040279 40.279043 0.016148
 1834.000000 1.119759 0.331704 331.704090 0.132983
 1836.000000 1.040126 0.466710 466.710268 0.187108
 1838.000000 1.051714 0.249945 249.945091 0.100205
 1840.000000 0.981829 2.575772 2575.771758 1.032647
 1842.000000 0.872961 11.064152 11064.152319 4.435706
 1844.000000 1.000964 1.696187 1696.187211 0.680015
 1846.000000 1.063832 0.095073 95.072687 0.038115
 1848.000000 1.056117 0.185186 185.186339 0.074243
 1850.000000 1.043266 0.401352 401.351721 0.160905
 1852.000000 1.023237 0.902899 902.899373 0.361979
 1854.000000 1.090903 0.014325 14.324902 0.005743
 1856.000000 1.077884 0.007423 7.423330 0.002976
 1858.000000 1.126609 0.468190 468.189985 0.187701
 1860.000000 1.020104 0.999480 999.479954 0.400699
 1862.000000 1.046315 0.342589 342.588505 0.137346
 1864.000000 1.061736 0.116607 116.606725 0.046749
 1866.000000 0.965967 3.443691 3443.691409 1.380603
 1868.000000 1.092907 0.022915 22.914842 0.009187
 1870.000000 1.092279 0.020004 20.004311 0.008020
 1872.000000 1.103403 0.100699 100.699112 0.040371
 1874.000000 1.020036 1.001627 1001.627038 0.401560
 1876.000000 1.031241 0.678412 678.411691 0.271981
 1878.000000 1.078167 0.006674 6.673888 0.002676
 1880.000000 0.915697 7.025508 7025.508116 2.816582
 1882.000000 1.081684 0.000680 0.679884 0.000273
 1884.000000 1.108837 0.162607 162.606821 0.065190
 1886.000000 1.077788 0.007687 7.687245 0.003082
 1888.000000 1.062843 0.104967 104.966637 0.042082
 1890.000000 1.004476 1.554637 1554.636736 0.623266
 1892.000000 1.029142 0.734185 734.184804 0.294340
 1894.000000 1.076068 0.013197 13.197266 0.005291
 1896.000000 1.093411 0.025390 25.389590 0.010179
 1898.000000 1.130738 0.561795 561.794728 0.225228
 1900.000000 1.131932 0.590454 590.454047 0.236718
 1902.000000 1.076135 0.012955 12.954731 0.005194
 1904.000000 1.058876 0.149541 149.540785 0.059952
 1906.000000 1.020907 0.974276 974.275993 0.390595
 1908.000000 1.107902 0.150903 150.903027 0.060498
 1910.000000 0.959793 3.815584 3815.583911 1.529698
 1912.000000 1.016977 1.100783 1100.783042 0.441313
 1914.000000 1.008751 1.390646 1390.646064 0.557521
 1916.000000 1.015760 1.141547 1141.546657 0.457655
 1918.000000 0.984677 2.433274 2433.273890 0.975519
 1920.000000 0.967012 3.382640 3382.639971 1.356127
 1922.000000 0.914899 7.092563 7092.563322 2.843464
 1924.000000 0.961824 3.691112 3691.111599 1.479796
 1926.000000 1.122043 0.374608 374.607828 0.150183
 1928.000000 1.149144 1.082759 1082.758624 0.434086
 1930.000000 1.123026 0.393868 393.868426 0.157905
 1932.000000 1.130025 0.545028 545.028105 0.218506
 1934.000000 1.122313 0.379852 379.851620 0.152286
 1936.000000 1.106866 0.138443 138.442750 0.055503
 1938.000000 1.142407 0.872424 872.423712 0.349762
 1940.000000 1.201302 3.479160 3479.160082 1.394823
 1942.000000 1.059955 0.136634 136.633900 0.054778
 1944.000000 1.202756 3.565458 3565.457764 1.429420
 1946.000000 1.047827 0.315176 315.175592 0.126356
 1948.000000 0.982362 2.548819 2548.818636 1.021841
 1950.000000 1.048623 0.301202 301.202081 0.120754
 1952.000000 0.905524 7.904042 7904.042360 3.168793
 1954.000000 0.981701 2.582260 2582.259856 1.035248
 1956.000000 0.917251 6.895863 6895.863186 2.764606
 1958.000000 0.964439 3.533995 3533.995161 1.416806
 1960.000000 0.986162 2.360572 2360.571875 0.946372
 1962.000000 1.008934 1.383813 1383.812909 0.554781
 1964.000000 0.889909 9.353273 9353.273227 3.749801
 1966.000000 0.981714 2.581609 2581.609004 1.034987
 1968.000000 1.046050 0.347517 347.517350 0.139322
 1970.000000 1.066687 0.069274 69.273611 0.027772
 1972.000000 1.081433 0.000903 0.902740 0.000362
 1974.000000 1.133967 0.640952 640.951672 0.256963
 1976.000000 0.986427 2.347710 2347.709514 0.941215
 1978.000000 1.046380 0.341394 341.393781 0.136867
 1980.000000 0.991058 2.128674 2128.673859 0.853402
 1982.000000 1.064796 0.085913 85.912558 0.034443
 1984.000000 1.173475 2.031360 2031.359847 0.814388
 1986.000000 0.990549 2.152242 2152.241570 0.862851
 1988.000000 1.071433 0.035404 35.404218 0.014194
 1990.000000 1.164418 1.643691 1643.690505 0.658968
 1992.000000 1.044112 0.384586 384.585553 0.154183
 1994.000000 1.097957 0.053462 53.462034 0.021433
 1996.000000 0.968439 3.300153 3300.152568 1.323057
 1998.000000 0.986578 2.340387 2340.387051 0.938280
 2000.000000 1.105753 0.125655 125.655394 0.050376
