#! FIELDS time d1 bb.bias bb.force2 lw
 0.000000 0.837001 0.042247 42.246703 0.016937
 2.000000 0.854106 0.004215 4.214683 0.001690
 4.000000 0.878416 0.201869 201.869226 0.080931
 6.000000 0.771666 1.534063 1534.062543 0.615018
 8.000000 0.761497 1.958210 1958.210390 0.785062
 10.000000 0.824760 0.159261 159.260953 0.063849
 12.000000 0.807647 0.448446 448.445509 0.179785
 14.000000 0.789323 0.920440 920.439672 0.369012
 16.000000 0.826750 0.135144 135.143722 0.054180
 18.000000 0.787702 0.970248 970.248366 0.388980
 20.000000 0.862768 0.040755 40.754641 0.016339
 22.000000 0.860853 0.029449 29.448904 0.011806
 24.000000 0.752926 2.355851 2355.851161 0.944479
 26.000000 0.777731 1.305713 1305.712993 0.523471
 28.000000 0.819644 0.230370 230.370260 0.092357
 30.000000 0.853799 0.003607 3.607337 0.001446
 32.000000 0.850106 0.000003 0.002795 0.000001
 34.000000 0.839736 0.026338 26.337523 0.010559
 36.000000 0.842688 0.013368 13.367738 0.005359
 38.000000 0.823756 0.172181 172.181483 0.069029
 40.000000 0.828292 0.117808 117.807719 0.047230
 42.000000 0.942221 2.126182 2126.182279 0.852403
 44.000000 1.023200 7.499561 7499.561437 3.006633
 46.000000 0.973506 3.813414 3813.413533 1.528828
 48.000000 0.819486 0.232781 232.780639 0.093324
 50.000000 0.895320 0.513470 513.470167 0.205854
 52.000000 0.815372 0.299778 299.777585 0.120183
 54.000000 0.753035 2.350563 2350.563251 0.942359
 56.000000 0.781712 1.165796 1165.796057 0.467377
 58.000000 0.854005 0.004009 4.009147 0.001607
 60.000000 0.905577 0.772199 772.199281 0.309581
 62.000000 0.799953 0.626165 626.165351 0.251035
 64.000000 0.865682 0.061484 61.483954 0.024649
 66.000000 0.876376 0.173921 173.921472 0.069726
 68.000000 0.830956 0.090672 90.671695 0.036351
 70.000000 0.906353 0.793929 793.928514 0.318292
 72.000000 0.907759 0.834018 834.017746 0.334364
 74.000000 0.750137 2.493138 2493.137863 0.999519
 76.000000 0.917274 1.131454 1131.454048 0.453609
 78.000000 0.857740 0.014977 14.977329 0.006005
 80.000000 0.886466 0.332441 332.440646 0.133278
 82.000000 0.907584 0.828987 828.987140 0.332347
 84.000000 0.832913 0.072993 72.993290 0.029264
 86.000000 0.792195 0.835352 835.351688 0.334899
 88.000000 0.791191 0.864628 864.627975 0.346636
 90.000000 0.821191 0.207493 207.492609 0.083185
 92.000000 1.004457 5.964272 5964.272320 2.391124
 94.000000 0.934045 1.765874 1765.874291 0.707953
 96.000000 0.839399 0.028096 28.096152 0.011264
 98.000000 0.829381 0.106287 106.287068 0.042611
 100.000000 0.919316 1.201168 1201.168245 0.481558
 102.000000 0.886738 0.337427 337.426639 0.135277
 104.000000 0.897217 0.557365 557.364542 0.223452
 106.000000 0.798188 0.671132 671.132436 0.269062
 108.000000 0.921853 1.290701 1290.701482 0.517452
 110.000000 0.931858 1.675199 1675.199374 0.671601
 112.000000 0.865967 0.063738 63.737604 0.025553
 114.000000 0.849809 0.000009 0.009094 0.000004
 116.000000 0.884758 0.302032 302.031636 0.121087
 118.000000 0.802526 0.563456 563.455821 0.225894
 120.000000 0.867285 0.074690 74.689958 0.029944
 122.000000 0.897324 0.559879 559.879245 0.224460
 124.000000 0.969101 3.546238 3546.238261 1.421715
 126.000000 0.815538 0.296907 296.906887 0.119032
 128.000000 0.840456 0.022772 22.771779 0.009129
 130.000000 0.800189 0.620282 620.282246 0.248676
 132.000000 0.879381 0.215818 215.817774 0.086523
 134.000000 0.772849 1.488081 1488.081301 0.596584
 136.000000 0.800843 0.604095 604.094503 0.242186
 138.000000 0.792635 0.822674 822.673788 0.329816
 140.000000 0.856752 0.011398 11.398187 0.004570
 142.000000 0.901265 0.657028 657.027958 0.263408
 144.000000 0.869597 0.096010 96.009513 0.038491
 146.000000 0.820103 0.223459 223.458871 0.089586
 148.000000 0.795400 0.745286 745.285663 0.298791
 150.000000 0.902197 0.681123 681.123449 0.273068
 152.000000 0.898424 0.586230 586.230171 0.235024
 154.000000 0.860677 0.028500 28.500347 0.011426
 156.000000 0.867291 0.074746 74.746087 0.029966
 158.000000 0.832019 0.080833 80.833136 0.032407
 160.000000 0.917651 1.144174 1144.173522 0.458708
 162.000000 0.922654 1.319663 1319.662679 0.529063
 164.000000 1.010315 6.425259 6425.259089 2.575937
 166.000000 0.891251 0.425405 425.405265 0.170548
 168.000000 0.866063 0.064504 64.503667 0.025860
 170.000000 0.905553 0.771528 771.528108 0.309312
 172.000000 0.801338 0.592001 592.001375 0.237338
 174.000000 0.949496 2.474846 2474.845890 0.992185
 176.000000 0.788724 0.938699 938.698745 0.376332
 178.000000 0.890666 0.413436 413.436275 0.165750
 180.000000 0.870138 0.101380 101.379928 0.040644
 182.000000 0.867112 0.073204 73.204038 0.029348
 184.000000 0.805017 0.505860 505.859778 0.202803
 186.000000 0.729233 3.646179 3646.179398 1.461782
 188.000000 0.801744 0.582170 582.169896 0.233396
 190.000000 0.872167 0.122843 122.843292 0.049249
 192.000000 0.715637 4.513348 4513.348469 1.809437
 194.000000 0.795912 0.731365 731.365396 0.293210
 196.000000 0.910780 0.923553 923.552849 0.370260
 198.000000 0.849878 0.000004 0.003700 0.000001
 200.000000 0.796326 0.720235 720.234724 0.288748
 202.000000 0.852587 0.001674 1.673785 0.000671
 204.000000 0.864417 0.051962 51.962214 0.020832
 206.000000 0.801407 0.590329 590.329109 0.236668
 208.000000 0.859681 0.023433 23.432618 0.009394
 210.000000 0.901935 0.674315 674.315171 0.270338
 212.000000 0.910041 0.901222 901.221937 0.361307
 214.000000 0.773869 1.448990 1448.990251 0.580912
 216.000000 0.757072 2.158883 2158.883189 0.865513
 218.000000 0.857696 0.014806 14.806488 0.005936
 220.000000 0.916850 1.117220 1117.220227 0.447902
 222.000000 0.870196 0.101970 101.970168 0.040881
 224.000000 0.813494 0.333164 333.163780 0.133568
 226.000000 0.856300 0.009922 9.922454 0.003978
 228.000000 0.863606 0.046280 46.280040 0.018554
 230.000000 0.832744 0.074447 74.446509 0.029846
 232.000000 0.818178 0.253168 253.167701 0.101497
 234.000000 0.858689 0.018873 18.873123 0.007566
 236.000000 0.802529 0.563381 563.381035 0.225864
 238.000000 0.655331 9.474038 9474.037555 3.798216
 240.000000 0.874110 0.145327 145.326904 0.058263
 242.000000 0.806373 0.475820 475.819861 0.190760
 244.000000 0.857774 0.015108 15.108324 0.006057
 246.000000 0.886589 0.334697 334.696834 0.134183
 248.000000 0.875101 0.157511 157.510915 0.063147
 250.000000 0.831335 0.087093 87.093017 0.034916
 252.000000 0.846502 0.003059 3.059281 0.001226
 254.000000 0.879923 0.223849 223.848724 0.089743
 256.000000 0.867251 0.074395 74.395300 0.029826
 258.000000 0.889599 0.392021 392.021272 0.157164
 260.000000 0.859592 0.023000 23.000153 0.009221
 262.000000 0.885189 0.309559 309.559259 0.124105
 264.000000 0.889548 0.391014 391.014093 0.156761
 266.000000 0.926649 1.468764 1468.764079 0.588839
 268.000000 0.774975 1.407197 1407.196900 0.564156
 270.000000 0.800796 0.605259 605.259100 0.242653
 272.000000 0.803251 0.546378 546.377913 0.219047
 274.000000 0.763567 1.867648 1867.648391 0.748755
 276.000000 0.861533 0.033253 33.253015 0.013331
 278.000000 0.890388 0.407788 407.787984 0.163485
 280.000000 0.804563 0.516123 516.123037 0.206918
 282.000000 0.868405 0.084689 84.688809 0.033952
 284.000000 0.831096 0.089344 89.344399 0.035819
 286.000000 0.875520 0.162813 162.813035 0.065273
 288.000000 0.863750 0.047268 47.267923 0.018950
 290.000000 0.769682 1.612731 1612.730644 0.646556
 292.000000 0.834703 0.058496 58.495894 0.023451
 294.000000 0.787115 0.988623 988.622841 0.396347
 296.000000 0.887419 0.350049 350.049028 0.140337
 298.000000 0.831340 0.087050 87.049767 0.034899
 300.000000 0.873114 0.133569 133.569419 0.053549
 302.000000 0.841139 0.019628 19.628263 0.007869
 304.000000 0.811480 0.370953 370.953039 0.148718
 306.000000 0.809029 0.419653 419.653059 0.168242
 308.000000 0.726534 3.810969 3810.968508 1.527847
 310.000000 0.800863 0.603623 603.622584 0.241997
 312.000000 0.769841 1.606351 1606.351447 0.643999
 314.000000 0.833859 0.065132 65.132089 0.026112
 316.000000 0.814319 0.318282 318.281658 0.127602
 318.000000 0.935663 1.834520 1834.520064 0.735474
 320.000000 0.831985 0.081137 81.137231 0.032529
 322.000000 0.948559 2.428484 2428.484432 0.973599
 324.000000 0.773012 1.481782 1481.781678 0.594058
 326.000000 0.855620 0.007895 7.894833 0.003165
 328.000000 0.903598 0.718183 718.183252 0.287925
 330.000000 0.927982 1.520292 1520.292016 0.609497
 332.000000 0.778591 1.274819 1274.818608 0.511085
 334.000000 0.868461 0.085203 85.202804 0.034158
 336.000000 0.873718 0.140634 140.633991 0.056381
 338.000000 0.762922 1.895630 1895.630303 0.759973
 340.000000 0.804564 0.516114 516.113956 0.206914
 342.000000 0.867577 0.077239 77.239151 0.030966
 344.000000 0.923298 1.343164 1343.164160 0.538485
 346.000000 0.901978 0.675420 675.420000 0.270781
 348.000000 0.848304 0.000719 0.719427 0.000288
 350.000000 0.733543 3.390538 3390.537911 1.359293
 352.000000 0.780949 1.192009 1192.008593 0.477886
 354.000000 0.738252 3.121921 3121.920851 1.251603
 356.000000 0.689785 6.417214 6417.213504 2.572711
 358.000000 0.822857 0.184185 184.185430 0.073841
 360.000000 0.797501 0.689040 689.040067 0.276242
 362.000000 0.734124 3.356812 3356.811995 1.345772
 364.000000 0.798237 0.669854 669.854318 0.268550
 366.000000 0.970411 3.624700 3624.700446 1.453171
 368.000000 0.797989 0.676290 676.289677 0.271130
 370.000000 0.746094 2.699124 2699.123600 1.082100
 372.000000 0.827527 0.126259 126.258709 0.050618
 374.000000 0.835131 0.055270 55.270001 0.022158
 376.000000 0.961078 3.084606 3084.605651 1.236643
 378.000000 0.947242 2.364002 2364.002469 0.947747
 380.000000 0.938923 1.976804 1976.803502 0.792516
 382.000000 0.751413 2.429836 2429.836237 0.974140
 384.000000 0.799119 0.647226 647.226025 0.259478
 386.000000 0.923797 1.361482 1361.482237 0.545829
 388.000000 0.897549 0.565227 565.226891 0.226604
 390.000000 0.879163 0.212615 212.614814 0.085239
 392.000000 0.848860 0.000325 0.324755 0.000130
 394.000000 0.905596 0.772728 772.727502 0.309793
 396.000000 0.786655 1.003162 1003.162105 0.402176
 398.000000 0.798995 0.650388 650.388272 0.260746
 400.000000 0.909296 0.879001 879.001421 0.352399
 402.000000 0.786144 1.019411 1019.411101 0.408690
 404.000000 0.787694 0.970512 970.512071 0.389086
 406.000000 0.880411 0.231205 231.204863 0.092692
 408.000000 0.892348 0.448340 448.340216 0.179743
 410.000000 0.909198 0.876094 876.093783 0.351233
 412.000000 0.775459 1.389091 1389.091295 0.556898
 414.000000 0.783974 1.089847 1089.846855 0.436928
 416.000000 0.876847 0.180194 180.193723 0.072241
 418.000000 0.866049 0.064391 64.390585 0.025815
 420.000000 0.881035 0.240799 240.799194 0.096538
 422.000000 0.816857 0.274613 274.612734 0.110094
 424.000000 0.796678 0.710797 710.797493 0.284964
 426.000000 0.861790 0.034753 34.753216 0.013933
 428.000000 0.771401 1.544455 1544.454573 0.619184
 430.000000 0.789181 0.924739 924.739439 0.370735
 432.000000 0.781720 1.165526 1165.525975 0.467269
 434.000000 0.760517 2.001794 2001.793828 0.802535
 436.000000 0.887992 0.360844 360.844252 0.144665
 438.000000 0.921602 1.281706 1281.706491 0.513846
 440.000000 0.918328 1.167180 1167.180177 0.467932
 442.000000 0.927447 1.499521 1499.520511 0.601170
 444.000000 0.758797 2.079497 2079.497322 0.833687
 446.000000 0.837579 0.038572 38.572008 0.015464
 448.000000 0.813704 0.329358 329.358033 0.132042
 450.000000 0.797553 0.687683 687.683277 0.275698
 452.000000 0.853332 0.002776 2.776221 0.001113
 454.000000 0.774550 1.423166 1423.166265 0.570559
 456.000000 0.739949 3.027820 3027.819788 1.213877
 458.000000 0.747840 2.609146 2609.146355 1.046027
 460.000000 0.783796 1.095726 1095.726091 0.439285
 462.000000 0.814792 0.309908 309.908382 0.124245
 464.000000 0.858630 0.018620 18.619708 0.007465
 466.000000 0.765649 1.778757 1778.756657 0.713118
 468.000000 0.772746 1.492028 1492.028247 0.598166
 470.000000 0.842193 0.015238 15.237800 0.006109
 472.000000 0.886739 0.337436 337.435545 0.135281
 474.000000 0.922735 1.322601 1322.600599 0.530241
 476.000000 0.800828 0.604472 604.472357 0.242338
 478.000000 0.881569 0.249148 249.147859 0.099885
 480.000000 0.856025 0.009076 9.075652 0.003639
 482.000000 0.872846 0.130485 130.484953 0.052312
 484.000000 0.866183 0.065476 65.476139 0.026250
 486.000000 0.935093 1.810207 1810.207102 0.725726
 488.000000 0.903960 0.727913 727.913295 0.291826
 490.000000 0.797023 0.701641 701.641342 0.281294
 492.000000 0.764745 1.817094 1817.094205 0.728487
 494.000000 0.905936 0.782198 782.198048 0.313589
 496.000000 0.760426 2.005891 2005.890644 0.804177
 498.000000 0.902256 0.682684 682.684008 0.273693
 500.000000 0.904244 0.735612 735.612161 0.294913
 502.000000 0.846802 0.002557 2.556536 0.001025
 504.000000 0.793854 0.788088 788.088190 0.315951
 506.000000 0.774614 1.420748 1420.748309 0.569589
 508.000000 0.673627 7.776887 7776.886828 3.117815
 510.000000 0.727569 3.747328 3747.328230 1.502333
 512.000000 0.751633 2.418998 2418.997559 0.969795
 514.000000 0.926514 1.463602 1463.602121 0.586770
 516.000000 0.760726 1.992459 1992.458958 0.798792
 518.000000 0.818941 0.241169 241.168679 0.096686
 520.000000 0.741293 2.954284 2954.283537 1.184396
 522.000000 0.889742 0.394854 394.853859 0.158300
 524.000000 0.790479 0.885695 885.695016 0.355082
 526.000000 0.931059 1.642621 1642.620914 0.658540
 528.000000 0.902564 0.690740 690.740471 0.276923
 530.000000 0.824181 0.166649 166.648956 0.066811
 532.000000 0.925948 1.442026 1442.025708 0.578119
 534.000000 0.898162 0.579894 579.893844 0.232484
 536.000000 0.776575 1.347807 1347.807425 0.540347
 538.000000 0.865333 0.058776 58.776479 0.023564
 540.000000 0.779572 1.240039 1240.038510 0.497141
 542.000000 0.771679 1.533534 1533.533851 0.614806
 544.000000 0.788178 0.955476 955.475638 0.383058
 546.000000 0.801045 0.599157 599.156563 0.240207
 548.000000 0.806318 0.477040 477.039673 0.191249
 550.000000 0.735490 3.278113 3278.112515 1.314221
 552.000000 0.784486 1.073031 1073.030753 0.430186
 554.000000 0.869604 0.096081 96.080574 0.038519
 556.000000 0.739554 3.049570 3049.569676 1.222596
 558.000000 0.909520 0.885652 885.652301 0.355065
 560.000000 0.829108 0.109116 109.116374 0.043746
 562.000000 0.933517 1.743776 1743.775760 0.699093
 564.000000 0.848053 0.000948 0.947583 0.000380
 566.000000 0.892635 0.454432 454.431940 0.182185
 568.000000 0.895989 0.528754 528.754365 0.211982
 570.000000 0.889416 0.388412 388.412034 0.155717
 572.000000 0.740709 2.986150 2986.149861 1.197171
 574.000000 0.936634 1.876351 1876.350918 0.752244
 576.000000 0.779681 1.236179 1236.179308 0.495594
 578.000000 0.871500 0.115561 115.560928 0.046329
 580.000000 0.782836 1.127763 1127.763230 0.452129
 582.000000 0.775916 1.372123 1372.122636 0.550095
 584.000000 0.728743 3.675841 3675.840962 1.473674
 586.000000 0.948108 2.406293 2406.292878 0.964702
 588.000000 0.933330 1.735958 1735.958135 0.695959
 590.000000 0.775572 1.384889 1384.889358 0.555213
 592.000000 0.947307 2.367151 2367.150585 0.949009
 594.000000 0.813980 0.324364 324.364267 0.130040
 596.000000 0.897719 0.569284 569.284036 0.228230
 598.000000 0.811783 0.365133 365.133091 0.146385
 600.000000 0.799313 0.642302 642.302394 0.257504
 602.000000 0.808341 0.433863 433.862929 0.173939
 604.000000 0.815708 0.293985 293.985225 0.117861
 606.000000 0.748563 2.572363 2572.363371 1.031281
 608.000000 0.844832 0.006677 6.677309 0.002677
 610.000000 0.876809 0.179675 179.674657 0.072033
 612.000000 0.867698 0.078301 78.301044 0.031392
 614.000000 0.833032 0.071976 71.976379 0.028856
 616.000000 0.837789 0.037279 37.278606 0.014945
 618.000000 0.871071 0.110997 110.997437 0.044500
 620.000000 0.954742 2.742703 2742.703311 1.099571
 622.000000 0.846982 0.002277 2.276524 0.000913
 624.000000 0.855767 0.008316 8.315716 0.003334
 626.000000 0.772373 1.506487 1506.486976 0.603962
 628.000000 0.820235 0.221485 221.484632 0.088795
 630.000000 0.872640 0.128145 128.145096 0.051374
 632.000000 0.772661 1.495331 1495.330898 0.599490
 634.000000 0.846367 0.003299 3.299199 0.001323
 636.000000 0.976684 4.012238 4012.237920 1.608538
 638.000000 0.910397 0.911962 911.962092 0.365613
 640.000000 0.879693 0.220419 220.419360 0.088368
 642.000000 0.906211 0.789928 789.927522 0.316688
 644.000000 0.775764 1.377745 1377.744580 0.552349
 646.000000 0.813897 0.325849 325.848779 0.130635
 648.000000 0.797075 0.700259 700.258862 0.280739
 650.000000 0.885881 0.321857 321.857163 0.129035
 652.000000 0.892045 0.441951 441.951282 0.177182
 654.000000 0.926421 1.460033 1460.033335 0.585339
 656.000000 0.875796 0.166357 166.357081 0.066694
 658.000000 0.942342 2.131751 2131.751028 0.854636
 660.000000 0.876365 0.173784 173.783851 0.069671
 662.000000 0.919767 1.216867 1216.866914 0.487852
 664.000000 0.738279 3.120420 3120.419866 1.251001
 666.000000 0.835668 0.051352 51.352418 0.020588
 668.000000 0.714164 4.612884 4612.884187 1.849342
 670.000000 0.762913 1.896038 1896.038166 0.760137
 672.000000 0.705120 5.247535 5247.535202 2.103778
 674.000000 0.763190 1.883986 1883.985532 0.755305
 676.000000 0.809666 0.406706 406.706012 0.163052
 678.000000 0.833311 0.069631 69.630987 0.027916
 680.000000 1.005613 6.053865 6053.864886 2.427042
 682.000000 0.886803 0.338613 338.613435 0.135753
 684.000000 0.814581 0.313631 313.631215 0.125737
 686.000000 0.717957 4.358808 4358.808006 1.747480
 688.000000 0.830736 0.092780 92.779947 0.037196
 690.000000 0.919933 1.222654 1222.654439 0.490172
 692.000000 0.913008 0.992501 992.500980 0.397901
 694.000000 0.807059 0.460984 460.984489 0.184812
 696.000000 0.924198 1.376320 1376.320359 0.551778
 698.000000 0.910746 0.922521 922.521396 0.369846
 700.000000 0.819121 0.238385 238.384823 0.095570
 702.000000 0.816420 0.281906 281.906084 0.113018
 704.000000 0.877266 0.185855 185.854618 0.074511
 706.000000 0.766019 1.763184 1763.184396 0.706875
 708.000000 0.851499 0.000562 0.561893 0.000225
 710.000000 0.836329 0.046721 46.720712 0.018731
 712.000000 0.860194 0.025980 25.980091 0.010416
 714.000000 0.775236 1.397401 1397.400513 0.560229
 716.000000 0.847247 0.001894 1.894318 0.000759
 718.000000 0.926488 1.462600 1462.599965 0.586368
 720.000000 0.857238 0.013097 13.096811 0.005251
 722.000000 0.857460 0.013914 13.914377 0.005578
 724.000000 0.802698 0.559370 559.369922 0.224256
 726.000000 0.754466 2.281678 2281.677712 0.914743
 728.000000 0.825627 0.148510 148.509745 0.059539
 730.000000 0.697428 5.819531 5819.530632 2.333096
 732.000000 0.794577 0.767918 767.918254 0.307864
 734.000000 0.912312 0.970711 970.710629 0.389166
 736.000000 0.754134 2.297587 2297.586822 0.921121
 738.000000 0.780879 1.194428 1194.428166 0.478856
 740.000000 0.859375 0.021975 21.974781 0.008810
 742.000000 0.955092 2.761106 2761.106495 1.106949
 744.000000 0.881910 0.254568 254.568494 0.102059
 746.000000 0.812249 0.356278 356.278297 0.142835
 748.000000 0.744437 2.785865 2785.864990 1.116875
 750.000000 0.798708 0.657712 657.712017 0.263682
 752.000000 0.735771 3.262042 3262.042491 1.307779
 754.000000 0.783577 1.103013 1103.012851 0.442207
 756.000000 0.769237 1.630657 1630.657343 0.653743
 758.000000 0.774354 1.430591 1430.590876 0.573535
 760.000000 0.785165 1.050894 1050.893541 0.421311
 762.000000 0.684305 6.863702 6863.701660 2.751712
 764.000000 0.848381 0.000655 0.655160 0.000263
 766.000000 0.772972 1.483343 1483.343195 0.594684
 768.000000 0.775268 1.396210 1396.210003 0.559752
 770.000000 0.824990 0.156374 156.373770 0.062691
 772.000000 0.772450 1.503505 1503.504822 0.602767
 774.000000 0.739666 3.043385 3043.385230 1.220117
 776.000000 0.786408 1.010972 1010.971673 0.405307
 778.000000 0.808639 0.427692 427.692197 0.171465
 780.000000 0.841419 0.018408 18.407858 0.007380
 782.000000 0.807822 0.444739 444.738835 0.178299
 784.000000 0.884348 0.294948 294.948055 0.118247
 786.000000 0.810297 0.394072 394.072348 0.157987
 788.000000 0.855383 0.007245 7.244864 0.002905
 790.000000 0.863379 0.044751 44.751475 0.017941
 792.000000 0.859614 0.023108 23.108206 0.009264
 794.000000 0.834625 0.059097 59.097340 0.023693
 796.000000 0.916395 1.102086 1102.085550 0.441835
 798.000000 0.813087 0.340641 340.641248 0.136566
 800.000000 0.889676 0.393551 393.551108 0.157778
 802.000000 0.895479 0.517074 517.074295 0.207299
 804.000000 0.833827 0.065394 65.393642 0.026217
 806.000000 0.871397 0.114457 114.456882 0.045887
 808.000000 0.719761 4.240548 4240.548482 1.700069
 810.000000 0.787070 0.990058 990.057607 0.396922
 812.000000 0.798220 0.670285 670.285436 0.268723
 814.000000 0.718961 4.292805 4292.805369 1.721019
 816.000000 0.695586 5.960948 5960.948301 2.389791
 818.000000 0.812182 0.357547 357.547440 0.143344
 820.000000 0.774253 1.434389 1434.388853 0.575058
 822.000000 0.876056 0.169735 169.734950 0.068048
 824.000000 0.930630 1.625293 1625.293427 0.651593
 826.000000 0.904084 0.731265 731.264975 0.293170
 828.000000 0.779942 1.227019 1227.018795 0.491921
 830.000000 0.794809 0.761523 761.523175 0.305301
 832.000000 0.875337 0.160491 160.490614 0.064342
 834.000000 0.785273 1.047404 1047.403532 0.419912
 836.000000 0.864750 0.054393 54.392957 0.021807
 838.000000 0.762538 1.912420 1912.419911 0.766704
 840.000000 0.781518 1.172463 1172.462964 0.470050
 842.000000 0.834262 0.061921 61.920634 0.024824
 844.000000 0.827943 0.121629 121.628697 0.048762
 846.000000 0.870396 0.103995 103.994718 0.041692
 848.000000 0.786678 1.002415 1002.414736 0.401876
 850.000000 0.697788 5.792112 5792.111917 2.322103
 852.000000 0.778299 1.285255 1285.255443 0.515269
 854.000000 0.820368 0.219518 219.517832 0.088006
 856.000000 0.808313 0.434447 434.446636 0.174173
 858.000000 0.768538 1.659020 1659.020273 0.665114
 860.000000 0.910710 0.921428 921.428087 0.369408
 862.000000 0.855870 0.008614 8.613797 0.003453
 864.000000 0.804554 0.516335 516.335429 0.207003
 866.000000 0.916791 1.115268 1115.267922 0.447120
 868.000000 0.931891 1.676526 1676.526224 0.672133
 870.000000 0.817305 0.267236 267.235665 0.107137
 872.000000 0.678732 7.333202 7333.202150 2.939938
 874.000000 0.748684 2.566225 2566.224779 1.028820
 876.000000 0.825489 0.150197 150.197320 0.060215
 878.000000 0.892110 0.443308 443.308399 0.177726
 880.000000 0.851625 0.000660 0.659935 0.000265
 882.000000 0.895725 0.522705 522.704833 0.209556
 884.000000 0.795025 0.755569 755.569217 0.302914
 886.000000 0.803413 0.542581 542.580676 0.217525
 888.000000 0.828367 0.116999 116.999036 0.046906
 890.000000 0.891666 0.434010 434.010280 0.173998
 892.000000 0.846352 0.003326 3.326181 0.001333
 894.000000 0.797244 0.695805 695.804535 0.278954
 896.000000 0.777217 1.324354 1324.354037 0.530944
 898.000000 0.793434 0.799940 799.939965 0.320702
 900.000000 0.796798 0.707619 707.618778 0.283690
 902.000000 0.802189 0.571466 571.466158 0.229105
 904.000000 0.823670 0.173318 173.317900 0.069485
 906.000000 0.772963 1.483689 1483.688935 0.594823
 908.000000 0.823490 0.175701 175.701321 0.070440
 910.000000 0.907864 0.837069 837.069425 0.335588
 912.000000 0.822504 0.189008 189.008222 0.075775
 914.000000 0.820663 0.215162 215.162288 0.086260
 916.000000 0.832742 0.074461 74.461251 0.029852
 918.000000 0.862121 0.036729 36.728691 0.014725
 920.000000 0.814729 0.311018 311.017884 0.124690
 922.000000 0.819123 0.238343 238.342984 0.095554
 924.000000 0.934153 1.770425 1770.424743 0.709777
 926.000000 0.841250 0.019140 19.139898 0.007673
 928.000000 0.867651 0.077890 77.889759 0.031227
 930.000000 0.780406 1.210815 1210.814745 0.485425
 932.000000 0.921870 1.291322 1291.322375 0.517701
 934.000000 0.880794 0.237070 237.070343 0.095043
 936.000000 0.870113 0.101129 101.129489 0.040544
 938.000000 0.853601 0.003241 3.240934 0.001299
 940.000000 0.921333 1.272082 1272.081534 0.509988
 942.000000 0.940426 2.044193 2044.192885 0.819533
 944.000000 0.944951 2.253919 2253.919283 0.903614
 946.000000 0.814215 0.320150 320.150019 0.128351
 948.000000 0.877703 0.191861 191.860929 0.076919
 950.000000 0.806820 0.466120 466.119781 0.186871
 952.000000 0.829058 0.109639 109.638808 0.043955
 954.000000 0.760071 2.021812 2021.811709 0.810560
 956.000000 0.771026 1.559227 1559.226979 0.625106
 958.000000 0.819588 0.231223 231.222890 0.092699
 960.000000 0.858232 0.016939 16.939400 0.006791
 962.000000 0.674014 7.742796 7742.795982 3.104148
 964.000000 0.852027 0.001027 1.027423 0.000412
 966.000000 0.833523 0.067875 67.875441 0.027212
 968.000000 0.846306 0.003412 3.411758 0.001368
 970.000000 0.810821 0.383753 383.753307 0.153850
 972.000000 0.863582 0.046120 46.119852 0.018490
 974.000000 0.834794 0.057802 57.802212 0.023173
 976.000000 0.828438 0.116225 116.225045 0.046596
 978.000000 0.771023 1.559331 1559.330695 0.625148
 980.000000 0.829225 0.107904 107.904212 0.043260
 982.000000 0.835150 0.055129 55.128979 0.022102
 984.000000 0.819797 0.228055 228.054554 0.091429
 986.000000 0.791610 0.852361 852.360798 0.341718
 988.000000 0.864739 0.054306 54.306256 0.021772
 990.000000 0.798029 0.675244 675.243646 0.270710
 992.000000 0.969871 3.592255 3592.255043 1.440163
 994.000000 0.886409 0.331410 331.409894 0.132865
 996.000000 0.818938 0.241205 241.204832 0.096701
 998.000000 0.823854 0.170901 170.900994 0.068516
 1000.000000 0.795213 0.750413 750.413238 0.300847
 1002.000000 0.778385 1.282180 1282.180458 0.514036
 1004.000000 0.806814 0.466256 466.255767 0.186926
 1006.000000 0.707815 5.054138 5054.138037 2.026244
 1008.000000 0.739139 3.072516 3072.515949 1.231796
 1010.000000 0.775191 1.399104 1399.104464 0.560912
 1012.000000 0.728671 3.680206 3680.205608 1.475423
 1014.000000 0.814266 0.319221 319.221472 0.127978
 1016.000000 0.858164 0.016661 16.661403 0.006680
 1018.000000 0.848544 0.000530 0.530131 0.000213
 1020.000000 0.877445 0.188308 188.308252 0.075494
 1022.000000 0.847305 0.001816 1.815754 0.000728
 1024.000000 0.872447 0.125963 125.963468 0.050500
 1026.000000 0.831759 0.083181 83.180765 0.033348
 1028.000000 0.832523 0.076360 76.360060 0.030613
 1030.000000 0.832704 0.074786 74.785829 0.029982
 1032.000000 0.826210 0.141488 141.487803 0.056724
 1034.000000 0.603589 15.179644 15179.643947 6.085639
 1036.000000 0.749076 2.546437 2546.437474 1.020887
 1038.000000 0.761073 1.977018 1977.018378 0.792602
 1040.000000 0.742745 2.875926 2875.925876 1.152981
 1042.000000 0.726108 3.837293 3837.293327 1.538401
 1044.000000 0.788870 0.934216 934.215618 0.374534
 1046.000000 0.791806 0.846625 846.624846 0.339419
 1048.000000 0.796830 0.706764 706.764456 0.283347
 1050.000000 0.869729 0.097313 97.312690 0.039013
 1052.000000 0.850109 0.000003 0.002961 0.000001
 1054.000000 0.802482 0.564480 564.480101 0.226305
 1056.000000 1.062966 11.338618 11338.617875 4.545741
 1058.000000 0.856708 0.011250 11.250403 0.004510
 1060.000000 0.894013 0.484290 484.290237 0.194156
 1062.000000 0.883711 0.284112 284.111659 0.113903
 1064.000000 0.835452 0.052912 52.911688 0.021213
 1066.000000 0.835846 0.050084 50.083528 0.020079
 1068.000000 0.773603 1.459120 1459.120033 0.584973
 1070.000000 0.817369 0.266201 266.200539 0.106722
 1072.000000 0.843282 0.011284 11.284377 0.004524
 1074.000000 0.821692 0.200337 200.337108 0.080317
 1076.000000 0.953623 2.684417 2684.416597 1.076204
 1078.000000 0.871927 0.120203 120.203415 0.048190
 1080.000000 0.823935 0.169840 169.840277 0.068090
 1082.000000 0.854415 0.004873 4.872559 0.001953
 1084.000000 0.801501 0.588048 588.047771 0.235753
 1086.000000 0.770477 1.580973 1580.973116 0.633825
 1088.000000 0.789338 0.919984 919.983643 0.368829
 1090.000000 0.772535 1.500198 1500.197717 0.601441
 1092.000000 0.799261 0.643621 643.620704 0.258033
 1094.000000 0.810192 0.396179 396.178783 0.158831
 1096.000000 0.801121 0.597278 597.277687 0.239453
 1098.000000 0.806289 0.477657 477.657283 0.191497
 1100.000000 0.836726 0.044053 44.052956 0.017661
 1102.000000 0.791464 0.856620 856.620159 0.343426
 1104.000000 0.910046 0.901391 901.390589 0.361375
 1106.000000 1.040904 9.111060 9111.059992 3.652696
 1108.000000 0.928112 1.525378 1525.377752 0.611536
 1110.000000 0.968288 3.498027 3498.027496 1.402387
 1112.000000 0.890330 0.406625 406.624801 0.163019
 1114.000000 0.761481 1.958891 1958.890576 0.785335
 1116.000000 0.765994 1.764245 1764.245278 0.707300
 1118.000000 0.872530 0.126902 126.901990 0.050876
 1120.000000 0.725491 3.875625 3875.624739 1.553768
 1122.000000 0.678074 7.389661 7389.660919 2.962573
 1124.000000 0.765258 1.795322 1795.322181 0.719759
 1126.000000 0.765564 1.782375 1782.374786 0.714568
 1128.000000 0.886426 0.331718 331.717582 0.132988
 1130.000000 0.849940 0.000001 0.000895 0.000000
 1132.000000 0.861988 0.035930 35.929977 0.014405
 1134.000000 0.827835 0.122827 122.827017 0.049242
 1136.000000 0.888396 0.368559 368.558609 0.147758
 1138.000000 0.898886 0.597469 597.469111 0.239530
 1140.000000 0.937911 1.932101 1932.101203 0.774595
 1142.000000 0.770004 1.599835 1599.834999 0.641386
 1144.000000 0.778648 1.272770 1272.770417 0.510264
 1146.000000 0.795139 0.752440 752.439918 0.301659
 1148.000000 0.655156 9.491082 9491.081853 3.805049
 1150.000000 0.699604 5.654710 5654.709937 2.267018
 1152.000000 0.782603 1.135595 1135.594806 0.455269
 1154.000000 0.883069 0.273390 273.390444 0.109604
 1156.000000 0.748704 2.565238 2565.238288 1.028424
 1158.000000 0.729522 3.628719 3628.719265 1.454782
 1160.000000 0.738560 3.104741 3104.740940 1.244715
 1162.000000 0.673814 7.760337 7760.336806 3.111180
 1164.000000 0.767436 1.704223 1704.223126 0.683236
 1166.000000 0.808749 0.425416 425.416450 0.170553
 1168.000000 0.739288 3.064264 3064.264314 1.228488
 1170.000000 0.822373 0.190818 190.818211 0.076501
 1172.000000 0.881875 0.253998 253.997505 0.101830
 1174.000000 0.773203 1.474436 1474.436111 0.591113
 1176.000000 0.976147 3.978289 3978.288608 1.594927
 1178.000000 0.719135 4.281396 4281.395803 1.716445
 1180.000000 0.742131 2.908905 2908.904764 1.166203
 1182.000000 0.894269 0.489941 489.941341 0.196421
 1184.000000 0.878485 0.202850 202.849845 0.081324
 1186.000000 0.647192 10.282806 10282.805941 4.122458
 1188.000000 0.710487 4.865977 4865.977149 1.950809
 1190.000000 0.776491 1.350893 1350.893268 0.541584
 1192.000000 0.901757 0.669699 669.699422 0.268488
 1194.000000 0.943817 2.200386 2200.385577 0.882152
 1196.000000 0.796179 0.724176 724.175577 0.290328
 1198.000000 0.890674 0.413597 413.597185 0.165814
 1200.000000 0.945196 2.265556 2265.555672 0.908279
 1202.000000 0.862841 0.041222 41.221660 0.016526
 1204.000000 0.988543 4.798522 4798.521987 1.923765
 1206.000000 0.990806 4.956556 4956.555658 1.987122
 1208.000000 0.953943 2.701054 2701.054204 1.082874
 1210.000000 0.747127 2.645722 2645.721915 1.060691
 1212.000000 0.845574 0.004898 4.897847 0.001964
 1214.000000 0.802667 0.560107 560.106613 0.224551
 1216.000000 0.865326 0.058725 58.724700 0.023543
 1218.000000 1.028987 8.009126 8009.126396 3.210922
 1220.000000 0.909422 0.882736 882.735653 0.353896
 1222.000000 0.800061 0.623480 623.479510 0.249958
 1224.000000 0.935583 1.831097 1831.096938 0.734101
 1226.000000 0.951219 2.561343 2561.342985 1.026863
 1228.000000 0.813163 0.339241 339.241452 0.136005
 1230.000000 0.792883 0.815581 815.581314 0.326973
 1232.000000 0.849333 0.000111 0.111318 0.000045
 1234.000000 0.853092 0.002390 2.389992 0.000958
 1236.000000 0.883679 0.283562 283.562083 0.113682
 1238.000000 0.915030 1.057219 1057.218756 0.423847
 1240.000000 0.801309 0.592705 592.704972 0.237620
 1242.000000 0.842802 0.012953 12.953166 0.005193
 1244.000000 0.935549 1.829649 1829.649433 0.733521
 1246.000000 0.882276 0.260430 260.430268 0.104409
 1248.000000 0.776356 1.355858 1355.857775 0.543574
 1250.000000 0.897071 0.553914 553.914176 0.222069
 1252.000000 0.816552 0.279697 279.696684 0.112133
 1254.000000 0.878594 0.204397 204.397222 0.081944
 1256.000000 0.813791 0.327769 327.769267 0.131405
 1258.000000 0.829455 0.105519 105.519242 0.042303
 1260.000000 0.794789 0.762062 762.061519 0.305516
 1262.000000 0.842356 0.014608 14.607719 0.005856
 1264.000000 0.854816 0.005799 5.799446 0.002325
 1266.000000 0.887826 0.357692 357.692215 0.143402
 1268.000000 0.744125 2.802403 2802.402654 1.123505
 1270.000000 0.773412 1.466439 1466.439179 0.587907
 1272.000000 0.838643 0.032243 32.243044 0.012926
 1274.000000 0.821662 0.200762 200.762317 0.080487
 1276.000000 0.813499 0.333084 333.083770 0.133536
 1278.000000 0.713533 4.655838 4655.837777 1.866562
 1280.000000 0.821516 0.202830 202.829645 0.081316
 1282.000000 0.872068 0.121748 121.748275 0.048810
 1284.000000 0.881368 0.245995 245.994957 0.098621
 1286.000000 0.849607 0.000039 0.038545 0.000015
 1288.000000 0.886525 0.333514 333.514402 0.133709
 1290.000000 0.894798 0.501713 501.712681 0.201141
 1292.000000 0.881259 0.244281 244.280653 0.097934
 1294.000000 0.848197 0.000813 0.813145 0.000326
 1296.000000 0.861719 0.034333 34.333054 0.013764
 1298.000000 0.953047 2.654692 2654.691978 1.064287
 1300.000000 0.847875 0.001129 1.128738 0.000453
 1302.000000 0.927224 1.490879 1490.879412 0.597705
 1304.000000 0.978192 4.108295 4108.294842 1.647048
 1306.000000 0.945591 2.284431 2284.430680 0.915846
 1308.000000 1.008320 6.266280 6266.280227 2.512201
 1310.000000 0.890032 0.400647 400.646846 0.160622
 1312.000000 0.763263 1.880833 1880.832930 0.754041
 1314.000000 0.783226 1.114696 1114.695510 0.446890
 1316.000000 0.785453 1.041573 1041.573036 0.417575
 1318.000000 0.673682 7.772000 7771.999950 3.115856
 1320.000000 0.792861 0.816209 816.209436 0.327225
 1322.000000 0.769751 1.609962 1609.961897 0.645446
 1324.000000 0.717062 4.418140 4418.139504 1.771267
 1326.000000 0.838397 0.033658 33.657850 0.013494
 1328.000000 0.869109 0.091290 91.290081 0.036599
 1330.000000 0.930958 1.638549 1638.548973 0.656907
 1332.000000 0.924129 1.373770 1373.770189 0.550755
 1334.000000 0.769424 1.623143 1623.142575 0.650731
 1336.000000 0.899975 0.624383 624.383352 0.250320
 1338.000000 0.829414 0.105947 105.946617 0.042475
 1340.000000 0.870183 0.101835 101.835120 0.040827
 1342.000000 0.833895 0.064846 64.846324 0.025997
 1344.000000 0.847713 0.001308 1.307880 0.000524
 1346.000000 0.796708 0.710004 710.003649 0.284646
 1348.000000 0.675623 7.601831 7601.831342 3.047634
 1350.000000 0.811826 0.364307 364.306771 0.146053
 1352.000000 0.831412 0.086377 86.376708 0.034629
 1354.000000 0.812157 0.358019 358.019167 0.143533
 1356.000000 0.730647 3.561277 3561.276995 1.427744
 1358.000000 0.819946 0.225815 225.814802 0.090531
 1360.000000 0.775158 1.400326 1400.326078 0.561402
 1362.000000 0.780004 1.224852 1224.851896 0.491053
 1364.000000 0.749134 2.543467 2543.466619 1.019696
 1366.000000 0.779983 1.225581 1225.580617 0.491345
 1368.000000 0.788527 0.944719 944.718529 0.378745
 1370.000000 0.696911 5.859092 5859.092133 2.348956
 1372.000000 0.806050 0.482911 482.911178 0.193603
 1374.000000 0.733288 3.405420 3405.420236 1.365260
 1376.000000 0.709724 4.919345 4919.344816 1.972204
 1378.000000 0.731751 3.495736 3495.735799 1.401468
 1380.000000 0.894756 0.500785 500.784946 0.200769
 1382.000000 0.895491 0.517352 517.352342 0.207411
 1384.000000 0.790302 0.890972 890.972164 0.357198
 1386.000000 0.727418 3.756558 3756.557586 1.506034
 1388.000000 0.744632 2.775620 2775.619566 1.112768
 1390.000000 0.776796 1.339720 1339.719780 0.537104
 1392.000000 0.660555 8.972336 8972.335544 3.597080
 1394.000000 0.752367 2.383055 2383.054919 0.955385
 1396.000000 0.825305 0.152460 152.459757 0.061122
 1398.000000 0.880455 0.231878 231.878277 0.092962
 1400.000000 0.747763 2.613115 2613.115127 1.047618
 1402.000000 0.844857 0.006613 6.612874 0.002651
 1404.000000 0.885507 0.315186 315.186284 0.126361
 1406.000000 0.908136 0.844944 844.944247 0.338745
 1408.000000 0.837553 0.038730 38.729753 0.015527
 1410.000000 1.022916 7.475014 7475.013741 2.996792
 1412.000000 0.831336 0.087089 87.088814 0.034915
 1414.000000 0.799658 0.633586 633.586190 0.254010
 1416.000000 0.902306 0.683987 683.987006 0.274216
 1418.000000 0.835716 0.051006 51.006467 0.020449
 1420.000000 0.914365 1.035720 1035.719649 0.415228
 1422.000000 0.999419 5.581537 5581.537498 2.237682
 1424.000000 0.893058 0.463503 463.502719 0.185822
 1426.000000 0.979265 4.177348 4177.348024 1.674732
 1428.000000 0.901391 0.660256 660.255625 0.264702
 1430.000000 0.811934 0.362249 362.249376 0.145229
 1432.000000 0.689737 6.421060 6421.059535 2.574253
 1434.000000 0.835401 0.053280 53.279585 0.021360
 1436.000000 0.941892 2.111026 2111.025524 0.846327
 1438.000000 0.826549 0.137483 137.482845 0.055118
 1440.000000 0.846615 0.002865 2.865023 0.001149
 1442.000000 0.736490 3.221119 3221.118876 1.291372
 1444.000000 0.890635 0.412798 412.797622 0.165494
 1446.000000 0.871036 0.110628 110.628149 0.044352
 1448.000000 0.864112 0.049784 49.784356 0.019959
 1450.000000 0.945816 2.295177 2295.177265 0.920155
 1452.000000 0.865281 0.058375 58.375478 0.023403
 1454.000000 0.919676 1.213677 1213.677270 0.486573
 1456.000000 0.871292 0.113336 113.336143 0.045437
 1458.000000 0.956321 2.826065 2826.065154 1.132992
 1460.000000 0.848666 0.000445 0.444782 0.000178
 1462.000000 0.877298 0.186294 186.294114 0.074687
 1464.000000 0.829345 0.106659 106.658940 0.042760
 1466.000000 0.825384 0.151491 151.491414 0.060734
 1468.000000 0.886004 0.324074 324.073873 0.129924
 1470.000000 0.808464 0.431319 431.318885 0.172919
 1472.000000 0.811281 0.374784 374.784357 0.150254
 1474.000000 0.927502 1.501658 1501.658462 0.602027
 1476.000000 0.967918 3.476137 3476.136623 1.393611
 1478.000000 0.886770 0.338004 338.004342 0.135509
 1480.000000 0.792546 0.825226 825.226331 0.330840
 1482.000000 0.879437 0.216640 216.639784 0.086853
 1484.000000 0.817415 0.265437 265.437465 0.106416
 1486.000000 0.774472 1.426123 1426.122926 0.571744
 1488.000000 0.781767 1.163948 1163.947857 0.466636
 1490.000000 0.765512 1.784557 1784.556764 0.715443
 1492.000000 0.842901 0.012599 12.598878 0.005051
 1494.000000 0.926697 1.470621 1470.621365 0.589584
 1496.000000 0.914823 1.050501 1050.501176 0.421154
 1498.000000 0.797185 0.697350 697.350365 0.279573
 1500.000000 0.920952 1.258561 1258.560804 0.504567
 1502.000000 0.854113 0.004229 4.229098 0.001695
 1504.000000 0.825545 0.149516 149.515843 0.059942
 1506.000000 0.824531 0.162168 162.168427 0.065015
 1508.000000 0.885600 0.316845 316.845299 0.127026
 1510.000000 0.772118 1.516409 1516.408868 0.607940
 1512.000000 0.875523 0.162853 162.852962 0.065289
 1514.000000 0.867798 0.079195 79.194561 0.031750
 1516.000000 0.808734 0.425725 425.725080 0.170677
 1518.000000 0.894633 0.498024 498.023663 0.199662
 1520.000000 0.753055 2.349593 2349.593353 0.941970
 1522.000000 0.736864 3.199926 3199.926021 1.282876
 1524.000000 0.785406 1.043097 1043.097013 0.418186
 1526.000000 0.742928 2.866079 2866.078503 1.149033
 1528.000000 0.693487 6.124062 6124.061945 2.455185
 1530.000000 0.764255 1.838056 1838.056132 0.736891
 1532.000000 0.841321 0.018832 18.832232 0.007550
 1534.000000 0.835067 0.055748 55.747956 0.022350
 1536.000000 0.819565 0.231565 231.564841 0.092836
 1538.000000 0.968422 3.505968 3505.967792 1.405570
 1540.000000 0.875240 0.159260 159.260111 0.063849
 1542.000000 0.808891 0.422497 422.497228 0.169382
 1544.000000 0.782422 1.141681 1141.680699 0.457709
 1546.000000 0.838251 0.034507 34.507307 0.013834
 1548.000000 0.905687 0.775261 775.261422 0.310808
 1550.000000 1.005885 6.075056 6075.055571 2.435538
 1552.000000 0.748575 2.571752 2571.752178 1.031036
 1554.000000 0.780137 1.220214 1220.213769 0.489193
 1556.000000 0.799358 0.641165 641.165316 0.257048
 1558.000000 0.722425 4.068875 4068.875019 1.631244
 1560.000000 0.788264 0.952822 952.821851 0.381994
 1562.000000 0.803293 0.545377 545.376826 0.218646
 1564.000000 0.787763 0.968359 968.358781 0.388223
 1566.000000 0.880411 0.231204 231.204185 0.092692
 1568.000000 0.759378 2.053094 2053.093711 0.823101
 1570.000000 0.902754 0.695757 695.756849 0.278934
 1572.000000 0.688725 6.502434 6502.434080 2.606877
 1574.000000 0.900200 0.630020 630.020244 0.252580
 1576.000000 0.909217 0.876667 876.666938 0.351463
 1578.000000 0.860630 0.028250 28.249652 0.011326
 1580.000000 0.861613 0.033717 33.716660 0.013517
 1582.000000 0.738953 3.082879 3082.878746 1.235950
 1584.000000 0.971065 3.664194 3664.193608 1.469004
 1586.000000 0.952718 2.637740 2637.739787 1.057491
 1588.000000 1.020503 7.267850 7267.850101 2.913738
 1590.000000 0.951918 2.596830 2596.829796 1.041090
 1592.000000 0.723923 3.973824 3973.824028 1.593137
 1594.000000 0.856969 0.012141 12.141334 0.004868
 1596.000000 0.895843 0.525387 525.387473 0.210632
 1598.000000 0.749234 2.538454 2538.453843 1.017686
 1600.000000 0.868153 0.082384 82.383548 0.033028
 1602.000000 0.830385 0.096186 96.186136 0.038562
 1604.000000 0.778525 1.277157 1277.157188 0.512022
 1606.000000 0.823636 0.173761 173.761361 0.069662
 1608.000000 0.717751 4.372449 4372.449220 1.752949
 1610.000000 0.733751 3.378483 3378.483316 1.354461
 1612.000000 0.830540 0.094670 94.669839 0.037954
 1614.000000 0.867512 0.076671 76.670969 0.030738
 1616.000000 0.905134 0.759934 759.933510 0.304663
 1618.000000 1.007333 6.188419 6188.418571 2.480986
 1620.000000 0.714997 4.556426 4556.426085 1.826707
 1622.000000 0.803383 0.543295 543.294560 0.217811
 1624.000000 0.819052 0.239437 239.436983 0.095992
 1626.000000 0.732028 3.479341 3479.340896 1.394895
 1628.000000 0.753053 2.349656 2349.656497 0.941996
 1630.000000 0.779367 1.247257 1247.257053 0.500035
 1632.000000 0.825299 0.152537 152.537423 0.061153
 1634.000000 0.773448 1.465035 1465.035240 0.587344
 1636.000000 0.815996 0.289062 289.061566 0.115887
 1638.000000 0.769441 1.622420 1622.419917 0.650441
 1640.000000 0.904610 0.745562 745.562377 0.298902
 1642.000000 0.829361 0.106487 106.487202 0.042692
 1644.000000 0.930483 1.619371 1619.370722 0.649218
 1646.000000 0.912456 0.975201 975.201184 0.390966
 1648.000000 0.919430 1.205136 1205.135821 0.483148
 1650.000000 0.853760 0.003534 3.533826 0.001417
 1652.000000 0.788317 0.951188 951.188139 0.381339
 1654.000000 0.753743 2.316348 2316.347913 0.928642
 1656.000000 0.769022 1.639377 1639.377197 0.657239
 1658.000000 0.767846 1.687317 1687.317215 0.676459
 1660.000000 0.884135 0.291306 291.306363 0.116787
 1662.000000 0.863738 0.047184 47.184140 0.018916
 1664.000000 0.812221 0.356811 356.810707 0.143048
 1666.000000 0.953661 2.686424 2686.423672 1.077008
 1668.000000 0.914214 1.030861 1030.860810 0.413280
 1670.000000 0.968062 3.484633 3484.633181 1.397017
 1672.000000 0.742559 2.885884 2885.884066 1.156974
 1674.000000 0.919778 1.217252 1217.251794 0.488006
 1676.000000 0.898468 0.587296 587.296465 0.235452
 1678.000000 0.875163 0.158298 158.298401 0.063463
 1680.000000 0.782006 1.155804 1155.804110 0.463371
 1682.000000 0.865492 0.060004 60.003979 0.024056
 1684.000000 0.946998 2.352173 2352.173303 0.943005
 1686.000000 0.850536 0.000072 0.071760 0.000029
 1688.000000 0.966491 3.392521 3392.520823 1.360088
 1690.000000 0.810993 0.380394 380.394222 0.152503
 1692.000000 0.948955 2.448007 2448.007180 0.981425
 1694.000000 0.968953 3.537473 3537.472925 1.418201
 1696.000000 0.787528 0.975698 975.698117 0.391165
 1698.000000 0.790571 0.882964 882.963975 0.353987
 1700.000000 0.709525 4.933324 4933.323982 1.977808
 1702.000000 0.750152 2.492430 2492.429684 0.999235
 1704.000000 0.898274 0.582600 582.599672 0.233569
 1706.000000 0.916955 1.120754 1120.754173 0.449319
 1708.000000 0.786050 1.022415 1022.414964 0.409894
 1710.000000 0.884438 0.296487 296.487342 0.118864
 1712.000000 0.897085 0.554243 554.242732 0.222200
 1714.000000 0.939327 1.994840 1994.839810 0.799747
 1716.000000 0.942389 2.133925 2133.925376 0.855507
 1718.000000 0.890834 0.416860 416.859767 0.167122
 1720.000000 0.811770 0.365384 365.384170 0.146485
 1722.000000 0.768599 1.656548 1656.547594 0.664123
 1724.000000 0.830306 0.096967 96.967240 0.038875
 1726.000000 0.788268 0.952695 952.694613 0.381943
 1728.000000 0.780329 1.213519 1213.519099 0.486509
 1730.000000 0.774843 1.412135 1412.135266 0.566136
 1732.000000 0.781167 1.184495 1184.495050 0.474873
 1734.000000 0.824555 0.161863 161.863259 0.064892
 1736.000000 0.941363 2.086800 2086.799996 0.836615
 1738.000000 0.848185 0.000823 0.823115 0.000330
 1740.000000 0.874229 0.146756 146.755520 0.058835
 1742.000000 0.791403 0.858406 858.405666 0.344142
 1744.000000 0.863795 0.047578 47.578036 0.019074
 1746.000000 0.775114 1.401986 1401.986364 0.562067
 1748.000000 0.815236 0.302137 302.136864 0.121129
 1750.000000 0.868003 0.081027 81.026639 0.032484
 1752.000000 0.795769 0.735242 735.242423 0.294764
 1754.000000 0.822552 0.188354 188.354196 0.075513
 1756.000000 0.959332 2.988383 2988.383038 1.198066
 1758.000000 0.841815 0.016748 16.748204 0.006714
 1760.000000 1.027339 7.862305 7862.305473 3.152060
 1762.000000 0.845228 0.005692 5.692322 0.002282
 1764.000000 0.849814 0.000009 0.008680 0.000003
 1766.000000 0.875297 0.159988 159.987855 0.064140
 1768.000000 0.898655 0.591831 591.831457 0.237270
 1770.000000 0.883266 0.276654 276.654129 0.110913
 1772.000000 0.859137 0.020870 20.869908 0.008367
 1774.000000 0.845273 0.005587 5.586995 0.002240
 1776.000000 0.842954 0.012410 12.410100 0.004975
 1778.000000 0.787536 0.975432 975.431934 0.391058
 1780.000000 0.785267 1.047591 1047.591194 0.419988
 1782.000000 0.846582 0.002921 2.920742 0.001171
 1784.000000 0.859584 0.022963 22.963428 0.009206
 1786.000000 0.819249 0.236399 236.398513 0.094774
 1788.000000 0.764177 1.841413 1841.413420 0.738237
 1790.000000 0.817517 0.263782 263.781624 0.105752
 1792.000000 0.813453 0.333922 333.922179 0.133872
 1794.000000 0.800697 0.607689 607.689361 0.243627
 1796.000000 0.836799 0.043565 43.565127 0.017466
 1798.000000 0.836294 0.046962 46.962218 0.018828
 1800.000000 0.798191 0.671043 671.042507 0.269026
 1802.000000 0.881361 0.245877 245.876985 0.098574
 1804.000000 0.942202 2.125280 2125.279562 0.852041
 1806.000000 0.916863 1.117659 1117.658629 0.448078
 1808.000000 0.860891 0.029651 29.651451 0.011888
 1810.000000 0.944748 2.244283 2244.282508 0.899751
 1812.000000 0.889340 0.386917 386.917492 0.155118
 1814.000000 0.882882 0.270314 270.314269 0.108371
 1816.000000 0.943752 2.197364 2197.364392 0.880941
 1818.000000 0.870879 0.108979 108.978531 0.043690
 1820.000000 0.839473 0.027702 27.702444 0.011106
 1822.000000 0.856351 0.010084 10.083687 0.004043
 1824.000000 0.783283 1.112801 1112.800969 0.446131
 1826.000000 0.852366 0.001399 1.399205 0.000561
 1828.000000 0.882105 0.257684 257.683787 0.103307
 1830.000000 0.924204 1.376561 1376.560943 0.551874
 1832.000000 0.842625 0.013599 13.599329 0.005452
 1834.000000 0.954874 2.749641 2749.641211 1.102353
 1836.000000 0.805375 0.497846 497.845564 0.199590
 1838.000000 0.801493 0.588238 588.237593 0.235829
 1840.000000 0.900679 0.642098 642.097503 0.257422
 1842.000000 0.891828 0.437395 437.394779 0.175355
 1844.000000 0.809926 0.401474 401.473909 0.160954
 1846.000000 0.897785 0.570843 570.842753 0.228855
 1848.000000 0.916511 1.105927 1105.926917 0.443375
 1850.000000 0.848596 0.000493 0.492862 0.000198
 1852.000000 0.870067 0.100674 100.674396 0.040361
 1854.000000 0.762382 1.919227 1919.226935 0.769433
 1856.000000 0.913379 1.004231 1004.231404 0.402604
 1858.000000 0.793829 0.788804 788.803909 0.316238
 1860.000000 0.850449 0.000050 0.050331 0.000020
 1862.000000 0.646477 10.355418 10355.417794 4.151569
 1864.000000 0.737405 3.169385 3169.384770 1.270631
 1866.000000 0.802443 0.565411 565.411309 0.226678
 1868.000000 0.938931 1.977185 1977.184880 0.792669
 1870.000000 0.913865 1.019683 1019.682768 0.408799
 1872.000000 0.804784 0.511123 511.122944 0.204913
 1874.000000 0.884923 0.304903 304.902767 0.122238
 1876.000000 0.907619 0.829978 829.978487 0.332745
 1878.000000 0.818919 0.241512 241.512304 0.096824
 1880.000000 0.905131 0.759861 759.860891 0.304634
 1882.000000 0.883713 0.284148 284.147644 0.113917
 1884.000000 0.923810 1.361986 1361.985827 0.546031
 1886.000000 0.819466 0.233084 233.083905 0.093445
 1888.000000 0.847875 0.001129 1.128672 0.000452
 1890.000000 0.893410 0.471098 471.097583 0.188867
 1892.000000 0.790165 0.895045 895.044989 0.358831
 1894.000000 0.810885 0.382500 382.499907 0.153347
 1896.000000 0.830220 0.097811 97.810720 0.039213
 1898.000000 0.857644 0.014608 14.607591 0.005856
 1900.000000 0.826083 0.143007 143.007059 0.057333
 1902.000000 0.834732 0.058278 58.278313 0.023364
 1904.000000 0.877675 0.191479 191.479230 0.076766
 1906.000000 0.915719 1.079749 1079.749134 0.432880
 1908.000000 0.906344 0.793649 793.648960 0.318180
 1910.000000 0.890672 0.413552 413.551791 0.165796
 1912.000000 0.759861 2.031267 2031.267494 0.814351
 1914.000000 0.847887 0.001117 1.116587 0.000448
 1916.000000 0.867685 0.078187 78.187222 0.031346
 1918.000000 0.782239 1.147879 1147.879138 0.460194
 1920.000000 0.841191 0.019402 19.401591 0.007778
 1922.000000 0.897496 0.563973 563.973296 0.226101
 1924.000000 0.945704 2.289799 2289.799271 0.917999
 1926.000000 0.953073 2.656029 2656.029463 1.064823
 1928.000000 0.860487 0.027494 27.493844 0.011022
 1930.000000 0.781432 1.175395 1175.395143 0.471225
 1932.000000 0.787059 0.990404 990.403932 0.397061
 1934.000000 0.795518 0.742083 742.083266 0.297507
 1936.000000 0.893882 0.481409 481.408732 0.193001
 1938.000000 0.756444 2.188198 2188.198057 0.877266
 1940.000000 0.909068 0.872271 872.270623 0.349700
 1942.000000 0.904184 0.733983 733.983352 0.294260
 1944.000000 0.899066 0.601867 601.866781 0.241293
 1946.000000 0.954403 2.724985 2724.985274 1.092468
 1948.000000 0.886174 0.327145 327.145043 0.131155
 1950.000000 0.948852 2.442912 2442.911949 0.979383
 1952.000000 0.889008 0.380411 380.410675 0.152510
 1954.000000 0.797091 0.699831 699.830849 0.280568
 1956.000000 0.914850 1.051377 1051.376943 0.421505
 1958.000000 0.875797 0.166373 166.372693 0.066700
 1960.000000 0.952773 2.640588 2640.588258 1.058633
 1962.000000 0.844774 0.006828 6.827764 0.002737
 1964.000000 0.809342 0.413261 413.260574 0.165679
 1966.000000 0.807444 0.452745 452.745262 0.181509
 1968.000000 0.890925 0.418717 418.717033 0.167867
 1970.000000 0.833875 0.065008 65.007660 0.026062
 1972.000000 0.952371 2.619976 2619.975509 1.050369
 1974.000000 0.753408 2.332483 2332.482888 0.935111
 1976.000000 0.812900 0.344095 344.095268 0.137951
 1978.000000 0.821335 0.205417 205.416860 0.082353
 1980.000000 0.760957 1.982181 1982.181113 0.794672
 1982.000000 0.758218 2.105968 2105.968497 0.844299
 1984.000000 0.723220 4.018285 4018.284847 1.610962
 1986.000000 0.833803 0.065587 65.586598 0.026294
 1988.000000 0.872758 0.129487 129.487316 0.051912
 1990.000000 0.850855 0.000183 0.182804 0.000073
 1992.000000 0.853674 0.003374 3.374437 0.001353
 1994.000000 0.908945 0.868634 868.634275 0.348242
 1996.000000 0.836539 0.045299 45.298694 0.018161
 1998.000000 0.793766 0.790560 790.559512 0.316942
 2000.000000 0.761318 1.966113 1966.113020 0.788230
