#! FIELDS time d1 bb.bias bb.force2 lw
 0.000000 0.837001 0.042247 42.246703 0.016937
 2.000000 0.856962 0.012119 12.118565 0.004858
 4.000000 0.886898 0.340372 340.371759 0.136458
 6.000000 0.841544 0.017877 17.876682 0.007167
 8.000000 0.781192 1.183621 1183.620634 0.474523
 10.000000 0.835029 0.056035 56.035335 0.022465
 12.000000 0.729195 3.648477 3648.476830 1.462703
 14.000000 0.758771 2.080696 2080.696000 0.834167
 16.000000 0.763371 1.876156 1876.155532 0.752166
 18.000000 0.809935 0.401304 401.303781 0.160886
 20.000000 0.787508 0.976300 976.299929 0.391406
 22.000000 0.779581 1.239725 1239.724886 0.497015
 24.000000 0.766442 1.745501 1745.501106 0.699785
 26.000000 0.856586 0.010845 10.844878 0.004348
 28.000000 0.801821 0.580311 580.311443 0.232651
 30.000000 0.854794 0.005746 5.745715 0.002304
 32.000000 0.927997 1.520865 1520.865499 0.609727
 34.000000 0.857611 0.014483 14.483139 0.005806
 36.000000 0.816568 0.279417 279.417416 0.112021
 38.000000 0.777712 1.306397 1306.397310 0.523745
 40.000000 0.747646 2.619102 2619.101823 1.050019
 42.000000 0.813839 0.326911 326.910595 0.131061
 44.000000 0.804623 0.514771 514.770533 0.206376
 46.000000 0.843060 0.012042 12.042268 0.004828
 48.000000 0.960380 3.045942 3045.942461 1.221142
 50.000000 0.953479 2.676969 2676.969352 1.073218
 52.000000 0.937986 1.935385 1935.384683 0.775911
 54.000000 0.865621 0.061006 61.005912 0.024458
 56.000000 0.904615 0.745693 745.692888 0.298954
 58.000000 0.845828 0.004351 4.350770 0.001744
 60.000000 0.850118 0.000003 0.003497 0.000001
 62.000000 0.923337 1.344596 1344.596387 0.539059
 64.000000 0.898187 0.580499 580.498784 0.232727
 66.000000 0.899172 0.604473 604.472791 0.242338
 68.000000 0.757719 2.128960 2128.959612 0.853517
 70.000000 0.742178 2.906384 2906.384168 1.165192
 72.000000 0.782401 1.142410 1142.409779 0.458001
 74.000000 0.719548 4.254428 4254.428426 1.705634
 76.000000 0.781756 1.164320 1164.319807 0.466785
 78.000000 0.737426 3.168253 3168.253340 1.270178
 80.000000 0.722025 4.094382 4094.382427 1.641470
 82.000000 0.792510 0.826285 826.284840 0.331264
 84.000000 0.749568 2.521636 2521.635607 1.010944
 86.000000 0.751257 2.437523 2437.522993 0.977222
 88.000000 0.770072 1.597136 1597.136276 0.640305
 90.000000 0.788793 0.936571 936.571158 0.375479
 92.000000 0.739666 3.043387 3043.386983 1.220118
 94.000000 0.815069 0.305050 305.049981 0.122297
 96.000000 0.785193 1.049976 1049.975667 0.420944
 98.000000 0.860746 0.028867 28.866769 0.011573
 100.000000 0.745629 2.723303 2723.303342 1.091794
 102.000000 0.740763 2.983162 2983.161850 1.195973
 104.000000 0.718959 4.292913 4292.913482 1.721063
 106.000000 0.801873 0.579062 579.062249 0.232151
 108.000000 0.874453 0.149490 149.490267 0.059932
 110.000000 0.956804 2.851776 2851.775956 1.143299
 112.000000 0.807347 0.454820 454.820379 0.182341
 114.000000 0.877083 0.183377 183.377113 0.073517
 116.000000 0.797992 0.676202 676.201997 0.271095
 118.000000 0.759799 2.034070 2034.070418 0.815475
 120.000000 0.817923 0.257235 257.234533 0.103127
 122.000000 0.943173 2.170288 2170.287906 0.870086
 124.000000 0.871538 0.115969 115.969329 0.046493
 126.000000 0.800343 0.616451 616.451338 0.247140
 128.000000 0.940564 2.050470 2050.469828 0.822050
 130.000000 0.895599 0.519809 519.809300 0.208396
 132.000000 0.934457 1.783266 1783.265561 0.714925
 134.000000 0.865473 0.059855 59.854694 0.023996
 136.000000 0.834925 0.056810 56.810466 0.022776
 138.000000 0.850637 0.000101 0.101375 0.000041
 140.000000 0.701846 5.487417 5487.416696 2.199949
 142.000000 0.773502 1.462979 1462.978623 0.586520
 144.000000 0.807255 0.456792 456.792256 0.183132
 146.000000 0.776153 1.363339 1363.339263 0.546573
 148.000000 0.771267 1.549735 1549.734550 0.621301
 150.000000 0.769717 1.611338 1611.338480 0.645998
 152.000000 0.871601 0.116647 116.646803 0.046765
 154.000000 0.921044 1.261815 1261.814748 0.505871
 156.000000 0.898732 0.593711 593.710977 0.238023
 158.000000 0.846331 0.003366 3.365524 0.001349
 160.000000 0.811677 0.367154 367.153977 0.147195
 162.000000 0.924459 1.386027 1386.026942 0.555669
 164.000000 0.849764 0.000014 0.013910 0.000006
 166.000000 0.920105 1.228670 1228.669802 0.492583
 168.000000 0.797862 0.679596 679.595515 0.272455
 170.000000 0.726389 3.819893 3819.892631 1.531425
 172.000000 0.795748 0.735820 735.819703 0.294996
 174.000000 0.871601 0.116655 116.655482 0.046768
 176.000000 0.871201 0.112372 112.372456 0.045051
 178.000000 0.871832 0.119164 119.164228 0.047774
 180.000000 0.876427 0.174602 174.602387 0.069999
 182.000000 0.879912 0.223678 223.678356 0.089674
 184.000000 0.903292 0.710021 710.020904 0.284653
 186.000000 0.844705 0.007009 7.008508 0.002810
 188.000000 0.793477 0.798703 798.702549 0.320206
 190.000000 0.790415 0.887605 887.605312 0.355848
 192.000000 0.717331 4.400267 4400.266884 1.764102
 194.000000 0.880471 0.232123 232.123476 0.093060
 196.000000 0.879716 0.220757 220.757484 0.088503
 198.000000 0.876179 0.171338 171.337795 0.068691
 200.000000 0.750743 2.462995 2462.994746 0.987434
 202.000000 0.837744 0.037555 37.555348 0.015056
 204.000000 0.778075 1.293313 1293.313408 0.518500
 206.000000 0.781290 1.180279 1180.279240 0.473183
 208.000000 0.731069 3.536119 3536.119021 1.417658
 210.000000 0.771811 1.528396 1528.395786 0.612746
 212.000000 0.780686 1.201116 1201.115748 0.481537
 214.000000 0.732798 3.434089 3434.088915 1.376753
 216.000000 0.902615 0.692092 692.091664 0.277465
 218.000000 0.924187 1.375919 1375.919204 0.551617
 220.000000 0.901314 0.658288 658.288310 0.263913
 222.000000 0.829776 0.102253 102.252995 0.040994
 224.000000 0.862890 0.041537 41.537342 0.016653
 226.000000 0.753045 2.350056 2350.056241 0.942156
 228.000000 0.945083 2.260187 2260.186748 0.906127
 230.000000 0.812774 0.346447 346.446933 0.138893
 232.000000 0.962770 3.179269 3179.269107 1.274594
 234.000000 0.743236 2.849639 2849.639115 1.142443
 236.000000 0.900216 0.630410 630.410242 0.252736
 238.000000 0.853418 0.002920 2.920449 0.001171
 240.000000 0.800178 0.620567 620.567118 0.248790
 242.000000 0.864002 0.049011 49.011109 0.019649
 244.000000 0.782271 1.146819 1146.819391 0.459769
 246.000000 0.869450 0.094578 94.577580 0.037917
 248.000000 0.855330 0.007101 7.100940 0.002847
 250.000000 0.943820 2.200559 2200.558683 0.882221
 252.000000 0.868142 0.082286 82.285855 0.032989
 254.000000 0.915845 1.083880 1083.879771 0.434536
 256.000000 0.869783 0.097844 97.844383 0.039227
 258.000000 0.843130 0.011798 11.797824 0.004730
 260.000000 0.958908 2.965249 2965.248699 1.188792
 262.000000 0.911183 0.935832 935.832461 0.375183
 264.000000 0.966147 3.372557 3372.556826 1.352085
 266.000000 0.861676 0.034079 34.079407 0.013663
 268.000000 0.893595 0.475135 475.135235 0.190485
 270.000000 0.887359 0.348920 348.919916 0.139885
 272.000000 0.766267 1.752800 1752.799501 0.702711
 274.000000 0.788919 0.932727 932.726879 0.373938
 276.000000 0.956194 2.819274 2819.273730 1.130269
 278.000000 0.844554 0.007414 7.414089 0.002972
 280.000000 0.760097 2.020637 2020.636791 0.810089
 282.000000 0.921653 1.283526 1283.526142 0.514576
 284.000000 0.827931 0.121757 121.756711 0.048813
 286.000000 0.804429 0.519190 519.190060 0.208147
 288.000000 0.929118 1.564929 1564.928849 0.627392
 290.000000 0.800615 0.609722 609.721804 0.244442
 292.000000 0.905722 0.776227 776.226595 0.311195
 294.000000 0.888799 0.376349 376.349301 0.150881
 296.000000 0.711915 4.766843 4766.843341 1.911065
 298.000000 0.908890 0.867006 867.006148 0.347590
 300.000000 0.911872 0.957027 957.026673 0.383680
 302.000000 0.839916 0.025424 25.424156 0.010193
 304.000000 0.985579 4.595437 4595.436942 1.842347
 306.000000 0.802879 0.555103 555.102913 0.222545
 308.000000 0.791386 0.858890 858.889989 0.344336
 310.000000 0.727695 3.739649 3739.648931 1.499255
 312.000000 0.802913 0.554286 554.285909 0.222218
 314.000000 0.675218 7.637214 7637.213834 3.061819
 316.000000 0.717515 4.388083 4388.083367 1.759217
 318.000000 0.934805 1.797960 1797.959736 0.720816
 320.000000 0.855258 0.006912 6.911991 0.002771
 322.000000 0.774778 1.414593 1414.593037 0.567121
 324.000000 0.881434 0.247017 247.017345 0.099031
 326.000000 0.783986 1.089475 1089.474693 0.436779
 328.000000 0.807071 0.460731 460.731025 0.184711
 330.000000 0.764334 1.834650 1834.650188 0.735526
 332.000000 0.808577 0.428957 428.957433 0.171972
 334.000000 0.925254 1.415773 1415.772618 0.567594
 336.000000 0.906907 0.809608 809.607872 0.324578
 338.000000 0.989225 4.845874 4845.873721 1.942749
 340.000000 0.966432 3.389080 3389.080404 1.358709
 342.000000 0.926188 1.451158 1451.157709 0.581781
 344.000000 0.819405 0.234014 234.013967 0.093818
 346.000000 0.840411 0.022986 22.986435 0.009215
 348.000000 0.877421 0.187980 187.980279 0.075363
 350.000000 0.816969 0.272755 272.754550 0.109349
 352.000000 0.901579 0.665093 665.093341 0.266641
 354.000000 0.870662 0.106730 106.729770 0.042789
 356.000000 0.928416 1.537253 1537.252633 0.616297
 358.000000 0.926478 1.462213 1462.213319 0.586213
 360.000000 0.895875 0.526122 526.122108 0.210926
 362.000000 0.864524 0.052739 52.739330 0.021144
 364.000000 0.891091 0.422120 422.120050 0.169231
 366.000000 0.856226 0.009691 9.690686 0.003885
 368.000000 0.868899 0.089291 89.291240 0.035798
 370.000000 0.864381 0.051701 51.701390 0.020727
 372.000000 0.927914 1.517663 1517.663146 0.608443
 374.000000 0.762730 1.904024 1904.024319 0.763338
 376.000000 0.830859 0.091597 91.597374 0.036722
 378.000000 0.828386 0.116796 116.796172 0.046825
 380.000000 0.786686 1.002167 1002.167345 0.401777
 382.000000 0.790501 0.885035 885.034749 0.354817
 384.000000 0.942570 2.142318 2142.317765 0.858872
 386.000000 0.880594 0.234005 234.005179 0.093815
 388.000000 0.838723 0.031790 31.790098 0.012745
 390.000000 0.870476 0.104818 104.817949 0.042022
 392.000000 0.806019 0.483592 483.592242 0.193876
 394.000000 0.843248 0.011398 11.397539 0.004569
 396.000000 0.902391 0.686208 686.207591 0.275106
 398.000000 0.861672 0.034058 34.057507 0.013654
 400.000000 0.964543 3.280010 3280.009693 1.314982
 402.000000 0.854822 0.005813 5.813117 0.002331
 404.000000 0.880974 0.239855 239.854644 0.096160
 406.000000 0.903517 0.716010 716.010131 0.287054
 408.000000 0.827881 0.122311 122.311252 0.049036
 410.000000 0.780259 1.215966 1215.965867 0.487490
 412.000000 0.816910 0.273745 273.745270 0.109747
 414.000000 0.849229 0.000149 0.148580 0.000060
 416.000000 0.782233 1.148076 1148.075941 0.460273
 418.000000 0.833143 0.071039 71.039279 0.028480
 420.000000 0.808291 0.434903 434.902719 0.174356
 422.000000 0.754913 2.260378 2260.378337 0.906203
 424.000000 0.719020 4.288943 4288.943157 1.719471
 426.000000 0.766728 1.733547 1733.546977 0.694993
 428.000000 0.741521 2.941931 2941.930877 1.179443
 430.000000 0.821338 0.205383 205.383353 0.082340
 432.000000 0.874221 0.146659 146.659175 0.058797
 434.000000 0.986459 4.655294 4655.294291 1.866344
 436.000000 0.894903 0.504059 504.058640 0.202081
 438.000000 0.928589 1.544071 1544.071400 0.619030
 440.000000 0.905965 0.783011 783.011142 0.313915
 442.000000 0.846775 0.002601 2.600576 0.001043
 444.000000 0.973075 3.786879 3786.878587 1.518189
 446.000000 0.865792 0.062350 62.350440 0.024997
 448.000000 0.897158 0.555978 555.978407 0.222896
 450.000000 0.843046 0.012090 12.090174 0.004847
 452.000000 0.666515 8.416721 8416.720722 3.374330
 454.000000 0.744796 2.766979 2766.978647 1.109304
 456.000000 0.834137 0.062912 62.912202 0.025222
 458.000000 0.773228 1.473469 1473.469417 0.590725
 460.000000 0.899107 0.602880 602.879814 0.241699
 462.000000 0.945140 2.262923 2262.922513 0.907223
 464.000000 0.866434 0.067515 67.515388 0.027067
 466.000000 0.921154 1.265710 1265.709632 0.507433
 468.000000 0.845856 0.004294 4.293730 0.001721
 470.000000 0.856413 0.010280 10.280176 0.004121
 472.000000 0.810944 0.381341 381.340611 0.152882
 474.000000 0.699181 5.686563 5686.562902 2.279788
 476.000000 0.800225 0.619378 619.378102 0.248314
 478.000000 0.918252 1.164575 1164.574552 0.466887
 480.000000 0.810103 0.397936 397.935673 0.159536
 482.000000 0.874266 0.147206 147.206019 0.059016
 484.000000 0.887311 0.348029 348.028513 0.139527
 486.000000 0.802699 0.559336 559.336476 0.224242
 488.000000 0.898289 0.582966 582.965752 0.233716
 490.000000 0.843520 0.010497 10.496728 0.004208
 492.000000 0.806894 0.464534 464.534171 0.186235
 494.000000 0.832042 0.080619 80.618991 0.032321
 496.000000 0.872902 0.131126 131.126296 0.052570
 498.000000 0.954907 2.751347 2751.346705 1.103037
 500.000000 0.876267 0.172492 172.491945 0.069153
 502.000000 0.896216 0.533989 533.988945 0.214080
 504.000000 0.777881 1.300303 1300.302864 0.521302
 506.000000 0.806837 0.465767 465.766884 0.186730
 508.000000 0.780200 1.218001 1218.000588 0.488306
 510.000000 0.785726 1.032795 1032.795445 0.414056
 512.000000 0.768877 1.645228 1645.227724 0.659585
 514.000000 0.808343 0.433837 433.836519 0.173928
 516.000000 0.744531 2.780932 2780.931648 1.114897
 518.000000 0.861756 0.034553 34.553092 0.013853
 520.000000 0.925670 1.431489 1431.489003 0.573895
 522.000000 0.742001 2.915949 2915.948589 1.169027
 524.000000 0.748901 2.555267 2555.266733 1.024427
 526.000000 0.938125 1.941484 1941.483783 0.778356
 528.000000 0.856335 0.010033 10.033179 0.004022
 530.000000 0.878325 0.200575 200.574509 0.080412
 532.000000 0.966346 3.384094 3384.093823 1.356710
 534.000000 0.845107 0.005985 5.984643 0.002399
 536.000000 0.916094 1.092109 1092.108829 0.437835
 538.000000 0.889404 0.388178 388.178475 0.155624
 540.000000 0.907039 0.813374 813.373881 0.326088
 542.000000 0.899253 0.606467 606.466734 0.243137
 544.000000 0.832949 0.072687 72.687097 0.029141
 546.000000 0.915170 1.061782 1061.781707 0.425677
 548.000000 0.854935 0.006088 6.087979 0.002441
 550.000000 0.783386 1.109359 1109.359034 0.444751
 552.000000 0.820053 0.224200 224.200077 0.089884
 554.000000 0.940823 2.062190 2062.189772 0.826748
 556.000000 0.941042 2.072160 2072.160345 0.830745
 558.000000 0.892231 0.445859 445.858623 0.178748
 560.000000 0.799541 0.636518 636.518160 0.255185
 562.000000 0.837871 0.036781 36.780970 0.014746
 564.000000 0.851409 0.000496 0.496269 0.000199
 566.000000 0.834847 0.057406 57.405900 0.023014
 568.000000 0.911209 0.936628 936.628453 0.375502
 570.000000 0.827182 0.130168 130.168322 0.052186
 572.000000 0.868321 0.083917 83.916713 0.033643
 574.000000 0.801461 0.589006 589.005522 0.236137
 576.000000 0.844317 0.008075 8.074808 0.003237
 578.000000 0.783667 1.100001 1100.001111 0.440999
 580.000000 0.771936 1.523501 1523.500796 0.610783
 582.000000 0.790300 0.891015 891.014570 0.357215
 584.000000 0.794423 0.772203 772.203147 0.309582
 586.000000 0.819291 0.235767 235.766914 0.094521
 588.000000 0.771885 1.525479 1525.479107 0.611577
 590.000000 0.772124 1.516167 1516.166549 0.607843
 592.000000 0.729457 3.632648 3632.647658 1.456357
 594.000000 0.854149 0.004304 4.303659 0.001725
 596.000000 0.749632 2.518413 2518.413063 1.009652
 598.000000 0.794520 0.769508 769.508212 0.308502
 600.000000 0.849198 0.000161 0.160849 0.000064
 602.000000 0.940820 2.062073 2062.073477 0.826701
 604.000000 0.951145 2.557602 2557.602298 1.025363
 606.000000 0.723946 3.972383 3972.383170 1.592560
 608.000000 0.834049 0.063608 63.607754 0.025501
 610.000000 0.822238 0.192686 192.686229 0.077249
 612.000000 0.725611 3.868165 3868.165106 1.550778
 614.000000 0.875766 0.165969 165.968618 0.066538
 616.000000 0.949712 2.485617 2485.617281 0.996504
 618.000000 0.856168 0.009510 9.510294 0.003813
 620.000000 0.840804 0.021141 21.140711 0.008475
 622.000000 0.969876 3.592570 3592.570097 1.440290
 624.000000 0.711989 4.761766 4761.766311 1.909030
 626.000000 0.675805 7.585967 7585.967174 3.041274
 628.000000 0.729865 3.608079 3608.079361 1.446507
 630.000000 0.748057 2.598087 2598.086570 1.041593
 632.000000 0.765171 1.798990 1798.990392 0.721229
 634.000000 0.828255 0.118212 118.212307 0.047392
 636.000000 0.783015 1.121737 1121.736869 0.449713
 638.000000 0.873714 0.140591 140.590669 0.056364
 640.000000 0.747461 2.628583 2628.583005 1.053820
 642.000000 0.821065 0.209314 209.314343 0.083916
 644.000000 0.715648 4.512620 4512.620244 1.809145
 646.000000 0.783216 1.115016 1115.015590 0.447019
 648.000000 0.747155 2.644262 2644.262334 1.060106
 650.000000 0.842237 0.015065 15.064881 0.006040
 652.000000 0.817747 0.260064 260.064010 0.104262
 654.000000 0.884956 0.305477 305.476938 0.122468
 656.000000 0.797187 0.697301 697.301478 0.279554
 658.000000 0.721171 4.149217 4149.217173 1.663454
 660.000000 0.818930 0.241330 241.330197 0.096751
 662.000000 0.843108 0.011875 11.874655 0.004761
 664.000000 0.773350 1.468824 1468.823572 0.588863
 666.000000 0.749808 2.509591 2509.590739 1.006115
 668.000000 0.669553 8.140235 8140.235181 3.263484
 670.000000 0.752671 2.368235 2368.235438 0.949444
 672.000000 0.830870 0.091488 91.487578 0.036678
 674.000000 0.823893 0.170394 170.394096 0.068312
 676.000000 0.812085 0.359381 359.380830 0.144079
 678.000000 0.825266 0.152947 152.946755 0.061318
 680.000000 0.751557 2.422743 2422.742786 0.971297
 682.000000 0.802300 0.568823 568.822936 0.228046
 684.000000 0.781481 1.173707 1173.706760 0.470548
 686.000000 0.812700 0.347830 347.829509 0.139448
 688.000000 0.762050 1.933779 1933.779313 0.775267
 690.000000 0.747270 2.638378 2638.377828 1.057746
 692.000000 0.767510 1.701148 1701.147675 0.682003
 694.000000 0.743306 2.845928 2845.928336 1.140955
 696.000000 0.758300 2.102241 2102.240710 0.842805
 698.000000 0.764770 1.816019 1816.019242 0.728056
 700.000000 0.655016 9.504730 9504.730316 3.810521
 702.000000 0.796708 0.710010 710.009866 0.284649
 704.000000 0.778010 1.295646 1295.646436 0.519435
 706.000000 0.738689 3.097524 3097.524146 1.241822
 708.000000 0.784289 1.079469 1079.468929 0.432768
 710.000000 0.814748 0.310667 310.667371 0.124549
 712.000000 0.650055 9.994465 9994.465488 4.006860
 714.000000 0.736406 3.225871 3225.871379 1.293277
 716.000000 0.854676 0.005465 5.465104 0.002191
 718.000000 0.900456 0.636452 636.451501 0.255158
 720.000000 0.918249 1.164492 1164.492413 0.466854
 722.000000 0.855439 0.007396 7.396149 0.002965
 724.000000 0.776302 1.357862 1357.862329 0.544378
 726.000000 0.777573 1.311414 1311.413872 0.525756
 728.000000 0.947247 2.364254 2364.253601 0.947848
 730.000000 0.966757 3.408023 3408.022639 1.366303
 732.000000 0.869594 0.095982 95.981735 0.038480
 734.000000 0.892113 0.443379 443.378666 0.177754
 736.000000 0.804568 0.516017 516.016696 0.206875
 738.000000 0.871474 0.115288 115.287705 0.046220
 740.000000 0.850506 0.000064 0.064026 0.000026
 742.000000 0.892725 0.456364 456.363678 0.182960
 744.000000 0.775978 1.369808 1369.808163 0.549167
 746.000000 0.757825 2.124066 2124.066183 0.851555
 748.000000 0.768516 1.659907 1659.907286 0.665470
 750.000000 0.813043 0.341447 341.446919 0.136889
 752.000000 0.841546 0.017869 17.868513 0.007164
 754.000000 0.881838 0.253417 253.416529 0.101597
 756.000000 0.960548 3.055223 3055.223130 1.224863
 758.000000 0.907580 0.828853 828.853377 0.332294
 760.000000 0.882903 0.270647 270.646812 0.108504
 762.000000 0.829068 0.109537 109.537475 0.043914
 764.000000 0.794560 0.768408 768.407732 0.308061
 766.000000 0.763407 1.874566 1874.566139 0.751528
 768.000000 0.780816 1.196613 1196.612693 0.479731
 770.000000 0.709076 4.964876 4964.875803 1.990458
 772.000000 0.802677 0.559862 559.862489 0.224453
 774.000000 0.737635 3.156478 3156.477996 1.265457
 776.000000 0.716011 4.488274 4488.273862 1.799384
 778.000000 0.827901 0.122094 122.094093 0.048948
 780.000000 0.744396 2.788046 2788.046229 1.117750
 782.000000 0.867917 0.080259 80.259134 0.032177
 784.000000 0.796291 0.721177 721.177203 0.289126
 786.000000 0.704022 5.327413 5327.413320 2.135802
 788.000000 0.800459 0.613589 613.588523 0.245992
 790.000000 0.811437 0.371775 371.775426 0.149048
 792.000000 0.828517 0.115381 115.380615 0.046257
 794.000000 0.800812 0.604873 604.872843 0.242498
 796.000000 0.788963 0.931365 931.365156 0.373392
 798.000000 0.824989 0.156384 156.384055 0.062696
 800.000000 0.844940 0.006401 6.401146 0.002566
 802.000000 0.850253 0.000016 0.016060 0.000006
 804.000000 0.873343 0.136227 136.226752 0.054614
 806.000000 0.843640 0.010112 10.112239 0.004054
 808.000000 0.872914 0.131265 131.265204 0.052625
 810.000000 0.788948 0.931836 931.836019 0.373580
 812.000000 0.817327 0.266880 266.879764 0.106994
 814.000000 0.891224 0.424860 424.859509 0.170330
 816.000000 0.856281 0.009863 9.863019 0.003954
 818.000000 0.841905 0.016384 16.384091 0.006569
 820.000000 0.852844 0.002021 2.021469 0.000810
 822.000000 0.753494 2.328354 2328.353964 0.933455
 824.000000 0.711645 4.785525 4785.524633 1.918555
 826.000000 0.910419 0.912608 912.607726 0.365872
 828.000000 0.770206 1.591787 1591.786884 0.638160
 830.000000 0.840579 0.022189 22.188786 0.008896
 832.000000 0.780053 1.223143 1223.143148 0.490368
 834.000000 0.891606 0.432766 432.765501 0.173499
 836.000000 0.761628 1.952388 1952.387959 0.782728
 838.000000 0.804579 0.515776 515.775862 0.206779
 840.000000 0.927177 1.489068 1489.067708 0.596979
 842.000000 0.821501 0.203050 203.050256 0.081404
 844.000000 0.760377 2.008075 2008.075154 0.805053
 846.000000 0.796412 0.717907 717.906958 0.287815
 848.000000 0.844600 0.007290 7.290329 0.002923
 850.000000 0.943841 2.201548 2201.548443 0.882618
 852.000000 0.795627 0.739105 739.104552 0.296313
 854.000000 0.687068 6.636731 6636.731059 2.660718
 856.000000 0.893971 0.483356 483.355785 0.193781
 858.000000 0.820315 0.220305 220.304879 0.088322
 860.000000 0.808862 0.423082 423.082181 0.169617
 862.000000 0.811422 0.372065 372.065302 0.149164
 864.000000 0.905377 0.766650 766.649878 0.307356
 866.000000 0.885465 0.314441 314.441151 0.126062
 868.000000 0.975692 3.949604 3949.603877 1.583427
 870.000000 0.875728 0.165485 165.485270 0.066344
 872.000000 0.894884 0.503652 503.652409 0.201918
 874.000000 0.851741 0.000758 0.757803 0.000304
 876.000000 0.773817 1.450944 1450.943911 0.581695
 878.000000 0.853349 0.002804 2.803950 0.001124
 880.000000 0.877100 0.183597 183.596544 0.073605
 882.000000 0.816289 0.284108 284.108210 0.113901
 884.000000 0.843090 0.011938 11.937548 0.004786
 886.000000 0.840718 0.021538 21.538334 0.008635
 888.000000 0.743280 2.847273 2847.272546 1.141494
 890.000000 0.837383 0.039799 39.799141 0.015956
 892.000000 0.920959 1.258799 1258.798957 0.504662
 894.000000 0.842965 0.012374 12.373906 0.004961
 896.000000 0.828041 0.120554 120.553680 0.048331
 898.000000 0.882320 0.261150 261.149921 0.104697
 900.000000 0.882681 0.267009 267.009357 0.107046
 902.000000 1.048499 9.850444 9850.443510 3.949120
 904.000000 0.955731 2.794766 2794.766366 1.120444
 906.000000 0.888220 0.365186 365.186374 0.146406
 908.000000 0.808957 0.421134 421.134078 0.168836
 910.000000 0.698745 5.719520 5719.520176 2.293001
 912.000000 0.872519 0.126780 126.780447 0.050827
 914.000000 0.858340 0.017390 17.390275 0.006972
 916.000000 0.839829 0.025860 25.860151 0.010368
 918.000000 0.821379 0.204784 204.783790 0.082099
 920.000000 0.894533 0.495797 495.796542 0.198769
 922.000000 0.808799 0.424384 424.384113 0.170139
 924.000000 0.903959 0.727898 727.898370 0.291820
 926.000000 0.831840 0.082443 82.442917 0.033052
 928.000000 0.706904 5.119135 5119.135117 2.052302
 930.000000 0.893085 0.464088 464.088061 0.186057
 932.000000 1.003455 5.887128 5887.128383 2.360196
 934.000000 0.839273 0.028768 28.767543 0.011533
 936.000000 0.838501 0.033059 33.059352 0.013254
 938.000000 0.827430 0.127352 127.352327 0.051057
 940.000000 0.957047 2.864784 2864.783665 1.148514
 942.000000 0.852071 0.001072 1.072484 0.000430
 944.000000 0.961850 3.127611 3127.611288 1.253884
 946.000000 0.991418 4.999755 4999.754860 2.004441
 948.000000 0.754319 2.288699 2288.699465 0.917558
 950.000000 0.822460 0.189618 189.617577 0.076019
 952.000000 0.867571 0.077188 77.187776 0.030945
 954.000000 0.883795 0.285531 285.531224 0.114472
 956.000000 0.774226 1.435427 1435.426535 0.575474
 958.000000 0.764847 1.812738 1812.737815 0.726741
 960.000000 0.892130 0.443733 443.732882 0.177896
 962.000000 0.888031 0.361582 361.582198 0.144961
 964.000000 0.831438 0.086138 86.137953 0.034533
 966.000000 0.916017 1.089550 1089.549637 0.436809
 968.000000 0.846282 0.003455 3.455498 0.001385
 970.000000 0.819381 0.234375 234.375152 0.093963
 972.000000 0.770943 1.562493 1562.492753 0.626416
 974.000000 0.898664 0.592037 592.036734 0.237352
 976.000000 0.831136 0.088963 88.963328 0.035666
 978.000000 0.845948 0.004104 4.104112 0.001645
 980.000000 0.867861 0.079753 79.753145 0.031974
 982.000000 0.846583 0.002919 2.918951 0.001170
 984.000000 0.847825 0.001182 1.182284 0.000474
 986.000000 0.712582 4.720941 4720.940773 1.892662
 988.000000 0.741433 2.946707 2946.706676 1.181358
 990.000000 0.743341 2.844022 2844.022282 1.140191
 992.000000 0.730261 3.584330 3584.330293 1.436986
 994.000000 0.765207 1.797473 1797.472977 0.720621
 996.000000 0.924016 1.369579 1369.579364 0.549075
 998.000000 0.829936 0.100643 100.643226 0.040349
 1000.000000 0.801153 0.596501 596.500892 0.239142
 1002.000000 0.756460 2.187449 2187.449391 0.876966
 1004.000000 0.829462 0.105450 105.450155 0.042276
 1006.000000 0.841421 0.018398 18.397904 0.007376
 1008.000000 0.793896 0.786906 786.906378 0.315477
 1010.000000 0.815596 0.295909 295.909114 0.118632
 1012.000000 0.699809 5.639316 5639.316131 2.260846
 1014.000000 0.728848 3.669455 3669.455384 1.471114
 1016.000000 0.796292 0.721135 721.134623 0.289109
 1018.000000 0.805478 0.495547 495.547305 0.198669
 1020.000000 0.908453 0.854190 854.190100 0.342452
 1022.000000 0.848156 0.000850 0.849924 0.000341
 1024.000000 0.902834 0.697853 697.852670 0.279775
 1026.000000 0.910955 0.928892 928.891815 0.372400
 1028.000000 0.916931 1.119924 1119.923751 0.448986
 1030.000000 0.935875 1.843636 1843.636325 0.739128
 1032.000000 0.838990 0.030304 30.304329 0.012149
 1034.000000 0.784754 1.064247 1064.247465 0.426665
 1036.000000 0.757121 2.156614 2156.613919 0.864604
 1038.000000 0.815666 0.294710 294.710044 0.118152
 1040.000000 0.837151 0.041274 41.273828 0.016547
 1042.000000 0.844976 0.006311 6.310873 0.002530
 1044.000000 0.882236 0.259792 259.792289 0.104153
 1046.000000 0.880322 0.229856 229.855611 0.092151
 1048.000000 0.805831 0.487731 487.730860 0.195535
 1050.000000 0.907999 0.840981 840.980542 0.337156
 1052.000000 0.851731 0.000749 0.748868 0.000300
 1054.000000 0.836064 0.048554 48.553922 0.019466
 1056.000000 0.725262 3.889894 3889.894089 1.559489
 1058.000000 0.705782 5.199692 5199.692058 2.084597
 1060.000000 0.851585 0.000628 0.628032 0.000252
 1062.000000 0.834673 0.058728 58.728162 0.023545
 1064.000000 0.759267 2.058111 2058.111175 0.825113
 1066.000000 0.826081 0.143029 143.029106 0.057341
 1068.000000 0.821544 0.202434 202.434481 0.081158
 1070.000000 0.885534 0.315659 315.658877 0.126550
 1072.000000 0.871197 0.112324 112.323539 0.045031
 1074.000000 0.830122 0.098779 98.779015 0.039601
 1076.000000 0.872469 0.126218 126.217904 0.050602
 1078.000000 0.839823 0.025895 25.894804 0.010381
 1080.000000 0.818076 0.254784 254.784422 0.102145
 1082.000000 1.004688 5.982061 5982.061032 2.398255
 1084.000000 0.873203 0.134596 134.596017 0.053961
 1086.000000 0.754147 2.296947 2296.947041 0.920864
 1088.000000 0.792327 0.831556 831.556292 0.333377
 1090.000000 0.841361 0.018656 18.656443 0.007480
 1092.000000 0.775645 1.382174 1382.174255 0.554125
 1094.000000 0.887598 0.353405 353.404841 0.141683
 1096.000000 0.844225 0.008338 8.337995 0.003343
 1098.000000 0.874818 0.153985 153.984703 0.061734
 1100.000000 0.866131 0.065052 65.052398 0.026080
 1102.000000 0.764397 1.831948 1831.947524 0.734442
 1104.000000 0.889952 0.399046 399.046137 0.159981
 1106.000000 0.793151 0.807963 807.963062 0.323919
 1108.000000 0.924752 1.396970 1396.970363 0.560056
 1110.000000 0.789371 0.918965 918.964621 0.368420
 1112.000000 0.765440 1.787608 1787.608495 0.716666
 1114.000000 0.840532 0.022412 22.412061 0.008985
 1116.000000 0.898961 0.599296 599.295831 0.240262
 1118.000000 0.911206 0.936553 936.552534 0.375471
 1120.000000 0.858429 0.017761 17.760563 0.007120
 1122.000000 0.932995 1.722039 1722.039089 0.690379
 1124.000000 0.846779 0.002593 2.593074 0.001040
 1126.000000 0.917679 1.145123 1145.122577 0.459089
 1128.000000 0.909742 0.892269 892.269326 0.357718
 1130.000000 0.795590 0.740116 740.115641 0.296718
 1132.000000 0.865607 0.060897 60.897386 0.024414
 1134.000000 0.863920 0.048443 48.442960 0.019421
 1136.000000 0.977211 4.045667 4045.666941 1.621940
 1138.000000 0.927979 1.520167 1520.167237 0.609447
 1140.000000 0.886364 0.330586 330.585664 0.132534
 1142.000000 0.867456 0.076175 76.174864 0.030539
 1144.000000 0.879828 0.222429 222.428961 0.089174
 1146.000000 0.833469 0.068317 68.316785 0.027389
 1148.000000 0.778920 1.263075 1263.074836 0.506377
 1150.000000 0.856481 0.010501 10.500931 0.004210
 1152.000000 0.924606 1.391527 1391.526795 0.557874
 1154.000000 0.834231 0.062164 62.163884 0.024922
 1156.000000 0.727777 3.734617 3734.616858 1.497237
 1158.000000 0.859083 0.020627 20.626889 0.008269
 1160.000000 0.888543 0.371384 371.383630 0.148891
 1162.000000 0.921712 1.285652 1285.651717 0.515428
 1164.000000 0.920213 1.232472 1232.471609 0.494108
 1166.000000 0.793278 0.804359 804.359453 0.322474
 1168.000000 0.923969 1.367860 1367.859667 0.548386
 1170.000000 0.929324 1.573080 1573.080028 0.630660
 1172.000000 0.874471 0.149711 149.711433 0.060020
 1174.000000 0.725398 3.881396 3881.395885 1.556082
 1176.000000 0.771623 1.535726 1535.725984 0.615685
 1178.000000 0.827931 0.121758 121.758291 0.048814
 1180.000000 0.834468 0.060313 60.313071 0.024180
 1182.000000 0.864045 0.049315 49.314948 0.019771
 1184.000000 0.811662 0.367459 367.459058 0.147317
 1186.000000 0.807661 0.448157 448.157310 0.179670
 1188.000000 0.774575 1.422239 1422.238957 0.570187
 1190.000000 0.827800 0.123212 123.211718 0.049397
 1192.000000 0.751174 2.441621 2441.620728 0.978865
 1194.000000 0.867497 0.076535 76.534957 0.030683
 1196.000000 0.888383 0.368310 368.309682 0.147658
 1198.000000 0.722865 4.040814 4040.814333 1.619994
 1200.000000 0.659762 9.047612 9047.611551 3.627259
 1202.000000 0.873955 0.143457 143.457300 0.057513
 1204.000000 0.836266 0.047155 47.155428 0.018905
 1206.000000 0.810506 0.389938 389.938054 0.156329
 1208.000000 0.775274 1.395988 1395.987876 0.559663
 1210.000000 0.747693 2.616678 2616.677977 1.049047
 1212.000000 0.798954 0.651412 651.411528 0.261156
 1214.000000 0.829696 0.103066 103.065558 0.041320
 1216.000000 0.794173 0.779161 779.160671 0.312372
 1218.000000 0.737337 3.173240 3173.239745 1.272177
 1220.000000 0.841484 0.018131 18.131153 0.007269
 1222.000000 0.849189 0.000165 0.164579 0.000066
 1224.000000 0.764808 1.814432 1814.432289 0.727420
 1226.000000 0.839664 0.026706 26.706308 0.010707
 1228.000000 0.807766 0.445922 445.922497 0.178774
 1230.000000 0.915739 1.080419 1080.418571 0.433148
 1232.000000 0.901158 0.654284 654.283676 0.262307
 1234.000000 0.928324 1.533675 1533.675203 0.614862
 1236.000000 0.685509 6.764301 6764.301084 2.711862
 1238.000000 0.714422 4.595327 4595.326713 1.842303
 1240.000000 0.768762 1.649913 1649.913218 0.661463
 1242.000000 0.829917 0.100833 100.832821 0.040425
 1244.000000 0.872730 0.129166 129.165796 0.051784
 1246.000000 0.789949 0.901542 901.541783 0.361435
 1248.000000 0.816550 0.279718 279.717962 0.112141
 1250.000000 0.767555 1.699276 1699.275646 0.681253
 1252.000000 0.891437 0.429249 429.249362 0.172089
 1254.000000 0.908541 0.856775 856.774803 0.343488
 1256.000000 0.914709 1.046820 1046.820220 0.419678
 1258.000000 0.816147 0.286505 286.505498 0.114862
 1260.000000 0.852248 0.001263 1.263151 0.000506
 1262.000000 0.832271 0.078582 78.581610 0.031504
 1264.000000 0.769088 1.636699 1636.699104 0.656166
 1266.000000 0.711054 4.826488 4826.488497 1.934977
 1268.000000 0.888607 0.372628 372.628043 0.149390
 1270.000000 0.825217 0.153545 153.545144 0.061557
 1272.000000 0.874994 0.156170 156.170478 0.062610
 1274.000000 0.795965 0.729951 729.951378 0.292643
 1276.000000 0.691669 6.267174 6267.174136 2.512559
 1278.000000 0.829089 0.109313 109.312849 0.043824
 1280.000000 0.830632 0.093778 93.777918 0.037596
 1282.000000 0.846152 0.003702 3.702070 0.001484
 1284.000000 0.831950 0.081454 81.453974 0.032656
 1286.000000 0.819107 0.238600 238.600385 0.095657
 1288.000000 0.904001 0.729036 729.036002 0.292276
 1290.000000 0.908893 0.867090 867.089571 0.347623
 1292.000000 0.849790 0.000011 0.011057 0.000004
 1294.000000 0.842221 0.015129 15.129077 0.006065
 1296.000000 0.869491 0.094975 94.975142 0.038076
 1298.000000 0.866467 0.067787 67.786541 0.027176
 1300.000000 0.823176 0.179886 179.886476 0.072118
 1302.000000 0.926744 1.472412 1472.411664 0.590301
 1304.000000 0.783900 1.092295 1092.294901 0.437910
 1306.000000 0.855034 0.006336 6.336246 0.002540
 1308.000000 0.863887 0.048210 48.210013 0.019328
 1310.000000 0.808323 0.434239 434.238670 0.174090
 1312.000000 0.823978 0.169286 169.285958 0.067868
 1314.000000 0.835487 0.052660 52.659702 0.021112
 1316.000000 0.911005 0.930401 930.400533 0.373005
 1318.000000 0.903271 0.709439 709.438592 0.284420
 1320.000000 0.918733 1.181042 1181.042244 0.473489
 1322.000000 0.826793 0.134635 134.635490 0.053976
 1324.000000 0.943343 2.178209 2178.208755 0.873261
 1326.000000 0.940240 2.035816 2035.815588 0.816175
 1328.000000 0.932235 1.690651 1690.651228 0.677795
 1330.000000 0.905746 0.776898 776.898344 0.311465
 1332.000000 0.892760 0.457094 457.094196 0.183253
 1334.000000 0.825688 0.147771 147.771146 0.059243
 1336.000000 0.874051 0.144609 144.608732 0.057975
 1338.000000 0.861181 0.031254 31.254376 0.012530
 1340.000000 0.812665 0.348478 348.478368 0.139708
 1342.000000 0.851717 0.000737 0.736868 0.000295
 1344.000000 0.823804 0.171562 171.562438 0.068781
 1346.000000 0.942878 2.156558 2156.558376 0.864581
 1348.000000 0.900797 0.645085 645.085294 0.258620
 1350.000000 0.898423 0.586205 586.205203 0.235014
 1352.000000 0.835395 0.053324 53.324043 0.021378
 1354.000000 0.947904 2.396280 2396.279618 0.960687
 1356.000000 0.878825 0.207719 207.718720 0.083276
 1358.000000 0.962549 3.166828 3166.828226 1.269606
 1360.000000 0.956798 2.851433 2851.432752 1.143162
 1362.000000 0.883891 0.287147 287.146731 0.115119
 1364.000000 0.982973 4.420435 4420.435182 1.772187
 1366.000000 0.921234 1.268583 1268.582970 0.508585
 1368.000000 0.748706 2.565113 2565.112937 1.028374
 1370.000000 0.935194 1.814511 1814.511426 0.727452
 1372.000000 0.833440 0.068561 68.560677 0.027487
 1374.000000 0.989657 4.876016 4876.015703 1.954833
 1376.000000 0.923293 1.342982 1342.981533 0.538412
 1378.000000 0.919533 1.208721 1208.720689 0.484586
 1380.000000 0.904207 0.734598 734.598380 0.294506
 1382.000000 0.795333 0.747125 747.125335 0.299528
 1384.000000 0.753256 2.339831 2339.831468 0.938057
 1386.000000 0.841948 0.016207 16.207419 0.006498
 1388.000000 0.774327 1.431591 1431.590515 0.573936
 1390.000000 0.842731 0.013211 13.210743 0.005296
 1392.000000 0.937080 1.895733 1895.733290 0.760014
 1394.000000 0.855653 0.007988 7.988319 0.003203
 1396.000000 0.925245 1.415451 1415.451195 0.567466
 1398.000000 0.911654 0.950295 950.295401 0.380981
 1400.000000 0.933296 1.734543 1734.543330 0.695392
 1402.000000 0.914918 1.053597 1053.597433 0.422396
 1404.000000 0.859051 0.020481 20.480594 0.008211
 1406.000000 0.914795 1.049587 1049.587153 0.420788
 1408.000000 0.899355 0.608979 608.979469 0.244145
 1410.000000 0.960060 3.028280 3028.279674 1.214061
 1412.000000 0.806596 0.470979 470.979109 0.188819
 1414.000000 0.744363 2.789808 2789.807927 1.118456
 1416.000000 0.845512 0.005036 5.036142 0.002019
 1418.000000 0.867810 0.079300 79.299996 0.031792
 1420.000000 0.761829 1.943541 1943.540684 0.779181
 1422.000000 0.856794 0.011539 11.539028 0.004626
 1424.000000 0.923546 1.352246 1352.245748 0.542126
 1426.000000 0.870885 0.109042 109.042418 0.043716
 1428.000000 0.795069 0.754343 754.343489 0.302422
 1430.000000 0.779006 1.260023 1260.022733 0.505153
 1432.000000 0.899940 0.623497 623.496779 0.249965
 1434.000000 0.853443 0.002963 2.962776 0.001188
 1436.000000 0.913040 0.993520 993.520405 0.398310
 1438.000000 0.789672 0.909858 909.857731 0.364769
 1440.000000 0.850048 0.000001 0.000575 0.000000
 1442.000000 0.749008 2.549821 2549.821372 1.022243
 1444.000000 0.808463 0.431325 431.325198 0.172922
 1446.000000 0.773595 1.459445 1459.444907 0.585103
 1448.000000 0.771731 1.531523 1531.522599 0.613999
 1450.000000 0.792737 0.819755 819.755437 0.328646
 1452.000000 0.891277 0.425955 425.955148 0.170769
 1454.000000 0.984868 4.547375 4547.374516 1.823078
 1456.000000 0.882147 0.258365 258.364605 0.103580
 1458.000000 0.913513 1.008478 1008.478107 0.404307
 1460.000000 0.892986 0.461953 461.952527 0.185200
 1462.000000 0.895054 0.507476 507.476471 0.203451
 1464.000000 0.823352 0.177524 177.524417 0.071171
 1466.000000 0.782803 1.128846 1128.846129 0.452563
 1468.000000 0.780519 1.206888 1206.887795 0.483851
 1470.000000 0.813510 0.332887 332.886553 0.133457
 1472.000000 0.910985 0.929796 929.796289 0.372763
 1474.000000 0.913652 1.012889 1012.889320 0.406075
 1476.000000 0.795023 0.755621 755.620790 0.302934
 1478.000000 0.871621 0.116862 116.862290 0.046851
 1480.000000 0.728467 3.692591 3692.590887 1.480389
 1482.000000 0.810720 0.385728 385.727505 0.154641
 1484.000000 0.731269 3.524256 3524.256416 1.412902
 1486.000000 0.823578 0.174526 174.525535 0.069969
 1488.000000 0.799475 0.638194 638.194419 0.255857
 1490.000000 0.871006 0.110310 110.310224 0.044224
 1492.000000 0.839836 0.025828 25.828074 0.010355
 1494.000000 0.841956 0.016177 16.176749 0.006485
 1496.000000 0.854308 0.004639 4.638817 0.001860
 1498.000000 0.792941 0.813927 813.927435 0.326310
 1500.000000 0.787772 0.968095 968.094655 0.388117
 1502.000000 0.811619 0.368273 368.273314 0.147644
 1504.000000 0.820919 0.211425 211.424846 0.084762
 1506.000000 0.819951 0.225732 225.732137 0.090498
 1508.000000 0.782492 1.139325 1139.324888 0.456764
 1510.000000 0.704003 5.328763 5328.762662 2.136343
 1512.000000 0.803942 0.530343 530.342907 0.212619
 1514.000000 0.857876 0.015508 15.508145 0.006217
 1516.000000 0.863207 0.043605 43.605442 0.017482
 1518.000000 0.874657 0.151987 151.986747 0.060933
 1520.000000 0.823172 0.179933 179.933258 0.072137
 1522.000000 0.924805 1.398934 1398.933696 0.560844
 1524.000000 0.956693 2.845824 2845.823603 1.140913
 1526.000000 0.789215 0.923702 923.701752 0.370319
 1528.000000 0.759184 2.061875 2061.874995 0.826622
 1530.000000 0.763824 1.856585 1856.584773 0.744319
 1532.000000 0.716370 4.464227 4464.226780 1.789744
 1534.000000 0.891354 0.427541 427.541440 0.171405
 1536.000000 0.872711 0.128948 128.947536 0.051696
 1538.000000 0.806946 0.463412 463.411706 0.185785
 1540.000000 0.697598 5.806616 5806.616319 2.327918
 1542.000000 0.780246 1.216404 1216.403763 0.487666
 1544.000000 0.819955 0.225682 225.681745 0.090478
 1546.000000 0.862845 0.041249 41.249064 0.016537
 1548.000000 0.874317 0.147829 147.829036 0.059266
 1550.000000 0.940022 2.025986 2025.986398 0.812234
 1552.000000 0.923547 1.352292 1352.291976 0.542145
 1554.000000 0.859375 0.021973 21.972669 0.008809
 1556.000000 0.920310 1.235885 1235.885487 0.495476
 1558.000000 0.964621 3.284505 3284.505277 1.316784
 1560.000000 0.795511 0.742267 742.266588 0.297581
 1562.000000 0.827299 0.128835 128.834809 0.051651
 1564.000000 0.924636 1.392642 1392.641699 0.558321
 1566.000000 0.833810 0.065531 65.531212 0.026272
 1568.000000 0.899995 0.624873 624.872513 0.250516
 1570.000000 0.876881 0.180647 180.646702 0.072423
 1572.000000 0.885462 0.314388 314.388309 0.126041
 1574.000000 0.841642 0.017465 17.465286 0.007002
 1576.000000 0.765776 1.773417 1773.417170 0.710977
 1578.000000 1.011752 6.540968 6540.967809 2.622326
 1580.000000 0.827507 0.126479 126.479363 0.050707
 1582.000000 0.937644 1.920370 1920.369799 0.769891
 1584.000000 0.826922 0.133143 133.143098 0.053378
 1586.000000 0.867604 0.077471 77.471452 0.031059
 1588.000000 0.969710 3.582595 3582.594819 1.436290
 1590.000000 0.927872 1.516026 1516.026007 0.607787
 1592.000000 0.889355 0.387200 387.200058 0.155232
 1594.000000 0.850266 0.000018 0.017698 0.000007
 1596.000000 0.914401 1.036878 1036.878086 0.415693
 1598.000000 0.844679 0.007077 7.077006 0.002837
 1600.000000 0.860010 0.025051 25.050698 0.010043
 1602.000000 0.811424 0.372032 372.031910 0.149151
 1604.000000 0.711210 4.815655 4815.655360 1.930634
 1606.000000 0.711379 4.803917 4803.917369 1.925928
 1608.000000 0.753052 2.349746 2349.745978 0.942032
 1610.000000 0.743305 2.845949 2845.948727 1.140963
 1612.000000 0.713008 4.691684 4691.683523 1.880933
 1614.000000 0.787682 0.970882 970.881760 0.389234
 1616.000000 0.790652 0.880537 880.537268 0.353014
 1618.000000 0.760180 2.016889 2016.889409 0.808587
 1620.000000 0.783283 1.112792 1112.791555 0.446127
 1622.000000 0.842237 0.015066 15.066168 0.006040
 1624.000000 0.787852 0.965580 965.580394 0.387109
 1626.000000 0.845157 0.005864 5.864348 0.002351
 1628.000000 0.844619 0.007238 7.238156 0.002902
 1630.000000 0.753683 2.319258 2319.258020 0.929809
 1632.000000 0.871913 0.120043 120.043412 0.048126
 1634.000000 0.802206 0.571073 571.072587 0.228947
 1636.000000 0.863181 0.043433 43.432582 0.017412
 1638.000000 0.932223 1.690162 1690.162197 0.677599
 1640.000000 0.838372 0.033803 33.802875 0.013552
 1642.000000 0.840314 0.023453 23.453281 0.009403
 1644.000000 0.730942 3.543722 3543.721678 1.420706
 1646.000000 0.949553 2.477713 2477.712905 0.993335
 1648.000000 0.896198 0.533562 533.562104 0.213909
 1650.000000 0.735442 3.280894 3280.894063 1.315336
 1652.000000 0.903672 0.720160 720.159502 0.288718
 1654.000000 0.863149 0.043223 43.223032 0.017328
 1656.000000 0.942360 2.132588 2132.587859 0.854971
 1658.000000 1.031553 8.240396 8240.395522 3.303639
 1660.000000 0.904091 0.731452 731.452048 0.293245
 1662.000000 0.809943 0.401133 401.133415 0.160818
 1664.000000 0.927407 1.497953 1497.953326 0.600541
 1666.000000 0.800307 0.617336 617.336371 0.247495
 1668.000000 0.876226 0.171949 171.949407 0.068936
 1670.000000 0.906804 0.806662 806.662179 0.323397
 1672.000000 0.892277 0.446844 446.843887 0.179143
 1674.000000 0.749464 2.526850 2526.849822 1.013034
 1676.000000 0.929382 1.575386 1575.386112 0.631585
 1678.000000 0.945604 2.285029 2285.028821 0.916086
 1680.000000 0.830014 0.099863 99.862951 0.040036
 1682.000000 0.844699 0.007025 7.025001 0.002816
 1684.000000 0.912689 0.982472 982.471730 0.393881
 1686.000000 0.889751 0.395030 395.030109 0.158371
 1688.000000 1.001790 5.760081 5760.080821 2.309262
 1690.000000 1.005686 6.059515 6059.514986 2.429307
 1692.000000 0.982912 4.416416 4416.416025 1.770576
 1694.000000 0.955828 2.799908 2799.907647 1.122505
 1696.000000 0.921325 1.271805 1271.805053 0.509877
 1698.000000 0.864732 0.054257 54.256651 0.021752
 1700.000000 0.830283 0.097189 97.189327 0.038964
 1702.000000 1.010309 6.424725 6424.724728 2.575723
 1704.000000 0.906449 0.796616 796.616437 0.319370
 1706.000000 0.928214 1.529344 1529.343675 0.613126
 1708.000000 0.782347 1.144220 1144.220167 0.458727
 1710.000000 0.724078 3.964073 3964.073454 1.589228
 1712.000000 0.783830 1.094633 1094.632814 0.438847
 1714.000000 0.743091 2.857404 2857.404303 1.145556
 1716.000000 0.795049 0.754911 754.911077 0.302650
 1718.000000 0.915776 1.081628 1081.628497 0.433633
 1720.000000 0.844948 0.006381 6.381118 0.002558
 1722.000000 0.878419 0.201915 201.915116 0.080949
 1724.000000 0.823754 0.172215 172.215154 0.069042
 1726.000000 0.744195 2.798685 2798.685036 1.122015
 1728.000000 0.798504 0.662967 662.966824 0.265789
 1730.000000 0.921705 1.285419 1285.418934 0.515335
 1732.000000 0.721449 4.131362 4131.362267 1.656296
 1734.000000 0.812094 0.359212 359.212241 0.144011
 1736.000000 0.829609 0.103944 103.944311 0.041672
 1738.000000 0.856822 0.011637 11.636594 0.004665
 1740.000000 0.920826 1.254063 1254.063489 0.502764
 1742.000000 0.803624 0.537683 537.682685 0.215561
 1744.000000 0.739023 3.078964 3078.963674 1.234381
 1746.000000 0.785911 1.026859 1026.858969 0.411676
 1748.000000 0.879597 0.218990 218.989983 0.087795
 1750.000000 0.875393 0.161202 161.202140 0.064627
 1752.000000 0.862042 0.036255 36.255004 0.014535
 1754.000000 0.787672 0.971200 971.200279 0.389362
 1756.000000 0.853642 0.003316 3.315674 0.001329
 1758.000000 0.870388 0.103916 103.915936 0.041661
 1760.000000 0.911563 0.947487 947.487362 0.379855
 1762.000000 0.932031 1.682273 1682.273203 0.674437
 1764.000000 0.785062 1.054237 1054.237161 0.422652
 1766.000000 0.755069 2.252989 2252.988523 0.903241
 1768.000000 0.816661 0.277872 277.872246 0.111401
 1770.000000 0.751366 2.432155 2432.155332 0.975070
 1772.000000 0.747660 2.618392 2618.392394 1.049734
 1774.000000 0.775460 1.389064 1389.064275 0.556887
 1776.000000 0.816552 0.279690 279.689917 0.112130
 1778.000000 0.909944 0.898331 898.331232 0.360148
 1780.000000 0.895691 0.521920 521.919522 0.209242
 1782.000000 0.999725 5.604378 5604.378479 2.246839
 1784.000000 0.870270 0.102718 102.718146 0.041181
 1786.000000 0.910099 0.902968 902.967602 0.362007
 1788.000000 0.866836 0.070860 70.859694 0.028408
 1790.000000 0.869752 0.097533 97.533385 0.039102
 1792.000000 0.850629 0.000099 0.098897 0.000040
 1794.000000 0.799230 0.644392 644.391989 0.258342
 1796.000000 0.897023 0.552790 552.789549 0.221618
 1798.000000 0.958718 2.954919 2954.919459 1.184650
 1800.000000 0.885960 0.323280 323.280199 0.129606
 1802.000000 0.903836 0.724586 724.585881 0.290492
 1804.000000 0.822609 0.187563 187.562983 0.075195
 1806.000000 0.848661 0.000448 0.448110 0.000180
 1808.000000 0.854279 0.004578 4.578285 0.001835
 1810.000000 0.853246 0.002635 2.634668 0.001056
 1812.000000 0.765295 1.793716 1793.716011 0.719115
 1814.000000 0.812908 0.343945 343.945319 0.137890
 1816.000000 0.834689 0.058603 58.603122 0.023494
 1818.000000 0.777687 1.307306 1307.306377 0.524109
 1820.000000 0.872814 0.130115 130.115242 0.052164
 1822.000000 0.968509 3.511095 3511.094599 1.407625
 1824.000000 0.745972 2.705462 2705.461655 1.084641
 1826.000000 0.828169 0.119145 119.145454 0.047766
 1828.000000 0.930486 1.619498 1619.498313 0.649270
 1830.000000 0.921524 1.278915 1278.915362 0.512727
 1832.000000 0.846034 0.003933 3.933174 0.001577
 1834.000000 0.798543 0.661967 661.966831 0.265388
 1836.000000 0.893306 0.468851 468.851173 0.187966
 1838.000000 0.850367 0.000034 0.033684 0.000014
 1840.000000 0.744526 2.781184 2781.184107 1.114999
 1842.000000 0.769214 1.631606 1631.606237 0.654124
 1844.000000 0.805910 0.485972 485.972327 0.194830
 1846.000000 0.802057 0.574622 574.621548 0.230370
 1848.000000 0.763954 1.850984 1850.983773 0.742074
 1850.000000 0.878498 0.203030 203.030272 0.081396
 1852.000000 0.842143 0.015432 15.432304 0.006187
 1854.000000 0.727514 3.750726 3750.725798 1.503696
 1856.000000 0.766602 1.738826 1738.825661 0.697109
 1858.000000 0.720847 4.170096 4170.096254 1.671824
 1860.000000 0.872516 0.126746 126.745961 0.050813
 1862.000000 0.934920 1.802869 1802.869401 0.722785
 1864.000000 0.792394 0.829607 829.607333 0.332596
 1866.000000 0.752411 2.380894 2380.894409 0.954519
 1868.000000 0.792255 0.833609 833.609499 0.334201
 1870.000000 0.758933 2.073295 2073.295054 0.831200
 1872.000000 0.698306 5.752767 5752.767345 2.306330
 1874.000000 0.763243 1.881699 1881.698904 0.754388
 1876.000000 0.800279 0.618047 618.047352 0.247780
 1878.000000 0.835209 0.054691 54.690694 0.021926
 1880.000000 0.863267 0.044003 44.002985 0.017641
 1882.000000 0.838729 0.031759 31.758590 0.012732
 1884.000000 0.760656 1.995576 1995.575852 0.800042
 1886.000000 0.794020 0.783437 783.437159 0.314086
 1888.000000 0.725810 3.855803 3855.803017 1.545822
 1890.000000 0.859914 0.024570 24.569982 0.009850
 1892.000000 0.913614 1.011684 1011.683630 0.405592
 1894.000000 0.824644 0.160730 160.730072 0.064438
 1896.000000 0.808194 0.436943 436.942534 0.175174
 1898.000000 0.788531 0.944595 944.595130 0.378696
 1900.000000 0.762432 1.917039 1917.038749 0.768556
 1902.000000 0.907172 0.817158 817.158093 0.327605
 1904.000000 0.851771 0.000784 0.783694 0.000314
 1906.000000 0.954275 2.718317 2718.316802 1.089795
 1908.000000 0.856181 0.009551 9.550798 0.003829
 1910.000000 0.921154 1.265740 1265.739653 0.507445
 1912.000000 0.896366 0.537455 537.455157 0.215470
 1914.000000 0.899709 0.617755 617.754556 0.247663
 1916.000000 0.890428 0.408609 408.608687 0.163814
 1918.000000 0.956099 2.814232 2814.231994 1.128248
 1920.000000 0.812636 0.349018 349.018203 0.139924
 1922.000000 0.900075 0.626889 626.888755 0.251325
 1924.000000 0.875072 0.157154 157.154341 0.063004
 1926.000000 0.773854 1.449568 1449.568023 0.581143
 1928.000000 0.720052 4.221625 4221.625450 1.692483
 1930.000000 0.677730 7.419202 7419.201855 2.974416
 1932.000000 0.730440 3.573648 3573.648493 1.432704
 1934.000000 0.796137 0.725316 725.315761 0.290785
 1936.000000 0.784447 1.074309 1074.308610 0.430699
 1938.000000 0.760010 2.024536 2024.536145 0.811652
 1940.000000 0.653459 9.657096 9657.096139 3.871606
 1942.000000 0.872444 0.125931 125.931119 0.050487
 1944.000000 0.790940 0.872023 872.023413 0.349601
 1946.000000 0.713659 4.647248 4647.248396 1.863118
 1948.000000 0.727601 3.745352 3745.352128 1.501541
 1950.000000 0.776143 1.363711 1363.710519 0.546722
 1952.000000 0.816956 0.272984 272.984025 0.109441
 1954.000000 0.813566 0.331858 331.858176 0.133045
 1956.000000 0.876634 0.177338 177.338192 0.071096
 1958.000000 0.808345 0.433776 433.776444 0.173904
 1960.000000 0.889014 0.380521 380.521079 0.152554
 1962.000000 0.801135 0.596950 596.949631 0.239322
 1964.000000 0.839400 0.028091 28.091192 0.011262
 1966.000000 0.736608 3.214419 3214.419201 1.288686
 1968.000000 0.815121 0.304143 304.143340 0.121933
 1970.000000 0.890562 0.411314 411.313515 0.164899
 1972.000000 0.827229 0.129633 129.632693 0.051971
 1974.000000 0.778490 1.278433 1278.433009 0.512534
 1976.000000 0.817817 0.258937 258.936661 0.103810
 1978.000000 0.840199 0.024012 24.012450 0.009627
 1980.000000 0.889145 0.383088 383.087742 0.153583
 1982.000000 0.883082 0.273613 273.612897 0.109694
 1984.000000 0.801658 0.584242 584.242098 0.234227
 1986.000000 0.854414 0.004872 4.871519 0.001953
 1988.000000 0.793913 0.786429 786.428937 0.315286
 1990.000000 0.656591 9.351731 9351.730926 3.749183
 1992.000000 0.758409 2.097217 2097.217238 0.840791
 1994.000000 0.769717 1.611332 1611.332496 0.645996
 1996.000000 0.864923 0.055676 55.675811 0.022321
 1998.000000 0.827269 0.129174 129.174399 0.051787
 2000.000000 0.875297 0.159980 159.980032 0.064137
