#! FIELDS time d1 bb.bias bb.force2 lw
 0.000000 0.837001 12.136750 12136.750332 4.865719
 2.000000 0.738393 3.704306 3704.306276 1.485086
 4.000000 0.592668 0.143985 143.985099 0.057725
 6.000000 0.541029 1.430261 1430.261335 0.573403
 8.000000 0.579579 0.343876 343.875727 0.137862
 10.000000 0.546896 1.216991 1216.991454 0.487901
 12.000000 0.536184 1.619381 1619.381137 0.649223
 14.000000 0.547434 1.198282 1198.282171 0.480401
 16.000000 0.570499 0.532870 532.870049 0.213632
 18.000000 0.618506 0.000846 0.846236 0.000339
 20.000000 0.583349 0.277517 277.516626 0.111259
 22.000000 0.626134 0.022408 22.408436 0.008984
 24.000000 0.755486 4.817732 4817.732415 1.931467
 26.000000 0.698268 1.664700 1664.699748 0.667391
 28.000000 0.725886 2.982215 2982.214848 1.195593
 30.000000 0.697704 1.641761 1641.760962 0.658195
 32.000000 0.667365 0.642574 642.573644 0.257613
 34.000000 0.553975 0.982574 982.574377 0.393922
 36.000000 0.563729 0.700586 700.586005 0.280870
 38.000000 0.598265 0.084658 84.658047 0.033940
 40.000000 0.674038 0.822879 822.879193 0.329899
 42.000000 0.694749 1.524201 1524.201271 0.611064
 44.000000 0.539531 1.487490 1487.490311 0.596347
 46.000000 0.516662 2.500238 2500.238477 1.002365
 48.000000 0.647449 0.236893 236.892773 0.094972
 50.000000 0.695591 1.557271 1557.270808 0.624322
 52.000000 0.664845 0.580297 580.296775 0.232646
 54.000000 0.717283 2.530927 2530.927465 1.014669
 56.000000 0.630852 0.050303 50.302993 0.020167
 58.000000 0.661389 0.500025 500.025414 0.200464
 60.000000 0.702515 1.842470 1842.470461 0.738661
 62.000000 0.720822 2.712063 2712.062520 1.087287
 64.000000 0.777059 6.431444 6431.443642 2.578416
 66.000000 0.775242 6.286548 6286.547863 2.520327
 68.000000 0.707926 2.082054 2082.054022 0.834712
 70.000000 0.729379 3.176035 3176.035426 1.273298
 72.000000 0.715069 2.420741 2420.741057 0.970494
 74.000000 0.517952 2.436138 2436.138491 0.976667
 76.000000 0.590832 0.166852 166.851983 0.066892
 78.000000 0.570805 0.525829 525.829346 0.210809
 80.000000 0.608629 0.016149 16.149041 0.006474
 82.000000 0.591961 0.152597 152.597165 0.061177
 84.000000 0.545488 1.266595 1266.595377 0.507788
 86.000000 0.580264 0.331295 331.294612 0.132819
 88.000000 0.551558 1.059783 1059.782832 0.424875
 90.000000 0.524386 2.128914 2128.913632 0.853498
 92.000000 0.499435 3.435822 3435.822415 1.377448
 94.000000 0.561801 0.752548 752.547775 0.301702
 96.000000 0.556546 0.903630 903.629829 0.362272
 98.000000 0.508912 2.902771 2902.770503 1.163744
 100.000000 0.574719 0.439891 439.891397 0.176356
 102.000000 0.524157 2.139520 2139.520244 0.857751
 104.000000 0.779681 6.643403 6643.403316 2.663393
 106.000000 0.674372 0.832474 832.473549 0.333745
 108.000000 0.671409 0.749191 749.190709 0.300356
 110.000000 0.582464 0.292448 292.448365 0.117245
 112.000000 0.678734 0.963092 963.092394 0.386111
 114.000000 0.713069 2.323376 2323.375588 0.931460
 116.000000 0.715604 2.447139 2447.139069 0.981077
 118.000000 0.591116 0.163212 163.211762 0.065433
 120.000000 0.583908 0.268289 268.288655 0.107559
 122.000000 0.600709 0.063661 63.660702 0.025522
 124.000000 0.483917 4.405651 4405.651371 1.766260
 126.000000 0.602457 0.050480 50.480408 0.020238
 128.000000 0.645835 0.212699 212.699025 0.085273
 130.000000 0.577900 0.375709 375.709491 0.150625
 132.000000 0.510393 2.823540 2823.539945 1.131979
 134.000000 0.697406 1.629719 1629.718720 0.653367
 136.000000 0.537871 1.552178 1552.177998 0.622280
 138.000000 0.577282 0.387788 387.787977 0.155467
 140.000000 0.580741 0.322665 322.664685 0.129359
 142.000000 0.592438 0.146753 146.752580 0.058834
 144.000000 0.721771 2.761725 2761.724764 1.107197
 146.000000 0.715850 2.459339 2459.338615 0.985968
 148.000000 0.599157 0.076644 76.643776 0.030727
 150.000000 0.680278 1.011610 1011.610241 0.405563
 152.000000 0.627203 0.027752 27.752202 0.011126
 154.000000 0.604652 0.036089 36.088683 0.014468
 156.000000 0.520485 2.312730 2312.729773 0.927192
 158.000000 0.630099 0.045104 45.104234 0.018083
 160.000000 0.586154 0.232763 232.762880 0.093316
 162.000000 0.674249 0.828925 828.925389 0.332323
 164.000000 0.542748 1.365988 1365.988103 0.547635
 166.000000 0.565156 0.663334 663.333612 0.265936
 168.000000 0.536717 1.597974 1597.974301 0.640640
 170.000000 0.648677 0.256162 256.162208 0.102697
 172.000000 0.518657 2.401492 2401.491605 0.962777
 174.000000 0.657624 0.419378 419.377867 0.168132
 176.000000 0.530724 1.846555 1846.555198 0.740299
 178.000000 0.523769 2.157502 2157.501710 0.864959
 180.000000 0.517045 2.481109 2481.108676 0.994696
 182.000000 0.651713 0.307062 307.062250 0.123104
 184.000000 0.516300 2.518379 2518.379150 1.009638
 186.000000 0.571441 0.511342 511.342083 0.205001
 188.000000 0.668923 0.682688 682.687664 0.273695
 190.000000 0.561307 0.766173 766.173449 0.307165
 192.000000 0.447311 7.170329 7170.329192 2.874641
 194.000000 0.541710 1.404636 1404.635909 0.563130
 196.000000 0.652168 0.315092 315.091955 0.126323
 198.000000 0.660432 0.478846 478.846061 0.191973
 200.000000 0.650346 0.283574 283.573575 0.113687
 202.000000 0.626912 0.026243 26.242747 0.010521
 204.000000 0.576456 0.404230 404.229795 0.162059
 206.000000 0.762987 5.352446 5352.445550 2.145838
 208.000000 0.724842 2.925484 2925.483810 1.172849
 210.000000 0.654931 0.366040 366.039704 0.146748
 212.000000 0.499769 3.416288 3416.288255 1.369617
 214.000000 0.555263 0.942590 942.590362 0.377892
 216.000000 0.673675 0.812479 812.479106 0.325729
 218.000000 0.789009 7.425505 7425.504876 2.976943
 220.000000 0.705017 1.951459 1951.459322 0.782355
 222.000000 0.711423 2.244691 2244.691120 0.899914
 224.000000 0.670922 0.735905 735.904704 0.295030
 226.000000 0.570346 0.536406 536.405998 0.215049
 228.000000 0.670497 0.724435 724.434888 0.290432
 230.000000 0.585102 0.249090 249.089896 0.099862
 232.000000 0.604152 0.039157 39.157179 0.015698
 234.000000 0.552421 1.031878 1031.878349 0.413688
 236.000000 0.766758 5.631885 5631.885329 2.257867
 238.000000 0.736959 3.617550 3617.549567 1.450304
 240.000000 0.675884 0.876682 876.682475 0.351469
 242.000000 0.539924 1.472348 1472.348360 0.590276
 244.000000 0.591335 0.160419 160.418723 0.064313
 246.000000 0.539732 1.479746 1479.746394 0.593242
 248.000000 0.632723 0.064450 64.449752 0.025838
 250.000000 0.561457 0.762040 762.039713 0.305508
 252.000000 0.601291 0.059101 59.101417 0.023694
 254.000000 0.508874 2.904801 2904.800669 1.164557
 256.000000 0.528696 1.934702 1934.702207 0.775637
 258.000000 0.487985 4.139732 4139.732397 1.659651
 260.000000 0.559948 0.804264 804.263628 0.322436
 262.000000 0.599189 0.076367 76.367195 0.030616
 264.000000 0.562358 0.737354 737.353638 0.295611
 266.000000 0.556554 0.903392 903.391764 0.362177
 268.000000 0.622896 0.009701 9.701137 0.003889
 270.000000 0.776636 6.397586 6397.585539 2.564842
 272.000000 0.676481 0.894433 894.433495 0.358585
 274.000000 0.754080 4.720639 4720.638671 1.892541
 276.000000 0.622467 0.008410 8.409585 0.003371
 278.000000 0.654111 0.350516 350.515761 0.140525
 280.000000 0.603951 0.040422 40.421634 0.016205
 282.000000 0.552437 1.031363 1031.363028 0.413482
 284.000000 0.590216 0.174905 174.904905 0.070121
 286.000000 0.617002 0.000028 0.028105 0.000011
 288.000000 0.516303 2.518231 2518.230733 1.009579
 290.000000 0.579237 0.350241 350.240660 0.140414
 292.000000 0.685880 1.197615 1197.614900 0.480133
 294.000000 0.611974 0.005506 5.506380 0.002208
 296.000000 0.690064 1.346796 1346.796423 0.539941
 298.000000 0.629692 0.042412 42.411806 0.017003
 300.000000 0.623723 0.012449 12.449139 0.004991
 302.000000 0.563910 0.695828 695.828369 0.278963
 304.000000 0.527668 1.980175 1980.174613 0.793868
 306.000000 0.552238 1.037773 1037.772749 0.416051
 308.000000 0.595129 0.115967 115.966582 0.046492
 310.000000 0.529326 1.907113 1907.113168 0.764577
 312.000000 0.647139 0.232135 232.135140 0.093065
 314.000000 0.625761 0.020677 20.676895 0.008290
 316.000000 0.634458 0.079130 79.130150 0.031724
 318.000000 0.783594 6.966156 6966.156190 2.792787
 320.000000 0.665669 0.600299 600.298511 0.240664
 322.000000 0.709004 2.131555 2131.554990 0.854557
 324.000000 0.653782 0.344382 344.381648 0.138065
 326.000000 0.595752 0.109359 109.358751 0.043843
 328.000000 0.575529 0.423085 423.084621 0.169618
 330.000000 0.572833 0.480354 480.353984 0.192578
 332.000000 0.682889 1.096353 1096.352676 0.439536
 334.000000 0.601804 0.055227 55.227314 0.022141
 336.000000 0.640500 0.142008 142.007737 0.056932
 338.000000 0.571856 0.502005 502.004913 0.201258
 340.000000 0.537388 1.571279 1571.278565 0.629938
 342.000000 0.588874 0.193112 193.111989 0.077420
 344.000000 0.554078 0.979326 979.326046 0.392620
 346.000000 0.482231 4.518232 4518.231944 1.811395
 348.000000 0.524618 2.118221 2118.221056 0.849212
 350.000000 0.467836 5.537659 5537.659335 2.220091
 352.000000 0.539500 1.488688 1488.687982 0.596827
 354.000000 0.505552 3.086641 3086.641130 1.237459
 356.000000 0.596406 0.102620 102.619533 0.041141
 358.000000 0.646746 0.226192 226.192028 0.090682
 360.000000 0.700534 1.758442 1758.442054 0.704973
 362.000000 0.701194 1.786217 1786.217375 0.716109
 364.000000 0.761830 5.268076 5268.076227 2.112013
 366.000000 0.752682 4.625013 4625.012919 1.854204
 368.000000 0.693672 1.482446 1482.445796 0.594324
 370.000000 0.573237 0.471523 471.523490 0.189037
 372.000000 0.541414 1.415724 1415.723768 0.567575
 374.000000 0.587549 0.211965 211.965257 0.084979
 376.000000 0.618435 0.000782 0.781594 0.000313
 378.000000 0.712975 2.318847 2318.846768 0.929644
 380.000000 0.686553 1.221021 1221.020618 0.489517
 382.000000 0.658390 0.435211 435.210830 0.174479
 384.000000 0.664713 0.577121 577.121309 0.231372
 386.000000 0.734394 3.464927 3464.926908 1.389116
 388.000000 0.688786 1.300314 1300.313965 0.521306
 390.000000 0.594796 0.119579 119.578802 0.047940
 392.000000 0.527826 1.973178 1973.178152 0.791063
 394.000000 0.645525 0.208202 208.201680 0.083470
 396.000000 0.495291 3.683025 3683.024953 1.476554
 398.000000 0.722708 2.811215 2811.215220 1.127038
 400.000000 0.682368 1.079156 1079.155582 0.432642
 402.000000 0.639677 0.132372 132.371859 0.053069
 404.000000 0.587671 0.210193 210.193205 0.084268
 406.000000 0.517055 2.480619 2480.619318 0.994500
 408.000000 0.555504 0.935225 935.224789 0.374939
 410.000000 0.545874 1.252886 1252.885898 0.502292
 412.000000 0.545000 1.284023 1284.022556 0.514775
 414.000000 0.692292 1.429781 1429.781307 0.573211
 416.000000 0.539351 1.494423 1494.423493 0.599126
 418.000000 0.587526 0.212294 212.293897 0.085110
 420.000000 0.706286 2.007928 2007.928026 0.804994
 422.000000 0.705633 1.978742 1978.742307 0.793293
 424.000000 0.599466 0.073969 73.968890 0.029655
 426.000000 0.625907 0.021347 21.347281 0.008558
 428.000000 0.660930 0.489803 489.802542 0.196366
 430.000000 0.671005 0.738173 738.172822 0.295939
 432.000000 0.708385 2.103065 2103.064619 0.843135
 434.000000 0.475750 4.964377 4964.377234 1.990258
 436.000000 0.565723 0.648818 648.818433 0.260116
 438.000000 0.545228 1.275876 1275.876339 0.511509
 440.000000 0.648850 0.258937 258.936610 0.103810
 442.000000 0.722272 2.788135 2788.134588 1.117785
 444.000000 0.730828 3.258215 3258.215214 1.306244
 446.000000 0.652010 0.312288 312.287581 0.125199
 448.000000 0.703711 1.894180 1894.180267 0.759392
 450.000000 0.645766 0.211694 211.694056 0.084870
 452.000000 0.688401 1.286461 1286.461242 0.515752
 454.000000 0.716109 2.472201 2472.201287 0.991125
 456.000000 0.705269 1.962596 1962.595651 0.786820
 458.000000 0.611009 0.008002 8.002305 0.003208
 460.000000 0.634431 0.078895 78.895221 0.031630
 462.000000 0.538195 1.539448 1539.447581 0.617177
 464.000000 0.589777 0.180763 180.762599 0.072469
 466.000000 0.495160 3.690971 3690.970516 1.479739
 468.000000 0.655654 0.380012 380.012240 0.152350
 470.000000 0.663349 0.544817 544.816903 0.218421
 472.000000 0.614402 0.001283 1.282573 0.000514
 474.000000 0.563976 0.694065 694.065308 0.278256
 476.000000 0.715387 2.436422 2436.422476 0.976781
 478.000000 0.649121 0.263329 263.328947 0.105571
 480.000000 0.636533 0.098668 98.668008 0.039557
 482.000000 0.565249 0.660946 660.946383 0.264979
 484.000000 0.614971 0.000719 0.718777 0.000288
 486.000000 0.716941 2.513736 2513.736465 1.007777
 488.000000 0.687482 1.253691 1253.691273 0.502615
 490.000000 0.514830 2.592658 2592.657683 1.039417
 492.000000 0.480345 4.645919 4645.918662 1.862585
 494.000000 0.751108 4.518590 4518.590437 1.811538
 496.000000 0.706080 1.998675 1998.675076 0.801285
 498.000000 0.694310 1.507107 1507.107475 0.604211
 500.000000 0.614562 0.001107 1.107395 0.000444
 502.000000 0.756463 4.885776 4885.775898 1.958746
 504.000000 0.646305 0.219612 219.611600 0.088044
 506.000000 0.647307 0.234710 234.710333 0.094097
 508.000000 0.566798 0.621728 621.727867 0.249256
 510.000000 0.652079 0.313507 313.506728 0.125687
 512.000000 0.627703 0.030450 30.450131 0.012208
 514.000000 0.717460 2.539805 2539.805452 1.018228
 516.000000 0.603282 0.044790 44.789779 0.017957
 518.000000 0.525490 2.078297 2078.296642 0.833205
 520.000000 0.540331 1.456775 1456.775004 0.584033
 522.000000 0.610864 0.008419 8.418879 0.003375
 524.000000 0.593537 0.133742 133.741999 0.053618
 526.000000 0.644723 0.196790 196.789610 0.078895
 528.000000 0.711382 2.242769 2242.769081 0.899144
 530.000000 0.734350 3.462355 3462.355213 1.388085
 532.000000 0.665970 0.607713 607.712819 0.243637
 534.000000 0.503455 3.204217 3204.217131 1.284596
 536.000000 0.579175 0.351400 351.399545 0.140879
 538.000000 0.536581 1.603427 1603.427442 0.642827
 540.000000 0.573339 0.469313 469.312785 0.188151
 542.000000 0.494688 3.719701 3719.700791 1.491257
 544.000000 0.516081 2.529363 2529.363406 1.014042
 546.000000 0.559657 0.812538 812.538026 0.325753
 548.000000 0.710022 2.178801 2178.800737 0.873498
 550.000000 0.549701 1.121096 1121.095982 0.449456
 552.000000 0.544591 1.298724 1298.723874 0.520669
 554.000000 0.638303 0.117028 117.027660 0.046917
 556.000000 0.651792 0.308447 308.446824 0.123659
 558.000000 0.690370 1.358031 1358.030808 0.544445
 560.000000 0.667969 0.657994 657.994215 0.263795
 562.000000 0.564377 0.683543 683.543280 0.274038
 564.000000 0.607325 0.021816 21.815847 0.008746
 566.000000 0.631945 0.058357 58.357351 0.023396
 568.000000 0.631332 0.053769 53.768760 0.021556
 570.000000 0.581925 0.301747 301.747038 0.120973
 572.000000 0.585185 0.247773 247.772549 0.099334
 574.000000 0.520062 2.333108 2333.107874 0.935361
 576.000000 0.632682 0.064122 64.122397 0.025707
 578.000000 0.655849 0.383808 383.808475 0.153872
 580.000000 0.687060 1.238820 1238.819510 0.496652
 582.000000 0.580463 0.327672 327.671887 0.131366
 584.000000 0.532085 1.788530 1788.530381 0.717036
 586.000000 0.703733 1.895115 1895.115431 0.759767
 588.000000 0.619697 0.002296 2.296304 0.000921
 590.000000 0.668693 0.676680 676.679529 0.271286
 592.000000 0.730868 3.260497 3260.496534 1.307159
 594.000000 0.628880 0.037293 37.293247 0.014951
 596.000000 0.630196 0.045762 45.762204 0.018346
 598.000000 0.669864 0.707488 707.488176 0.283638
 600.000000 0.687786 1.264504 1264.504117 0.506950
 602.000000 0.686101 1.205267 1205.266579 0.483201
 604.000000 0.665923 0.606554 606.554011 0.243172
 606.000000 0.668884 0.681671 681.670859 0.273287
 608.000000 0.598880 0.079093 79.093079 0.031709
 610.000000 0.655101 0.369305 369.305297 0.148057
 612.000000 0.659173 0.451689 451.689300 0.181086
 614.000000 0.685290 1.177290 1177.290123 0.471985
 616.000000 0.451976 6.780760 6780.760103 2.718460
 618.000000 0.543512 1.337905 1337.904846 0.536377
 620.000000 0.584247 0.262761 262.760760 0.105343
 622.000000 0.535866 1.632203 1632.202587 0.654363
 624.000000 0.707178 2.048071 2048.071291 0.821088
 626.000000 0.574264 0.449505 449.505331 0.180210
 628.000000 0.588256 0.201791 201.791187 0.080900
 630.000000 0.598391 0.083496 83.495794 0.033474
 632.000000 0.545563 1.263937 1263.937366 0.506722
 634.000000 0.557164 0.885154 885.154473 0.354865
 636.000000 0.502684 3.247991 3247.991411 1.302145
 638.000000 0.516342 2.516276 2516.275658 1.008795
 640.000000 0.454361 6.585750 6585.749858 2.640279
 642.000000 0.558118 0.856987 856.986830 0.343573
 644.000000 0.595003 0.117331 117.331052 0.047039
 646.000000 0.641576 0.155120 155.120181 0.062189
 648.000000 0.561882 0.750349 750.348815 0.300821
 650.000000 0.556491 0.905288 905.287950 0.362937
 652.000000 0.588279 0.201472 201.471698 0.080772
 654.000000 0.693764 1.485988 1485.987906 0.595744
 656.000000 0.671852 0.761368 761.368218 0.305239
 658.000000 0.626151 0.022486 22.486172 0.009015
 660.000000 0.572313 0.491802 491.801601 0.197167
 662.000000 0.714728 2.403991 2403.991403 0.963779
 664.000000 0.608551 0.016464 16.464043 0.006601
 666.000000 0.692743 1.446895 1446.894884 0.580072
 668.000000 0.694983 1.533356 1533.355675 0.614734
 670.000000 0.726197 2.999213 2999.212967 1.202408
 672.000000 0.682054 1.068869 1068.868842 0.428518
 674.000000 0.631972 0.058567 58.566831 0.023480
 676.000000 0.650795 0.291192 291.192423 0.116741
 678.000000 0.587446 0.213468 213.468265 0.085581
 680.000000 0.580773 0.322092 322.092227 0.129129
 682.000000 0.565924 0.643714 643.713503 0.258070
 684.000000 0.698525 1.675188 1675.187952 0.671596
 686.000000 0.707557 2.065269 2065.269277 0.827983
 688.000000 0.523515 2.169323 2169.323053 0.869699
 690.000000 0.553218 1.006426 1006.425880 0.403484
 692.000000 0.527595 1.983421 1983.420739 0.795169
 694.000000 0.552455 1.030797 1030.797192 0.413255
 696.000000 0.509157 2.889580 2889.580073 1.158455
 698.000000 0.505584 3.084848 3084.847595 1.236740
 700.000000 0.633781 0.073221 73.221092 0.029355
 702.000000 0.615599 0.000285 0.284907 0.000114
 704.000000 0.687557 1.256368 1256.368223 0.503688
 706.000000 0.671704 0.757269 757.268535 0.303595
 708.000000 0.542405 1.378687 1378.687234 0.552727
 710.000000 0.604809 0.035153 35.153274 0.014093
 712.000000 0.632042 0.059099 59.098609 0.023693
 714.000000 0.611154 0.007598 7.597871 0.003046
 716.000000 0.670992 0.737817 737.817408 0.295797
 718.000000 0.682572 1.085865 1085.864880 0.435332
 720.000000 0.722092 2.778601 2778.600575 1.113963
 722.000000 0.696617 1.598028 1598.027958 0.640662
 724.000000 0.554279 0.973069 973.068909 0.390111
 726.000000 0.544262 1.310607 1310.606795 0.525433
 728.000000 0.592582 0.145019 145.018687 0.058139
 730.000000 0.669037 0.685673 685.672837 0.274892
 732.000000 0.668961 0.683668 683.668103 0.274088
 734.000000 0.697578 1.636661 1636.660718 0.656150
 736.000000 0.657258 0.411908 411.907963 0.165137
 738.000000 0.685459 1.183092 1183.092280 0.474311
 740.000000 0.625083 0.017709 17.709395 0.007100
 742.000000 0.696838 1.606849 1606.848695 0.644198
 744.000000 0.717304 2.531953 2531.952890 1.015080
 746.000000 0.717017 2.517523 2517.522984 1.009295
 748.000000 0.543831 1.326259 1326.258955 0.531708
 750.000000 0.557181 0.884629 884.629353 0.354655
 752.000000 0.544052 1.318207 1318.207154 0.528480
 754.000000 0.561577 0.758708 758.707787 0.304172
 756.000000 0.618651 0.000984 0.984078 0.000395
 758.000000 0.637091 0.104288 104.288446 0.041810
 760.000000 0.551486 1.062132 1062.132185 0.425817
 762.000000 0.526137 2.048883 2048.882887 0.821413
 764.000000 0.569813 0.548826 548.826047 0.220029
 766.000000 0.586474 0.227902 227.902074 0.091368
 768.000000 0.621809 0.006612 6.611909 0.002651
 770.000000 0.612956 0.003443 3.443161 0.001380
 772.000000 0.684568 1.152659 1152.659418 0.462110
 774.000000 0.647293 0.234487 234.486582 0.094008
 776.000000 0.620349 0.003391 3.390617 0.001359
 778.000000 0.623070 0.010251 10.250539 0.004110
 780.000000 0.544841 1.289727 1289.726930 0.517062
 782.000000 0.555653 0.930666 930.666263 0.373111
 784.000000 0.521536 2.262481 2262.480702 0.907046
 786.000000 0.616807 0.000005 0.004912 0.000002
 788.000000 0.566797 0.621745 621.744505 0.249262
 790.000000 0.568683 0.575600 575.599847 0.230763
 792.000000 0.519855 2.343106 2343.106251 0.939370
 794.000000 0.514274 2.621041 2621.041099 1.050796
 796.000000 0.578122 0.371432 371.432463 0.148910
 798.000000 0.747303 4.266469 4266.468957 1.710461
 800.000000 0.758630 5.038376 5038.375828 2.019925
 802.000000 0.751998 4.578614 4578.614436 1.835603
 804.000000 0.587410 0.213993 213.992516 0.085791
 806.000000 0.639024 0.124963 124.962685 0.050099
 808.000000 0.656357 0.393835 393.834817 0.157891
 810.000000 0.622768 0.009308 9.307562 0.003731
 812.000000 0.596981 0.096884 96.884055 0.038842
 814.000000 0.699584 1.718813 1718.812770 0.689086
 816.000000 0.591221 0.161868 161.867806 0.064894
 818.000000 0.501393 3.321999 3321.999022 1.331816
 820.000000 0.571770 0.503936 503.935679 0.202032
 822.000000 0.577145 0.390496 390.495794 0.156553
 824.000000 0.710243 2.189154 2189.154120 0.877649
 826.000000 0.602727 0.048576 48.575960 0.019474
 828.000000 0.670579 0.726647 726.646629 0.291318
 830.000000 0.581374 0.311400 311.399980 0.124843
 832.000000 0.658456 0.436592 436.591923 0.175033
 834.000000 0.584019 0.266475 266.475081 0.106832
 836.000000 0.650963 0.294053 294.052597 0.117888
 838.000000 0.648751 0.257350 257.350093 0.103174
 840.000000 0.501080 3.340071 3340.070658 1.339061
 842.000000 0.570214 0.539471 539.470999 0.216278
 844.000000 0.532093 1.788161 1788.160639 0.716888
 846.000000 0.572363 0.490697 490.697385 0.196724
 848.000000 0.711752 2.260302 2260.301650 0.906173
 850.000000 0.592002 0.152090 152.090368 0.060974
 852.000000 0.565655 0.650535 650.534881 0.260805
 854.000000 0.449868 6.955446 6955.445720 2.788493
 856.000000 0.501022 3.343411 3343.410766 1.340400
 858.000000 0.565758 0.647912 647.912055 0.259753
 860.000000 0.619900 0.002613 2.613371 0.001048
 862.000000 0.669471 0.697075 697.074751 0.279463
 864.000000 0.729363 3.175125 3175.125341 1.272933
 866.000000 0.768501 5.763445 5763.444502 2.310610
 868.000000 0.566342 0.633131 633.131052 0.253827
 870.000000 0.520334 2.319983 2319.983255 0.930100
 872.000000 0.616563 0.000003 0.002709 0.000001
 874.000000 0.621618 0.006129 6.128504 0.002457
 876.000000 0.643607 0.181447 181.446819 0.072743
 878.000000 0.554119 0.978053 978.052603 0.392109
 880.000000 0.599233 0.075982 75.981578 0.030462
 882.000000 0.645935 0.214161 214.161096 0.085859
 884.000000 0.675202 0.856597 856.597232 0.343417
 886.000000 0.657999 0.427090 427.090439 0.171224
 888.000000 0.648571 0.254477 254.477000 0.102022
 890.000000 0.582945 0.284287 284.286536 0.113973
 892.000000 0.644719 0.196730 196.729987 0.078871
 894.000000 0.694370 1.509471 1509.471245 0.605159
 896.000000 0.623350 0.011167 11.167452 0.004477
 898.000000 0.738704 3.723261 3723.261272 1.492685
 900.000000 0.707676 2.070688 2070.688006 0.830155
 902.000000 0.718588 2.596967 2596.966522 1.041144
 904.000000 0.686700 1.226162 1226.161524 0.491578
 906.000000 0.648322 0.250510 250.510472 0.100432
 908.000000 0.650894 0.292885 292.884627 0.117420
 910.000000 0.579043 0.353879 353.879084 0.141873
 912.000000 0.610492 0.009532 9.532488 0.003822
 914.000000 0.612925 0.003500 3.499925 0.001403
 916.000000 0.593929 0.129256 129.255926 0.051820
 918.000000 0.651660 0.306135 306.134799 0.122732
 920.000000 0.503080 3.225509 3225.509077 1.293132
 922.000000 0.532802 1.758306 1758.305831 0.704919
 924.000000 0.538294 1.535587 1535.586842 0.615629
 926.000000 0.506011 3.061185 3061.185061 1.227253
 928.000000 0.592198 0.149677 149.676603 0.060007
 930.000000 0.520853 2.295079 2295.078685 0.920115
 932.000000 0.551490 1.061994 1061.993782 0.425762
 934.000000 0.512545 2.710322 2710.321554 1.086589
 936.000000 0.529073 1.918165 1918.164868 0.769007
 938.000000 0.606329 0.026715 26.714996 0.010710
 940.000000 0.661422 0.500756 500.756414 0.200757
 942.000000 0.614622 0.001045 1.044812 0.000419
 944.000000 0.730731 3.252654 3252.654269 1.304015
 946.000000 0.709900 2.173129 2173.129007 0.871225
 948.000000 0.718516 2.593335 2593.335283 1.039689
 950.000000 0.688822 1.301582 1301.582061 0.521814
 952.000000 0.743936 4.049359 4049.359112 1.623420
 954.000000 0.730043 3.213559 3213.558514 1.288341
 956.000000 0.546199 1.241436 1241.436456 0.497702
 958.000000 0.675394 0.862236 862.236091 0.345677
 960.000000 0.630727 0.049425 49.424737 0.019815
 962.000000 0.551515 1.061190 1061.190467 0.425440
 964.000000 0.611042 0.007909 7.908597 0.003171
 966.000000 0.564067 0.691679 691.679342 0.277300
 968.000000 0.516349 2.515885 2515.884925 1.008638
 970.000000 0.619494 0.001999 1.998903 0.000801
 972.000000 0.564060 0.691866 691.866359 0.277375
 974.000000 0.613874 0.001950 1.949899 0.000782
 976.000000 0.599401 0.074528 74.527805 0.029879
 978.000000 0.749322 4.399371 4399.370979 1.763742
 980.000000 0.765116 5.509328 5509.328499 2.208733
 982.000000 0.709464 2.152828 2152.827563 0.863086
 984.000000 0.531557 1.810927 1810.926541 0.726015
 986.000000 0.584038 0.266152 266.151655 0.106702
 988.000000 0.552760 1.021010 1021.009792 0.409331
 990.000000 0.503862 3.181230 3181.229615 1.275380
 992.000000 0.645186 0.203341 203.341310 0.081521
 994.000000 0.672935 0.791520 791.519715 0.317326
 996.000000 0.581447 0.310112 310.111772 0.124326
 998.000000 0.610301 0.010132 10.131606 0.004062
 1000.000000 0.665110 0.586684 586.684031 0.235206
 1002.000000 0.535825 1.633835 1633.834656 0.655017
 1004.000000 0.693278 1.467328 1467.327548 0.588263
 1006.000000 0.506550 3.031429 3031.429285 1.215324
 1008.000000 0.485230 4.318921 4318.920923 1.731489
 1010.000000 0.539981 1.470188 1470.187822 0.589410
 1012.000000 0.581242 0.313721 313.721177 0.125773
 1014.000000 0.516518 2.507463 2507.462966 1.005262
 1016.000000 0.599498 0.073693 73.693187 0.029544
 1018.000000 0.629283 0.039796 39.795911 0.015954
 1020.000000 0.676311 0.889363 889.363405 0.356553
 1022.000000 0.687064 1.238959 1238.959150 0.496708
 1024.000000 0.627704 0.030454 30.453591 0.012209
 1026.000000 0.616581 0.000002 0.001831 0.000001
 1028.000000 0.588702 0.195509 195.508769 0.078381
 1030.000000 0.684284 1.143020 1143.019903 0.458246
 1032.000000 0.695756 1.563773 1563.772659 0.626929
 1034.000000 0.624553 0.015548 15.548109 0.006233
 1036.000000 0.694761 1.524686 1524.686291 0.611259
 1038.000000 0.669511 0.698128 698.128237 0.279885
 1040.000000 0.575621 0.421194 421.193807 0.168860
 1042.000000 0.621372 0.005536 5.536019 0.002219
 1044.000000 0.723991 2.879617 2879.616544 1.154461
 1046.000000 0.635268 0.086505 86.504701 0.034680
 1048.000000 0.544368 1.306761 1306.761077 0.523891
 1050.000000 0.568541 0.579024 579.024400 0.232135
 1052.000000 0.657589 0.418653 418.652627 0.167841
 1054.000000 0.593769 0.131073 131.072623 0.052548
 1056.000000 0.664481 0.571558 571.557739 0.229142
 1058.000000 0.669682 0.702670 702.669518 0.281706
 1060.000000 0.502109 3.280843 3280.843049 1.315316
 1062.000000 0.539049 1.506145 1506.144897 0.603825
 1064.000000 0.550026 1.110241 1110.240664 0.445104
 1066.000000 0.518879 2.390621 2390.620647 0.958419
 1068.000000 0.494538 3.728877 3728.877400 1.494936
 1070.000000 0.612863 0.003617 3.616840 0.001450
 1072.000000 0.522632 2.210632 2210.631830 0.886260
 1074.000000 0.715812 2.457455 2457.454608 0.985213
 1076.000000 0.529194 1.912882 1912.882352 0.766890
 1078.000000 0.567485 0.604718 604.717620 0.242436
 1080.000000 0.549474 1.128730 1128.729927 0.452517
 1082.000000 0.595271 0.114448 114.447525 0.045883
 1084.000000 0.675644 0.869578 869.578281 0.348621
 1086.000000 0.617179 0.000066 0.065503 0.000026
 1088.000000 0.577239 0.388644 388.644190 0.155811
 1090.000000 0.659203 0.452342 452.342277 0.181348
 1092.000000 0.598295 0.084382 84.382094 0.033829
 1094.000000 0.553075 1.010977 1010.977263 0.405309
 1096.000000 0.645712 0.210903 210.903472 0.084553
 1098.000000 0.686169 1.207656 1207.655593 0.484159
 1100.000000 0.575942 0.414624 414.623760 0.166226
 1102.000000 0.774041 6.191669 6191.669339 2.482289
 1104.000000 0.733365 3.404636 3404.636363 1.364946
 1106.000000 0.610904 0.008302 8.302065 0.003328
 1108.000000 0.619230 0.001642 1.642080 0.000658
 1110.000000 0.559537 0.815959 815.958956 0.327124
 1112.000000 0.574528 0.443922 443.922062 0.177972
 1114.000000 0.594263 0.125480 125.480462 0.050306
 1116.000000 0.645105 0.202189 202.189178 0.081059
 1118.000000 0.565904 0.644200 644.200239 0.258265
 1120.000000 0.667698 0.651055 651.054904 0.261013
 1122.000000 0.528662 1.936195 1936.194769 0.776236
 1124.000000 0.597286 0.093898 93.898442 0.037645
 1126.000000 0.566281 0.634677 634.676770 0.254447
 1128.000000 0.654387 0.355698 355.697657 0.142602
 1130.000000 0.803736 8.748755 8748.755201 3.507445
 1132.000000 0.709381 2.148996 2148.996251 0.861550
 1134.000000 0.629847 0.043433 43.432847 0.017413
 1136.000000 0.700978 1.777079 1777.079169 0.712445
 1138.000000 0.613566 0.002404 2.403778 0.000964
 1140.000000 0.706657 2.024561 2024.560965 0.811662
 1142.000000 0.671314 0.746594 746.593703 0.299315
 1144.000000 0.656453 0.395732 395.732015 0.158652
 1146.000000 0.578738 0.359653 359.652650 0.144188
 1148.000000 0.699969 1.734812 1734.812451 0.695500
 1150.000000 0.729842 3.202164 3202.163572 1.283773
 1152.000000 0.737748 3.665175 3665.174873 1.469397
 1154.000000 0.626392 0.023647 23.646925 0.009480
 1156.000000 0.635482 0.088505 88.504766 0.035482
 1158.000000 0.617850 0.000350 0.350351 0.000140
 1160.000000 0.745623 4.157466 4157.465915 1.666761
 1162.000000 0.614880 0.000798 0.798219 0.000320
 1164.000000 0.656972 0.406132 406.131778 0.162821
 1166.000000 0.524123 2.141088 2141.087842 0.858379
 1168.000000 0.546984 1.213905 1213.905316 0.486664
 1170.000000 0.491413 3.922135 3922.135247 1.572415
 1172.000000 0.603994 0.040148 40.147853 0.016096
 1174.000000 0.693496 1.475691 1475.691184 0.591616
 1176.000000 0.689150 1.313452 1313.452400 0.526573
 1178.000000 0.631820 0.057408 57.408487 0.023016
 1180.000000 0.604061 0.039727 39.727441 0.015927
 1182.000000 0.552036 1.044273 1044.273108 0.418657
 1184.000000 0.530175 1.870186 1870.186035 0.749772
 1186.000000 0.572801 0.481039 481.039482 0.192853
 1188.000000 0.619982 0.002748 2.748219 0.001102
 1190.000000 0.700612 1.761693 1761.693166 0.706277
 1192.000000 0.733164 3.392887 3392.887439 1.360235
 1194.000000 0.716214 2.477404 2477.403526 0.993211
 1196.000000 0.722854 2.818946 2818.946215 1.130138
 1198.000000 0.689872 1.339748 1339.747949 0.537116
 1200.000000 0.579945 0.337114 337.113674 0.135152
 1202.000000 0.698300 1.665999 1665.998935 0.667912
 1204.000000 0.580447 0.327968 327.967751 0.131485
 1206.000000 0.544980 1.284739 1284.739004 0.515062
 1208.000000 0.548503 1.161560 1161.560291 0.465679
 1210.000000 0.615873 0.000158 0.157530 0.000063
 1212.000000 0.580741 0.322662 322.662167 0.129358
 1214.000000 0.578534 0.363530 363.530077 0.145742
 1216.000000 0.739160 3.751183 3751.182847 1.503879
 1218.000000 0.612809 0.003721 3.720926 0.001492
 1220.000000 0.579301 0.349054 349.054153 0.139939
 1222.000000 0.578813 0.358230 358.229968 0.143617
 1224.000000 0.571431 0.511556 511.555791 0.205087
 1226.000000 0.578720 0.359984 359.983876 0.144320
 1228.000000 0.725688 2.971395 2971.394990 1.191256
 1230.000000 0.698412 1.670592 1670.591843 0.669753
 1232.000000 0.673184 0.798546 798.546382 0.320144
 1234.000000 0.785200 7.100898 7100.898360 2.846806
 1236.000000 0.718292 2.581920 2581.920037 1.035112
 1238.000000 0.718232 2.578866 2578.865597 1.033888
 1240.000000 0.669474 0.697150 697.149529 0.279493
 1242.000000 0.570317 0.537075 537.074760 0.215318
 1244.000000 0.519944 2.338795 2338.794510 0.937641
 1246.000000 0.629052 0.038351 38.350762 0.015375
 1248.000000 0.556045 0.918752 918.752269 0.368335
 1250.000000 0.564320 0.685044 685.043826 0.274639
 1252.000000 0.540441 1.452597 1452.597336 0.582358
 1254.000000 0.519652 2.352982 2352.982287 0.943329
 1256.000000 0.533671 1.722056 1722.056187 0.690386
 1258.000000 0.580617 0.324900 324.899966 0.130255
 1260.000000 0.699055 1.696962 1696.962323 0.680326
 1262.000000 0.578027 0.373255 373.255287 0.149641
 1264.000000 0.630938 0.050918 50.917534 0.020413
 1266.000000 0.622524 0.008577 8.577129 0.003439
 1268.000000 0.688495 1.289825 1289.824949 0.517101
 1270.000000 0.705894 1.990395 1990.395467 0.797965
 1272.000000 0.595690 0.110009 110.009073 0.044104
 1274.000000 0.626241 0.022917 22.917352 0.009188
 1276.000000 0.694427 1.511667 1511.667220 0.606039
 1278.000000 0.688679 1.296456 1296.456425 0.519760
 1280.000000 0.632018 0.058916 58.915659 0.023620
 1282.000000 0.694249 1.504763 1504.763327 0.603271
 1284.000000 0.685639 1.189306 1189.305800 0.476802
 1286.000000 0.643960 0.186233 186.232639 0.074662
 1288.000000 0.610284 0.010185 10.184956 0.004083
 1290.000000 0.535922 1.629937 1629.937334 0.653455
 1292.000000 0.468786 5.467140 5467.139703 2.191819
 1294.000000 0.561183 0.769604 769.604451 0.308540
 1296.000000 0.589071 0.190385 190.385233 0.076327
 1298.000000 0.586178 0.232386 232.385859 0.093165
 1300.000000 0.628078 0.032554 32.554163 0.013051
 1302.000000 0.668239 0.664936 664.936172 0.266578
 1304.000000 0.713907 2.363912 2363.912262 0.947711
 1306.000000 0.538784 1.516433 1516.433242 0.607950
 1308.000000 0.605063 0.033660 33.660107 0.013495
 1310.000000 0.619262 0.001684 1.683808 0.000675
 1312.000000 0.707423 2.059184 2059.184456 0.825543
 1314.000000 0.699723 1.724585 1724.585233 0.691400
 1316.000000 0.574949 0.435085 435.084983 0.174429
 1318.000000 0.619343 0.001791 1.790672 0.000718
 1320.000000 0.560282 0.794806 794.805895 0.318644
 1322.000000 0.586597 0.226047 226.047307 0.090624
 1324.000000 0.660766 0.486181 486.180990 0.194914
 1326.000000 0.693361 1.470518 1470.517632 0.589542
 1328.000000 0.637433 0.107815 107.814863 0.043224
 1330.000000 0.733200 3.394975 3394.975355 1.361072
 1332.000000 0.651460 0.302651 302.651097 0.121335
 1334.000000 0.734147 3.450386 3450.386370 1.383287
 1336.000000 0.740860 3.855985 3855.984896 1.545895
 1338.000000 0.745628 4.157786 4157.786367 1.666889
 1340.000000 0.685009 1.167653 1167.653386 0.468121
 1342.000000 0.693631 1.480883 1480.882668 0.593698
 1344.000000 0.730724 3.252273 3252.273056 1.303862
 1346.000000 0.592792 0.142494 142.494452 0.057127
 1348.000000 0.579938 0.337242 337.241746 0.135203
 1350.000000 0.676326 0.889801 889.801424 0.356728
 1352.000000 0.630347 0.046790 46.789819 0.018758
 1354.000000 0.629168 0.039073 39.072778 0.015665
 1356.000000 0.619485 0.001986 1.986291 0.000796
 1358.000000 0.638256 0.116528 116.527632 0.046717
 1360.000000 0.659286 0.454096 454.095604 0.182051
 1362.000000 0.601693 0.056055 56.055146 0.022473
 1364.000000 0.577704 0.379528 379.528410 0.152156
 1366.000000 0.563663 0.702355 702.354893 0.281580
 1368.000000 0.478710 4.758005 4758.004595 1.907522
 1370.000000 0.607927 0.019096 19.095953 0.007656
 1372.000000 0.662130 0.516729 516.728913 0.207161
 1374.000000 0.665527 0.596840 596.840399 0.239278
 1376.000000 0.729384 3.176309 3176.309197 1.273407
 1378.000000 0.624952 0.017162 17.161843 0.006880
 1380.000000 0.528644 1.936999 1936.998954 0.776558
 1382.000000 0.537016 1.586074 1586.073649 0.635869
 1384.000000 0.587785 0.208543 208.542933 0.083607
 1386.000000 0.534557 1.685496 1685.495714 0.675729
 1388.000000 0.595317 0.113949 113.948797 0.045683
 1390.000000 0.569713 0.551161 551.161402 0.220965
 1392.000000 0.670318 0.719604 719.604101 0.288495
 1394.000000 0.713789 2.358183 2358.182826 0.945414
 1396.000000 0.664256 0.566181 566.181191 0.226986
 1398.000000 0.650832 0.291810 291.810328 0.116989
 1400.000000 0.727306 3.060292 3060.291626 1.226895
 1402.000000 0.627227 0.027882 27.882369 0.011178
 1404.000000 0.547645 1.190999 1190.998603 0.477481
 1406.000000 0.550559 1.092541 1092.541040 0.438008
 1408.000000 0.521133 2.281683 2281.683196 0.914745
 1410.000000 0.753613 4.688563 4688.563003 1.879682
 1412.000000 0.627351 0.028538 28.537683 0.011441
 1414.000000 0.564198 0.688238 688.237596 0.275920
 1416.000000 0.480140 4.659853 4659.853235 1.868172
 1418.000000 0.567096 0.614308 614.307949 0.246281
 1420.000000 0.541200 1.423821 1423.821451 0.570821
 1422.000000 0.560754 0.781558 781.558264 0.313333
 1424.000000 0.579748 0.340751 340.751417 0.136610
 1426.000000 0.550019 1.110461 1110.461448 0.445193
 1428.000000 0.628098 0.032667 32.666950 0.013096
 1430.000000 0.636944 0.102790 102.789661 0.041209
 1432.000000 0.572877 0.479390 479.390414 0.192191
 1434.000000 0.704035 1.908316 1908.315566 0.765059
 1436.000000 0.593392 0.135432 135.432220 0.054296
 1438.000000 0.685821 1.195565 1195.565389 0.479312
 1440.000000 0.612811 0.003717 3.716698 0.001490
 1442.000000 0.667524 0.646630 646.629541 0.259239
 1444.000000 0.689674 1.332509 1332.508599 0.534213
 1446.000000 0.712111 2.277399 2277.398953 0.913027
 1448.000000 0.530650 1.849713 1849.712913 0.741564
 1450.000000 0.644855 0.198646 198.645630 0.079639
 1452.000000 0.603517 0.043230 43.230482 0.017331
 1454.000000 0.595428 0.112771 112.770936 0.045211
 1456.000000 0.690637 1.367901 1367.901460 0.548402
 1458.000000 0.581416 0.310653 310.652929 0.124543
 1460.000000 0.570096 0.542195 542.195326 0.217370
 1462.000000 0.537779 1.555799 1555.798627 0.623732
 1464.000000 0.593249 0.137100 137.099637 0.054964
 1466.000000 0.535244 1.657407 1657.406921 0.664467
 1468.000000 0.691955 1.417099 1417.098548 0.568126
 1470.000000 0.592496 0.146060 146.059925 0.058557
 1472.000000 0.572468 0.488391 488.391126 0.195800
 1474.000000 0.586604 0.225935 225.934990 0.090579
 1476.000000 0.480260 4.651661 4651.660669 1.864887
 1478.000000 0.498550 3.487908 3487.907647 1.398330
 1480.000000 0.504074 3.169282 3169.281982 1.270590
 1482.000000 0.611575 0.006482 6.482065 0.002599
 1484.000000 0.588758 0.194725 194.725358 0.078067
 1486.000000 0.585187 0.247748 247.747682 0.099324
 1488.000000 0.577231 0.388785 388.784974 0.155867
 1490.000000 0.612614 0.004106 4.106427 0.001646
 1492.000000 0.520223 2.325335 2325.334714 0.932245
 1494.000000 0.592803 0.142374 142.374300 0.057079
 1496.000000 0.529641 1.893367 1893.366939 0.759066
 1498.000000 0.517013 2.482693 2482.692594 0.995331
 1500.000000 0.703537 1.886605 1886.605378 0.756355
 1502.000000 0.558986 0.831763 831.763024 0.333460
 1504.000000 0.580626 0.324731 324.730855 0.130187
 1506.000000 0.740172 3.813419 3813.419381 1.528830
 1508.000000 0.675271 0.858627 858.627204 0.344230
 1510.000000 0.849735 13.580242 13580.241892 5.444426
 1512.000000 0.633726 0.072757 72.757154 0.029169
 1514.000000 0.456807 6.388817 6388.816945 2.561327
 1516.000000 0.435443 8.210507 8210.506534 3.291657
 1518.000000 0.542092 1.390329 1390.329076 0.557394
 1520.000000 0.727684 3.081194 3081.194274 1.235275
 1522.000000 0.690669 1.369091 1369.090780 0.548879
 1524.000000 0.612973 0.003410 3.409969 0.001367
 1526.000000 0.673603 0.810438 810.438404 0.324911
 1528.000000 0.615077 0.000632 0.631546 0.000253
 1530.000000 0.557633 0.871251 871.250534 0.349291
 1532.000000 0.627196 0.027718 27.718120 0.011112
 1534.000000 0.650476 0.285765 285.765185 0.114566
 1536.000000 0.666620 0.623839 623.838711 0.250102
 1538.000000 0.687715 1.261972 1261.972341 0.505935
 1540.000000 0.588666 0.196015 196.014844 0.078584
 1542.000000 0.530319 1.863986 1863.986424 0.747287
 1544.000000 0.704858 1.944428 1944.428215 0.779537
 1546.000000 0.637032 0.103682 103.681920 0.041567
 1548.000000 0.514249 2.622320 2622.320276 1.051309
 1550.000000 0.563047 0.718763 718.762681 0.288158
 1552.000000 0.621977 0.007051 7.050844 0.002827
 1554.000000 0.528566 1.940415 1940.415375 0.777928
 1556.000000 0.731218 3.280529 3280.528770 1.315190
 1558.000000 0.716718 2.502572 2502.571863 1.003301
 1560.000000 0.671168 0.742593 742.592814 0.297711
 1562.000000 0.740081 3.807796 3807.796335 1.526576
 1564.000000 0.593545 0.133658 133.657656 0.053584
 1566.000000 0.662589 0.527226 527.226237 0.211369
 1568.000000 0.688504 1.290141 1290.140747 0.517228
 1570.000000 0.486085 4.262894 4262.894135 1.709028
 1572.000000 0.538711 1.519257 1519.256581 0.609082
 1574.000000 0.552429 1.031635 1031.634843 0.413591
 1576.000000 0.603372 0.044185 44.185088 0.017714
 1578.000000 0.609098 0.014320 14.319863 0.005741
 1580.000000 0.606724 0.024714 24.713513 0.009908
 1582.000000 0.548722 1.154110 1154.109846 0.462692
 1584.000000 0.560589 0.786185 786.185217 0.315188
 1586.000000 0.682603 1.086891 1086.890588 0.435743
 1588.000000 0.706059 1.997734 1997.734355 0.800907
 1590.000000 0.517350 2.465969 2465.969461 0.988627
 1592.000000 0.580579 0.325579 325.578988 0.130527
 1594.000000 0.679490 0.986689 986.689425 0.395572
 1596.000000 0.634170 0.076590 76.589921 0.030706
 1598.000000 0.563713 0.701011 701.010787 0.281041
 1600.000000 0.607282 0.022019 22.018988 0.008828
 1602.000000 0.562648 0.729498 729.497653 0.292461
 1604.000000 0.669774 0.705087 705.087333 0.282675
 1606.000000 0.671704 0.757288 757.288484 0.303603
 1608.000000 0.696736 1.602769 1602.769444 0.642563
 1610.000000 0.657926 0.425591 425.591063 0.170623
 1612.000000 0.616380 0.000021 0.020568 0.000008
 1614.000000 0.644260 0.190349 190.349238 0.076313
 1616.000000 0.642878 0.171759 171.759113 0.068860
 1618.000000 0.660320 0.476404 476.403741 0.190994
 1620.000000 0.683858 1.128676 1128.675645 0.452495
 1622.000000 0.661322 0.498525 498.525275 0.199863
 1624.000000 0.593592 0.133112 133.112269 0.053366
 1626.000000 0.571864 0.501821 501.820770 0.201184
 1628.000000 0.527441 1.990290 1990.290273 0.797923
 1630.000000 0.579234 0.350297 350.296889 0.140437
 1632.000000 0.618899 0.001246 1.245762 0.000499
 1634.000000 0.650132 0.279986 279.986154 0.112249
 1636.000000 0.533983 1.709135 1709.135026 0.685206
 1638.000000 0.526294 2.041799 2041.799153 0.818573
 1640.000000 0.617029 0.000033 0.032911 0.000013
 1642.000000 0.460582 6.090614 6090.614479 2.441775
 1644.000000 0.718718 2.603623 2603.622645 1.043813
 1646.000000 0.675140 0.854791 854.791173 0.342693
 1648.000000 0.569861 0.547690 547.690255 0.219573
 1650.000000 0.664098 0.562424 562.423760 0.225480
 1652.000000 0.544011 1.319725 1319.724872 0.529088
 1654.000000 0.602473 0.050363 50.363203 0.020191
 1656.000000 0.463038 5.900424 5900.423887 2.365526
 1658.000000 0.606405 0.026328 26.327634 0.010555
 1660.000000 0.535954 1.628635 1628.635159 0.652933
 1662.000000 0.643847 0.184695 184.695053 0.074046
 1664.000000 0.522025 2.239256 2239.256309 0.897735
 1666.000000 0.637022 0.103584 103.584316 0.041528
 1668.000000 0.676253 0.887635 887.634920 0.355860
 1670.000000 0.638526 0.119458 119.457674 0.047892
 1672.000000 0.505260 3.102837 3102.836725 1.243952
 1674.000000 0.546140 1.243495 1243.495433 0.498527
 1676.000000 0.636997 0.103332 103.331816 0.041427
 1678.000000 0.626228 0.022856 22.855974 0.009163
 1680.000000 0.663583 0.550279 550.279275 0.220611
 1682.000000 0.655046 0.368237 368.237027 0.147629
 1684.000000 0.653918 0.346915 346.914724 0.139081
 1686.000000 0.657729 0.421535 421.534769 0.168997
 1688.000000 0.626043 0.021979 21.979206 0.008812
 1690.000000 0.687289 1.246862 1246.862068 0.499877
 1692.000000 0.523421 2.173693 2173.692985 0.871451
 1694.000000 0.642000 0.160445 160.444865 0.064324
 1696.000000 0.628279 0.033714 33.714373 0.013516
 1698.000000 0.531056 1.832297 1832.296932 0.734582
 1700.000000 0.570713 0.527925 527.924769 0.211649
 1702.000000 0.566920 0.618672 618.671845 0.248030
 1704.000000 0.498813 3.472364 3472.363861 1.392098
 1706.000000 0.674908 0.848026 848.025671 0.339980
 1708.000000 0.689298 1.318812 1318.812203 0.528722
 1710.000000 0.696702 1.601418 1601.417807 0.642021
 1712.000000 0.682095 1.070222 1070.221525 0.429060
 1714.000000 0.534460 1.689499 1689.499076 0.677333
 1716.000000 0.559468 0.817928 817.928270 0.327914
 1718.000000 0.727128 3.050421 3050.421227 1.222938
 1720.000000 0.751706 4.558917 4558.916580 1.827706
 1722.000000 0.512870 2.693456 2693.455849 1.079828
 1724.000000 0.522584 2.212869 2212.869272 0.887157
 1726.000000 0.536673 1.599757 1599.756706 0.641355
 1728.000000 0.519474 2.361594 2361.593502 0.946781
 1730.000000 0.612921 0.003507 3.506911 0.001406
 1732.000000 0.562260 0.740034 740.034445 0.296686
 1734.000000 0.554244 0.974133 974.133352 0.390538
 1736.000000 0.608606 0.016243 16.243080 0.006512
 1738.000000 0.657107 0.408850 408.849560 0.163911
 1740.000000 0.591181 0.162376 162.375988 0.065098
 1742.000000 0.639567 0.131107 131.106978 0.052562
 1744.000000 0.707599 2.067163 2067.162941 0.828742
 1746.000000 0.623864 0.012949 12.949459 0.005192
 1748.000000 0.708314 2.099813 2099.812595 0.841831
 1750.000000 0.663738 0.553919 553.918939 0.222070
 1752.000000 0.708581 2.112041 2112.041360 0.846734
 1754.000000 0.780542 6.713743 6713.743215 2.691593
 1756.000000 0.759536 5.102899 5102.898695 2.045792
 1758.000000 0.508171 2.942848 2942.848282 1.179811
 1760.000000 0.606985 0.023431 23.431343 0.009394
 1762.000000 0.614105 0.001640 1.640359 0.000658
 1764.000000 0.652676 0.324168 324.167699 0.129961
 1766.000000 0.719901 2.664348 2664.348033 1.068158
 1768.000000 0.753314 4.668150 4668.149733 1.871498
 1770.000000 0.593785 0.130896 130.895827 0.052477
 1772.000000 0.511464 2.766899 2766.898741 1.109271
 1774.000000 0.625486 0.019446 19.446297 0.007796
 1776.000000 0.609768 0.011897 11.896967 0.004770
 1778.000000 0.584334 0.261348 261.347523 0.104776
 1780.000000 0.696598 1.597238 1597.237753 0.640345
 1782.000000 0.617142 0.000056 0.056497 0.000023
 1784.000000 0.649271 0.265761 265.760985 0.106546
 1786.000000 0.686253 1.210578 1210.577747 0.485330
 1788.000000 0.744311 4.073239 4073.239268 1.632994
 1790.000000 0.639179 0.126696 126.696425 0.050794
 1792.000000 0.688125 1.276560 1276.559788 0.511783
 1794.000000 0.798854 8.298058 8298.058184 3.326757
 1796.000000 0.594990 0.117475 117.474870 0.047097
 1798.000000 0.562908 0.722507 722.506907 0.289659
 1800.000000 0.576720 0.398931 398.931241 0.159935
 1802.000000 0.596568 0.100985 100.985204 0.040486
 1804.000000 0.674866 0.846798 846.798014 0.339488
 1806.000000 0.646315 0.219761 219.761135 0.088104
 1808.000000 0.810850 9.426776 9426.775859 3.779269
 1810.000000 0.809131 9.260627 9260.626887 3.712658
 1812.000000 0.707562 2.065469 2065.469187 0.828063
 1814.000000 0.776508 6.387277 6387.276785 2.560710
 1816.000000 0.732684 3.365011 3365.011396 1.349060
 1818.000000 0.750563 4.482028 4482.028189 1.796880
 1820.000000 0.626516 0.024255 24.254773 0.009724
 1822.000000 0.520998 2.288133 2288.132914 0.917331
 1824.000000 0.795481 7.993645 7993.644901 3.204715
 1826.000000 0.706292 2.008181 2008.180545 0.805095
 1828.000000 0.692304 1.430236 1430.235897 0.573393
 1830.000000 0.691225 1.389737 1389.737182 0.557157
 1832.000000 0.734455 3.468537 3468.536995 1.390564
 1834.000000 0.547711 1.188705 1188.705380 0.476561
 1836.000000 0.613386 0.002691 2.691082 0.001079
 1838.000000 0.680865 1.030342 1030.341977 0.413072
 1840.000000 0.543972 1.321146 1321.145948 0.529658
 1842.000000 0.677347 0.920526 920.525577 0.369046
 1844.000000 0.655223 0.371645 371.644894 0.148995
 1846.000000 0.561301 0.766327 766.327492 0.307227
 1848.000000 0.631411 0.054345 54.345328 0.021787
 1850.000000 0.562163 0.742655 742.654565 0.297736
 1852.000000 0.579757 0.340580 340.580189 0.136541
 1854.000000 0.665107 0.586606 586.605913 0.235175
 1856.000000 0.566920 0.618685 618.684522 0.248035
 1858.000000 0.717228 2.528157 2528.156557 1.013558
 1860.000000 0.679496 0.986873 986.873196 0.395645
 1862.000000 0.721604 2.752972 2752.972378 1.103688
 1864.000000 0.577112 0.391148 391.148056 0.156814
 1866.000000 0.758276 5.013276 5013.276062 2.009862
 1868.000000 0.519665 2.352338 2352.338311 0.943071
 1870.000000 0.523142 2.186700 2186.699823 0.876665
 1872.000000 0.574315 0.448421 448.420994 0.179776
 1874.000000 0.539100 1.504159 1504.158534 0.603029
 1876.000000 0.704625 1.934146 1934.146363 0.775415
 1878.000000 0.645802 0.212219 212.219379 0.085080
 1880.000000 0.580985 0.318301 318.301069 0.127609
 1882.000000 0.569286 0.561226 561.226368 0.225000
 1884.000000 0.668532 0.672491 672.490992 0.269607
 1886.000000 0.521012 2.287467 2287.466635 0.917063
 1888.000000 0.621093 0.004899 4.898851 0.001964
 1890.000000 0.567906 0.594401 594.401394 0.238300
 1892.000000 0.658656 0.440769 440.769243 0.176708
 1894.000000 0.586996 0.220089 220.089447 0.088236
 1896.000000 0.725178 2.943689 2943.689469 1.180148
 1898.000000 0.563216 0.714248 714.247509 0.286347
 1900.000000 0.532730 1.761352 1761.351578 0.706140
 1902.000000 0.537260 1.576349 1576.349125 0.631971
 1904.000000 0.692534 1.438960 1438.960122 0.576890
 1906.000000 0.647190 0.232915 232.915242 0.093378
 1908.000000 0.625869 0.021172 21.172188 0.008488
 1910.000000 0.719443 2.640763 2640.763484 1.058703
 1912.000000 0.496703 3.597798 3597.797631 1.442385
 1914.000000 0.633734 0.072819 72.819444 0.029194
 1916.000000 0.566014 0.641424 641.424157 0.257152
 1918.000000 0.571531 0.509304 509.304271 0.204184
 1920.000000 0.532130 1.786616 1786.616170 0.716268
 1922.000000 0.492465 3.856524 3856.524419 1.546111
 1924.000000 0.484729 4.351861 4351.861115 1.744695
 1926.000000 0.706787 2.030398 2030.398112 0.814003
 1928.000000 0.695146 1.539739 1539.739251 0.617294
 1930.000000 0.613406 0.002659 2.658793 0.001066
 1932.000000 0.703817 1.898784 1898.784069 0.761237
 1934.000000 0.539943 1.471638 1471.638280 0.589991
 1936.000000 0.548415 1.164562 1164.561926 0.466882
 1938.000000 0.550474 1.095381 1095.380663 0.439147
 1940.000000 0.598448 0.082979 82.978898 0.033267
 1942.000000 0.512078 2.734719 2734.719493 1.096371
 1944.000000 0.595557 0.111402 111.402224 0.044662
 1946.000000 0.733537 3.414676 3414.676473 1.368971
 1948.000000 0.704147 1.913210 1913.209678 0.767021
 1950.000000 0.662858 0.533406 533.406069 0.213847
 1952.000000 0.657542 0.417701 417.701486 0.167460
 1954.000000 0.622166 0.007560 7.560262 0.003031
 1956.000000 0.705699 1.981684 1981.683811 0.794473
 1958.000000 0.637425 0.107732 107.731851 0.043191
 1960.000000 0.738246 3.695372 3695.372429 1.481504
 1962.000000 0.671623 0.755039 755.039236 0.302701
 1964.000000 0.615286 0.000476 0.476292 0.000191
 1966.000000 0.584153 0.264280 264.279979 0.105952
 1968.000000 0.553332 1.002834 1002.833712 0.402044
 1970.000000 0.691807 1.411529 1411.529414 0.565893
 1972.000000 0.556610 0.901710 901.709811 0.361503
 1974.000000 0.605710 0.030009 30.009465 0.012031
 1976.000000 0.546593 1.227587 1227.586771 0.492149
 1978.000000 0.592611 0.144670 144.670324 0.057999
 1980.000000 0.592014 0.151943 151.943407 0.060915
 1982.000000 0.642862 0.171544 171.543802 0.068773
 1984.000000 0.682935 1.097883 1097.883188 0.440150
 1986.000000 0.637633 0.109895 109.895315 0.044058
 1988.000000 0.509232 2.885532 2885.532318 1.156833
 1990.000000 0.512254 2.725517 2725.517486 1.092681
 1992.000000 0.590260 0.174334 174.334034 0.069892
 1994.000000 0.450857 6.873234 6873.233583 2.755533
 1996.000000 0.465177 5.737301 5737.301357 2.300129
 1998.000000 0.652970 0.329490 329.490121 0.132095
 2000.000000 0.622993 0.010005 10.005196 0.004011
