#! FIELDS time d1 bb.bias bb.force2 lw
 0.000000 0.837001 12.136750 12136.750332 4.865719
 2.000000 0.711689 2.257295 2257.294772 0.904967
 4.000000 0.710363 2.194773 2194.772978 0.879902
 6.000000 0.637754 0.111169 111.169085 0.044569
 8.000000 0.597126 0.095464 95.463868 0.038272
 10.000000 0.524600 2.119061 2119.061033 0.849548
 12.000000 0.553959 0.983076 983.076076 0.394123
 14.000000 0.511076 2.787328 2787.327826 1.117462
 16.000000 0.521357 2.270963 2270.962912 0.910447
 18.000000 0.729399 3.177142 3177.142033 1.273741
 20.000000 0.666718 0.626293 626.293047 0.251086
 22.000000 0.518349 2.416614 2416.614108 0.968840
 24.000000 0.711254 2.236702 2236.702362 0.896712
 26.000000 0.641901 0.159190 159.189563 0.063820
 28.000000 0.752341 4.601907 4601.906822 1.844941
 30.000000 0.560918 0.776966 776.965506 0.311492
 32.000000 0.645926 0.214027 214.027331 0.085805
 34.000000 0.772445 6.066748 6066.747984 2.432207
 36.000000 0.749180 4.389950 4389.950205 1.759966
 38.000000 0.687006 1.236910 1236.910083 0.495887
 40.000000 0.775501 6.307051 6307.051498 2.528547
 42.000000 0.652574 0.322331 322.330693 0.129225
 44.000000 0.671846 0.761189 761.189231 0.305167
 46.000000 0.667683 0.650679 650.678680 0.260862
 48.000000 0.527531 1.986287 1986.287365 0.796318
 50.000000 0.564201 0.688158 688.157509 0.275888
 52.000000 0.585147 0.248372 248.372282 0.099574
 54.000000 0.555707 0.929027 929.026534 0.372454
 56.000000 0.578874 0.357063 357.063068 0.143149
 58.000000 0.554877 0.954497 954.496589 0.382665
 60.000000 0.649977 0.277390 277.390457 0.111208
 62.000000 0.640538 0.142459 142.459140 0.057113
 64.000000 0.536582 1.603385 1603.384763 0.642810
 66.000000 0.587039 0.219450 219.449592 0.087979
 68.000000 0.648250 0.249381 249.381376 0.099979
 70.000000 0.631317 0.053657 53.657152 0.021512
 72.000000 0.677500 0.925170 925.170119 0.370908
 74.000000 0.519858 2.342957 2342.957025 0.939310
 76.000000 0.532389 1.775665 1775.665154 0.711878
 78.000000 0.553798 0.988131 988.130781 0.396149
 80.000000 0.555565 0.933341 933.340504 0.374184
 82.000000 0.586614 0.225796 225.795783 0.090523
 84.000000 0.653070 0.331305 331.304528 0.132823
 86.000000 0.748373 4.336653 4336.652587 1.738598
 88.000000 0.558158 0.855806 855.805626 0.343099
 90.000000 0.591667 0.156246 156.246226 0.062640
 92.000000 0.665177 0.588319 588.319130 0.235862
 94.000000 0.601072 0.060798 60.797929 0.024374
 96.000000 0.548246 1.170361 1170.360688 0.469207
 98.000000 0.611045 0.007901 7.900675 0.003167
 100.000000 0.539335 1.495028 1495.027798 0.599368
 102.000000 0.545242 1.275378 1275.378172 0.511309
 104.000000 0.591208 0.162039 162.038638 0.064963
 106.000000 0.628825 0.036953 36.953496 0.014815
 108.000000 0.614682 0.000984 0.984341 0.000395
 110.000000 0.513891 2.640717 2640.717448 1.058684
 112.000000 0.466642 5.626853 5626.853223 2.255850
 114.000000 0.681683 1.056796 1056.796483 0.423678
 116.000000 0.613171 0.003055 3.055112 0.001225
 118.000000 0.675477 0.864672 864.671609 0.346654
 120.000000 0.631264 0.053274 53.273866 0.021358
 122.000000 0.614580 0.001089 1.088659 0.000436
 124.000000 0.660434 0.478884 478.884497 0.191989
 126.000000 0.530882 1.839742 1839.742224 0.737567
 128.000000 0.547074 1.210783 1210.782914 0.485412
 130.000000 0.491460 3.919208 3919.207792 1.571241
 132.000000 0.552109 1.041916 1041.916095 0.417712
 134.000000 0.559670 0.812157 812.156736 0.325600
 136.000000 0.580565 0.325832 325.832298 0.130629
 138.000000 0.554299 0.972419 972.418977 0.389850
 140.000000 0.533383 1.734061 1734.061032 0.695199
 142.000000 0.676488 0.894636 894.635843 0.358667
 144.000000 0.729608 3.188929 3188.928510 1.278467
 146.000000 0.611400 0.006934 6.934344 0.002780
 148.000000 0.532293 1.779722 1779.722408 0.713505
 150.000000 0.630533 0.048067 48.066727 0.019270
 152.000000 0.665555 0.597510 597.510297 0.239547
 154.000000 0.605499 0.031177 31.176861 0.012499
 156.000000 0.608510 0.016634 16.634307 0.006669
 158.000000 0.629164 0.039043 39.042829 0.015653
 160.000000 0.567918 0.594113 594.113062 0.238185
 162.000000 0.520422 2.315775 2315.774833 0.928412
 164.000000 0.646167 0.217572 217.572440 0.087227
 166.000000 0.559876 0.806291 806.291269 0.323249
 168.000000 0.552767 1.020798 1020.797763 0.409246
 170.000000 0.694425 1.511597 1511.597215 0.606011
 172.000000 0.694093 1.498707 1498.707108 0.600843
 174.000000 0.628152 0.032981 32.980561 0.013222
 176.000000 0.585773 0.238600 238.600131 0.095657
 178.000000 0.561580 0.758649 758.648698 0.304148
 180.000000 0.592220 0.149410 149.410136 0.059900
 182.000000 0.665654 0.599942 599.941894 0.240521
 184.000000 0.730421 3.235036 3235.035798 1.296951
 186.000000 0.718497 2.592365 2592.364965 1.039300
 188.000000 0.745055 4.120889 4120.889470 1.652097
 190.000000 0.764410 5.456996 5456.996243 2.187753
 192.000000 0.672110 0.768504 768.504283 0.308099
 194.000000 0.692840 1.450595 1450.594774 0.581555
 196.000000 0.678128 0.944364 944.363705 0.378603
 198.000000 0.636753 0.100861 100.861148 0.040436
 200.000000 0.739448 3.768836 3768.836410 1.510956
 202.000000 0.626141 0.022441 22.440761 0.008997
 204.000000 0.595525 0.111740 111.739967 0.044797
 206.000000 0.588302 0.201139 201.139214 0.080638
 208.000000 0.540595 1.446723 1446.723475 0.580003
 210.000000 0.589985 0.177979 177.979075 0.071353
 212.000000 0.539454 1.490447 1490.447437 0.597532
 214.000000 0.675433 0.863359 863.358679 0.346127
 216.000000 0.741281 3.882153 3882.152939 1.556386
 218.000000 0.721723 2.759184 2759.183713 1.106178
 220.000000 0.802272 8.612303 8612.302767 3.452740
 222.000000 0.811484 9.488427 9488.427159 3.803985
 224.000000 0.690345 1.357124 1357.124317 0.544082
 226.000000 0.624701 0.016136 16.135781 0.006469
 228.000000 0.612703 0.003928 3.927537 0.001575
 230.000000 0.713472 2.342839 2342.839363 0.939263
 232.000000 0.648751 0.257356 257.356396 0.103176
 234.000000 0.516408 2.512949 2512.948637 1.007461
 236.000000 0.628535 0.035213 35.212578 0.014117
 238.000000 0.508459 2.927245 2927.245175 1.173556
 240.000000 0.564043 0.692302 692.301981 0.277549
 242.000000 0.555208 0.944290 944.290226 0.378573
 244.000000 0.554473 0.967021 967.021073 0.387686
 246.000000 0.600954 0.061725 61.725243 0.024746
 248.000000 0.813567 9.692440 9692.440147 3.885776
 250.000000 0.654923 0.365894 365.894396 0.146690
 252.000000 0.663852 0.556605 556.605168 0.223147
 254.000000 0.691708 1.407797 1407.796846 0.564397
 256.000000 0.753202 4.660487 4660.486732 1.868426
 258.000000 0.739797 3.790264 3790.264421 1.519547
 260.000000 0.740570 3.837981 3837.981127 1.538677
 262.000000 0.550461 1.095786 1095.786019 0.439309
 264.000000 0.573766 0.460126 460.125573 0.184468
 266.000000 0.556496 0.905132 905.132112 0.362875
 268.000000 0.575002 0.433986 433.985933 0.173988
 270.000000 0.484095 4.393791 4393.790988 1.761505
 272.000000 0.733514 3.413353 3413.352840 1.368440
 274.000000 0.680642 1.023215 1023.215091 0.410215
 276.000000 0.560909 0.777227 777.226869 0.311596
 278.000000 0.600893 0.062203 62.202629 0.024938
 280.000000 0.580567 0.325802 325.802118 0.130617
 282.000000 0.595771 0.109160 109.160022 0.043763
 284.000000 0.709090 2.135496 2135.496045 0.856137
 286.000000 0.683271 1.109027 1109.026589 0.444617
 288.000000 0.694705 1.522494 1522.494481 0.610380
 290.000000 0.744203 4.066362 4066.362386 1.630237
 292.000000 0.559674 0.812039 812.039078 0.325553
 294.000000 0.696679 1.600498 1600.497734 0.641652
 296.000000 0.682098 1.070299 1070.298535 0.429091
 298.000000 0.680411 1.015823 1015.822991 0.407251
 300.000000 0.678478 0.955165 955.164918 0.382933
 302.000000 0.664738 0.577718 577.717983 0.231612
 304.000000 0.557286 0.881516 881.516040 0.353407
 306.000000 0.643403 0.178703 178.702890 0.071643
 308.000000 0.620515 0.003703 3.702935 0.001485
 310.000000 0.545736 1.257800 1257.800179 0.504262
 312.000000 0.485863 4.277405 4277.405356 1.714845
 314.000000 0.496110 3.633465 3633.465117 1.456685
 316.000000 0.554959 0.951958 951.957895 0.381647
 318.000000 0.667746 0.652281 652.280633 0.261504
 320.000000 0.663215 0.541688 541.688425 0.217167
 322.000000 0.525537 2.076143 2076.142992 0.832342
 324.000000 0.528477 1.944362 1944.361684 0.779510
 326.000000 0.562486 0.733884 733.884236 0.294220
 328.000000 0.559366 0.820846 820.846206 0.329084
 330.000000 0.552393 1.032765 1032.765348 0.414044
 332.000000 0.569721 0.550986 550.985545 0.220894
 334.000000 0.531596 1.809254 1809.254499 0.725344
 336.000000 0.549995 1.111273 1111.272979 0.445518
 338.000000 0.538967 1.509320 1509.319696 0.605098
 340.000000 0.547121 1.209158 1209.157731 0.484761
 342.000000 0.546272 1.238837 1238.837025 0.496660
 344.000000 0.679655 0.991892 991.891796 0.397657
 346.000000 0.553507 0.997287 997.286801 0.399820
 348.000000 0.544865 1.288861 1288.861052 0.516715
 350.000000 0.680055 1.004531 1004.530614 0.402724
 352.000000 0.742864 3.981442 3981.442161 1.596192
 354.000000 0.678863 0.967094 967.093869 0.387716
 356.000000 0.641453 0.153590 153.589936 0.061575
 358.000000 0.663015 0.537034 537.033535 0.215301
 360.000000 0.567427 0.606141 606.141222 0.243007
 362.000000 0.563135 0.716399 716.398607 0.287210
 364.000000 0.530851 1.841079 1841.078998 0.738103
 366.000000 0.566660 0.625171 625.171103 0.250636
 368.000000 0.562271 0.739710 739.709593 0.296555
 370.000000 0.549329 1.133589 1133.588979 0.454465
 372.000000 0.654632 0.360337 360.337157 0.144462
 374.000000 0.635012 0.084138 84.138010 0.033732
 376.000000 0.577369 0.386067 386.067454 0.154777
 378.000000 0.634465 0.079192 79.192005 0.031749
 380.000000 0.551957 1.046847 1046.846971 0.419689
 382.000000 0.654302 0.354111 354.110656 0.141966
 384.000000 0.646774 0.226607 226.607139 0.090849
 386.000000 0.655853 0.383890 383.890229 0.153905
 388.000000 0.541521 1.411721 1411.720675 0.565970
 390.000000 0.586487 0.227697 227.696937 0.091285
 392.000000 0.755155 4.794771 4794.770639 1.922261
 394.000000 0.628123 0.032812 32.812443 0.013155
 396.000000 0.558766 0.838136 838.135733 0.336015
 398.000000 0.557863 0.864474 864.473772 0.346574
 400.000000 0.631114 0.052184 52.184362 0.020921
 402.000000 0.648168 0.248089 248.088739 0.099461
 404.000000 0.624851 0.016745 16.744639 0.006713
 406.000000 0.666498 0.620783 620.782907 0.248877
 408.000000 0.648892 0.259623 259.622555 0.104085
 410.000000 0.689170 1.314175 1314.175300 0.526863
 412.000000 0.642125 0.162035 162.034705 0.064961
 414.000000 0.639962 0.135670 135.669765 0.054391
 416.000000 0.553355 1.002095 1002.095023 0.401748
 418.000000 0.566489 0.629460 629.459882 0.252355
 420.000000 0.545674 1.259991 1259.990639 0.505140
 422.000000 0.558998 0.831427 831.427355 0.333326
 424.000000 0.629524 0.041327 41.326513 0.016568
 426.000000 0.598492 0.082583 82.583398 0.033108
 428.000000 0.686979 1.235949 1235.949383 0.495502
 430.000000 0.625150 0.017991 17.991213 0.007213
 432.000000 0.572543 0.486719 486.719091 0.195130
 434.000000 0.622631 0.008895 8.894701 0.003566
 436.000000 0.578484 0.364477 364.476633 0.146122
 438.000000 0.567484 0.604722 604.721945 0.242438
 440.000000 0.671674 0.756455 756.455421 0.303269
 442.000000 0.605858 0.029205 29.205295 0.011709
 444.000000 0.667039 0.634344 634.344380 0.254314
 446.000000 0.623179 0.010603 10.602913 0.004251
 448.000000 0.648410 0.251914 251.914195 0.100994
 450.000000 0.671678 0.756550 756.549510 0.303307
 452.000000 0.620211 0.003140 3.140355 0.001259
 454.000000 0.696561 1.595771 1595.770982 0.639757
 456.000000 0.679495 0.986838 986.838280 0.395631
 458.000000 0.730933 3.264225 3264.224699 1.308653
 460.000000 0.581407 0.310805 310.805071 0.124604
 462.000000 0.591397 0.159635 159.635066 0.063999
 464.000000 0.588777 0.194462 194.462024 0.077961
 466.000000 0.615288 0.000475 0.474984 0.000190
 468.000000 0.678770 0.964202 964.202191 0.386556
 470.000000 0.752883 4.638726 4638.725763 1.859702
 472.000000 0.569502 0.556124 556.124431 0.222955
 474.000000 0.527967 1.966925 1966.924897 0.788556
 476.000000 0.606503 0.025824 25.824018 0.010353
 478.000000 0.764339 5.451754 5451.754136 2.185651
 480.000000 0.703070 1.866385 1866.384600 0.748248
 482.000000 0.639909 0.135048 135.047897 0.054142
 484.000000 0.679255 0.979325 979.324596 0.392619
 486.000000 0.684475 1.149501 1149.501343 0.460844
 488.000000 0.663378 0.545489 545.488821 0.218691
 490.000000 0.572428 0.489263 489.263067 0.196149
 492.000000 0.604608 0.036350 36.350158 0.014573
 494.000000 0.591151 0.162760 162.760229 0.065252
 496.000000 0.561281 0.766906 766.906057 0.307459
 498.000000 0.602142 0.052744 52.744212 0.021146
 500.000000 0.526978 2.011008 2011.008279 0.806229
 502.000000 0.524395 2.128496 2128.495716 0.853331
 504.000000 0.640865 0.146384 146.383967 0.058686
 506.000000 0.683712 1.123758 1123.757934 0.450523
 508.000000 0.714167 2.376556 2376.555792 0.952780
 510.000000 0.629783 0.043010 43.010275 0.017243
 512.000000 0.702663 1.848845 1848.845117 0.741217
 514.000000 0.658148 0.430184 430.184405 0.172464
 516.000000 0.687324 1.248120 1248.119510 0.500381
 518.000000 0.692689 1.444862 1444.862410 0.579257
 520.000000 0.712619 2.301714 2301.714143 0.922775
 522.000000 0.633074 0.067299 67.299246 0.026981
 524.000000 0.664677 0.576241 576.240526 0.231019
 526.000000 0.565932 0.643507 643.506952 0.257987
 528.000000 0.564455 0.681510 681.509911 0.273223
 530.000000 0.622686 0.009058 9.057992 0.003631
 532.000000 0.707869 2.079471 2079.470906 0.833676
 534.000000 0.760055 5.140058 5140.058204 2.060690
 536.000000 0.820246 10.361180 10361.179608 4.153879
 538.000000 0.548638 1.156990 1156.990369 0.463847
 540.000000 0.712957 2.317934 2317.934308 0.929278
 542.000000 0.652004 0.312177 312.177361 0.125154
 544.000000 0.601414 0.058162 58.162428 0.023318
 546.000000 0.678962 0.970189 970.189013 0.388956
 548.000000 0.558660 0.841188 841.187905 0.337239
 550.000000 0.542652 1.369530 1369.529565 0.549055
 552.000000 0.715588 2.446361 2446.361175 0.980765
 554.000000 0.659382 0.456159 456.159024 0.182878
 556.000000 0.629872 0.043595 43.595251 0.017478
 558.000000 0.687768 1.263849 1263.848891 0.506687
 560.000000 0.623369 0.011229 11.228917 0.004502
 562.000000 0.647107 0.231650 231.650258 0.092870
 564.000000 0.660207 0.473948 473.948097 0.190010
 566.000000 0.665105 0.586561 586.561090 0.235157
 568.000000 0.709407 2.150191 2150.190580 0.862028
 570.000000 0.663352 0.544870 544.869774 0.218443
 572.000000 0.759678 5.113048 5113.047540 2.049861
 574.000000 0.577065 0.392075 392.075153 0.157186
 576.000000 0.683709 1.123679 1123.678945 0.450492
 578.000000 0.648215 0.248820 248.820424 0.099754
 580.000000 0.544220 1.312147 1312.146881 0.526050
 582.000000 0.534340 1.694416 1694.415559 0.679305
 584.000000 0.605140 0.033218 33.217606 0.013317
 586.000000 0.666902 0.630902 630.902191 0.252934
 588.000000 0.702368 1.836191 1836.190907 0.736143
 590.000000 0.616242 0.000045 0.045138 0.000018
 592.000000 0.638498 0.119153 119.153015 0.047769
 594.000000 0.574747 0.439308 439.307588 0.176122
 596.000000 0.623455 0.011520 11.519630 0.004618
 598.000000 0.503879 3.180237 3180.236767 1.274982
 600.000000 0.710156 2.185053 2185.053170 0.876005
 602.000000 0.623830 0.012828 12.827692 0.005143
 604.000000 0.645373 0.206015 206.015192 0.082593
 606.000000 0.628828 0.036973 36.973466 0.014823
 608.000000 0.666390 0.618090 618.090084 0.247797
 610.000000 0.719065 2.621350 2621.349938 1.050920
 612.000000 0.583616 0.273094 273.094456 0.109486
 614.000000 0.588125 0.203662 203.662379 0.081650
 616.000000 0.693201 1.464391 1464.390789 0.587086
 618.000000 0.620414 0.003510 3.510432 0.001407
 620.000000 0.643397 0.178625 178.624722 0.071612
 622.000000 0.704154 1.913524 1913.524219 0.767147
 624.000000 0.572175 0.494867 494.866532 0.198396
 626.000000 0.664940 0.582582 582.582428 0.233562
 628.000000 0.638077 0.114605 114.604982 0.045946
 630.000000 0.571195 0.516928 516.927819 0.207240
 632.000000 0.641418 0.153153 153.152664 0.061400
 634.000000 0.572932 0.478182 478.181619 0.191707
 636.000000 0.643783 0.183820 183.820206 0.073695
 638.000000 0.487952 4.141883 4141.882557 1.660513
 640.000000 0.555445 0.937022 937.022430 0.375660
 642.000000 0.528304 1.952009 1952.008938 0.782576
 644.000000 0.573162 0.473162 473.161763 0.189694
 646.000000 0.507132 2.999470 2999.470325 1.202511
 648.000000 0.564022 0.692877 692.877069 0.277780
 650.000000 0.525066 2.097670 2097.669674 0.840972
 652.000000 0.598579 0.081789 81.789488 0.032790
 654.000000 0.734261 3.457088 3457.088163 1.385974
 656.000000 0.714506 2.393151 2393.150792 0.959433
 658.000000 0.683303 1.110114 1110.113950 0.445053
 660.000000 0.732478 3.353067 3353.066882 1.344271
 662.000000 0.541351 1.418104 1418.103918 0.568529
 664.000000 0.556109 0.916796 916.796451 0.367551
 666.000000 0.557383 0.878640 878.640108 0.352254
 668.000000 0.603479 0.043477 43.476588 0.017430
 670.000000 0.519858 2.342975 2342.975097 0.939317
 672.000000 0.551626 1.057559 1057.559345 0.423984
 674.000000 0.585881 0.236940 236.939764 0.094991
 676.000000 0.763429 5.384777 5384.777179 2.158800
 678.000000 0.695610 1.558009 1558.009362 0.624618
 680.000000 0.687258 1.245767 1245.766804 0.499438
 682.000000 0.673053 0.794847 794.847035 0.318660
 684.000000 0.615395 0.000404 0.404289 0.000162
 686.000000 0.745631 4.157959 4157.958575 1.666958
 688.000000 0.708257 2.097193 2097.193084 0.840781
 690.000000 0.700974 1.776915 1776.915457 0.712379
 692.000000 0.561326 0.765654 765.653588 0.306957
 694.000000 0.519102 2.379709 2379.708709 0.954044
 696.000000 0.538200 1.539259 1539.258871 0.617101
 698.000000 0.636955 0.102901 102.900949 0.041254
 700.000000 0.646480 0.222206 222.205500 0.089084
 702.000000 0.651930 0.310870 310.869723 0.124630
 704.000000 0.511375 2.771568 2771.568002 1.111143
 706.000000 0.596511 0.101566 101.566070 0.040719
 708.000000 0.583600 0.273352 273.351656 0.109589
 710.000000 0.693077 1.459639 1459.639150 0.585181
 712.000000 0.640040 0.136581 136.580966 0.054756
 714.000000 0.670982 0.737526 737.525722 0.295680
 716.000000 0.622118 0.007428 7.428257 0.002978
 718.000000 0.654888 0.365216 365.215534 0.146418
 720.000000 0.654107 0.350450 350.450180 0.140498
 722.000000 0.680466 1.017576 1017.576399 0.407954
 724.000000 0.739529 3.773802 3773.801713 1.512947
 726.000000 0.629422 0.040675 40.675445 0.016307
 728.000000 0.668954 0.683482 683.481532 0.274013
 730.000000 0.571581 0.508169 508.169312 0.203729
 732.000000 0.561062 0.772980 772.980477 0.309894
 734.000000 0.599237 0.075945 75.945185 0.030447
 736.000000 0.598893 0.078975 78.975308 0.031662
 738.000000 0.687583 1.257271 1257.270913 0.504050
 740.000000 0.683157 1.105240 1105.240425 0.443100
 742.000000 0.754200 4.728857 4728.857354 1.895836
 744.000000 0.654351 0.355026 355.025847 0.142333
 746.000000 0.548817 1.150893 1150.893087 0.461402
 748.000000 0.639828 0.134114 134.114118 0.053767
 750.000000 0.617573 0.000205 0.205322 0.000082
 752.000000 0.702558 1.844346 1844.345582 0.739413
 754.000000 0.681967 1.066023 1066.023351 0.427377
 756.000000 0.677199 0.916027 916.026932 0.367242
 758.000000 0.575411 0.425515 425.514664 0.170592
 760.000000 0.571776 0.503788 503.788364 0.201973
 762.000000 0.514112 2.629354 2629.353595 1.054129
 764.000000 0.519073 2.381150 2381.150258 0.954622
 766.000000 0.504871 3.124548 3124.547739 1.252656
 768.000000 0.570937 0.522811 522.810515 0.209599
 770.000000 0.539328 1.495321 1495.321473 0.599486
 772.000000 0.553616 0.993844 993.843714 0.398440
 774.000000 0.567890 0.594798 594.797944 0.238459
 776.000000 0.560118 0.799440 799.439681 0.320502
 778.000000 0.562651 0.729432 729.432043 0.292435
 780.000000 0.604964 0.034240 34.240187 0.013727
 782.000000 0.593701 0.131860 131.859574 0.052864
 784.000000 0.637861 0.112304 112.304111 0.045024
 786.000000 0.564903 0.669863 669.863223 0.268553
 788.000000 0.620924 0.004532 4.532051 0.001817
 790.000000 0.581038 0.317347 317.347412 0.127227
 792.000000 0.576305 0.407268 407.267923 0.163277
 794.000000 0.721867 2.766778 2766.777923 1.109223
 796.000000 0.633899 0.074236 74.236219 0.029762
 798.000000 0.653305 0.335600 335.600294 0.134545
 800.000000 0.562894 0.722867 722.867392 0.289803
 802.000000 0.628121 0.032801 32.801053 0.013150
 804.000000 0.572957 0.477641 477.641096 0.191490
 806.000000 0.606579 0.025441 25.440840 0.010199
 808.000000 0.560268 0.795194 795.193650 0.318799
 810.000000 0.700288 1.748147 1748.146785 0.700846
 812.000000 0.748094 4.318311 4318.311324 1.731245
 814.000000 0.673461 0.806407 806.407465 0.323295
 816.000000 0.620584 0.003837 3.836814 0.001538
 818.000000 0.520211 2.325914 2325.913817 0.932477
 820.000000 0.561987 0.747469 747.468750 0.299666
 822.000000 0.680648 1.023401 1023.401421 0.410290
 824.000000 0.634276 0.077521 77.520529 0.031079
 826.000000 0.622645 0.008934 8.933744 0.003582
 828.000000 0.598171 0.085521 85.521008 0.034286
 830.000000 0.669658 0.702017 702.016922 0.281444
 832.000000 0.696612 1.597809 1597.809139 0.640574
 834.000000 0.676009 0.880370 880.370388 0.352947
 836.000000 0.698860 1.688931 1688.930917 0.677106
 838.000000 0.560295 0.794435 794.435443 0.318495
 840.000000 0.701298 1.790608 1790.608095 0.717869
 842.000000 0.823688 10.714458 10714.457774 4.295510
 844.000000 0.727001 3.043437 3043.437146 1.220138
 846.000000 0.561525 0.760163 760.162602 0.304755
 848.000000 0.539472 1.489767 1489.767212 0.597259
 850.000000 0.638586 0.120116 120.115686 0.048155
 852.000000 0.649217 0.264886 264.885601 0.106195
 854.000000 0.715782 2.455976 2455.976292 0.984620
 856.000000 0.525389 2.082885 2082.884535 0.835045
 858.000000 0.561088 0.772261 772.260609 0.309605
 860.000000 0.711550 2.250689 2250.688958 0.902319
 862.000000 0.581835 0.303307 303.306820 0.121598
 864.000000 0.638618 0.120466 120.465811 0.048296
 866.000000 0.631049 0.051712 51.712072 0.020732
 868.000000 0.686469 1.218079 1218.079119 0.488338
 870.000000 0.643665 0.182232 182.231861 0.073058
 872.000000 0.708387 2.103176 2103.176290 0.843180
 874.000000 0.560851 0.778848 778.847667 0.312246
 876.000000 0.578407 0.365941 365.941006 0.146709
 878.000000 0.607500 0.021006 21.006410 0.008422
 880.000000 0.605976 0.028573 28.573022 0.011455
 882.000000 0.634029 0.075362 75.362145 0.030213
 884.000000 0.649079 0.262647 262.646756 0.105297
 886.000000 0.534212 1.699679 1699.678868 0.681415
 888.000000 0.724704 2.918038 2918.037524 1.169864
 890.000000 0.765110 5.508876 5508.876454 2.208552
 892.000000 0.739586 3.777319 3777.318690 1.514357
 894.000000 0.557816 0.865852 865.852191 0.347127
 896.000000 0.697115 1.617977 1617.977320 0.648660
 898.000000 0.563494 0.706835 706.835115 0.283376
 900.000000 0.643946 0.186045 186.045221 0.074587
 902.000000 0.638739 0.121798 121.797667 0.048830
 904.000000 0.666963 0.632426 632.426339 0.253545
 906.000000 0.573261 0.471019 471.018783 0.188835
 908.000000 0.586638 0.225434 225.434032 0.090378
 910.000000 0.794160 7.875966 7875.965973 3.157537
 912.000000 0.598196 0.085287 85.287219 0.034192
 914.000000 0.660488 0.480072 480.072150 0.192465
 916.000000 0.494790 3.713466 3713.466215 1.488758
 918.000000 0.609596 0.012498 12.498159 0.005011
 920.000000 0.672781 0.787197 787.196742 0.315593
 922.000000 0.712642 2.302832 2302.831616 0.923223
 924.000000 0.679421 0.984537 984.536773 0.394709
 926.000000 0.572921 0.478413 478.413048 0.191800
 928.000000 0.771762 6.013607 6013.606972 2.410902
 930.000000 0.695917 1.570163 1570.162697 0.629491
 932.000000 0.663677 0.552489 552.488753 0.221497
 934.000000 0.686157 1.207215 1207.214745 0.483982
 936.000000 0.684390 1.146599 1146.598780 0.459680
 938.000000 0.712352 2.288925 2288.924981 0.917648
 940.000000 0.571193 0.516953 516.952819 0.207250
 942.000000 0.530305 1.864601 1864.600533 0.747533
 944.000000 0.520432 2.315275 2315.274997 0.928212
 946.000000 0.537760 1.556578 1556.577567 0.624044
 948.000000 0.591296 0.160913 160.912854 0.064511
 950.000000 0.608169 0.018053 18.052968 0.007238
 952.000000 0.588799 0.194154 194.154134 0.077838
 954.000000 0.670245 0.717655 717.655419 0.287714
 956.000000 0.639691 0.132525 132.525023 0.053130
 958.000000 0.703166 1.870534 1870.534468 0.749912
 960.000000 0.678896 0.968120 968.119741 0.388127
 962.000000 0.650955 0.293922 293.922441 0.117836
 964.000000 0.712750 2.308011 2308.010876 0.925300
 966.000000 0.526926 2.013324 2013.324486 0.807158
 968.000000 0.577788 0.377889 377.888971 0.151499
 970.000000 0.576111 0.411196 411.196187 0.164852
 972.000000 0.751133 4.520273 4520.272800 1.812213
 974.000000 0.744467 4.083258 4083.258260 1.637010
 976.000000 0.703086 1.867075 1867.075472 0.748525
 978.000000 0.712303 2.286594 2286.593701 0.916713
 980.000000 0.519936 2.339187 2339.187480 0.937799
 982.000000 0.551316 1.067667 1067.667156 0.428036
 984.000000 0.661872 0.510878 510.877895 0.204815
 986.000000 0.676834 0.905026 905.025520 0.362832
 988.000000 0.528218 1.955777 1955.777484 0.784087
 990.000000 0.540389 1.454555 1454.554619 0.583142
 992.000000 0.537318 1.574045 1574.044773 0.631047
 994.000000 0.574584 0.442740 442.739867 0.177498
 996.000000 0.565960 0.642800 642.800052 0.257704
 998.000000 0.605996 0.028466 28.465655 0.011412
 1000.000000 0.599516 0.073532 73.532185 0.029480
 1002.000000 0.639768 0.133413 133.413156 0.053486
 1004.000000 0.662449 0.524012 524.012147 0.210081
 1006.000000 0.716057 2.469616 2469.616155 0.990089
 1008.000000 0.736502 3.590156 3590.155777 1.439322
 1010.000000 0.706396 2.012856 2012.856001 0.806970
 1012.000000 0.537619 1.562116 1562.116414 0.626265
 1014.000000 0.549312 1.134162 1134.162114 0.454695
 1016.000000 0.489919 4.016274 4016.274343 1.610156
 1018.000000 0.525357 2.084384 2084.383718 0.835646
 1020.000000 0.638824 0.122740 122.740247 0.049208
 1022.000000 0.629084 0.038547 38.547183 0.015454
 1024.000000 0.583264 0.278942 278.942477 0.111830
 1026.000000 0.527286 1.997204 1997.204201 0.800695
 1028.000000 0.578091 0.372029 372.029072 0.149149
 1030.000000 0.603253 0.044983 44.982588 0.018034
 1032.000000 0.589928 0.178740 178.740438 0.071658
 1034.000000 0.692713 1.445773 1445.772807 0.579622
 1036.000000 0.731120 3.274894 3274.894095 1.312931
 1038.000000 0.619085 0.001462 1.461597 0.000586
 1040.000000 0.647247 0.233796 233.795730 0.093731
 1042.000000 0.675938 0.878278 878.277769 0.352108
 1044.000000 0.584675 0.255874 255.874182 0.102582
 1046.000000 0.603459 0.043609 43.608803 0.017483
 1048.000000 0.770860 5.943896 5943.896447 2.382955
 1050.000000 0.739164 3.751412 3751.412263 1.503971
 1052.000000 0.658441 0.436284 436.283695 0.174910
 1054.000000 0.686464 1.217928 1217.928186 0.488277
 1056.000000 0.698860 1.688935 1688.934713 0.677107
 1058.000000 0.685229 1.175203 1175.203313 0.471148
 1060.000000 0.549647 1.122899 1122.899370 0.450179
 1062.000000 0.684709 1.157450 1157.449678 0.464031
 1064.000000 0.715021 2.418418 2418.417803 0.969563
 1066.000000 0.649867 0.275574 275.573510 0.110480
 1068.000000 0.671887 0.762328 762.327764 0.305623
 1070.000000 0.668715 0.677259 677.259369 0.271519
 1072.000000 0.664385 0.569264 569.264328 0.228223
 1074.000000 0.557140 0.885869 885.868675 0.355152
 1076.000000 0.572221 0.493865 493.865036 0.197994
 1078.000000 0.588618 0.196679 196.679017 0.078850
 1080.000000 0.747980 4.310790 4310.790472 1.728230
 1082.000000 0.543722 1.330245 1330.244878 0.533306
 1084.000000 0.571140 0.518171 518.170733 0.207739
 1086.000000 0.551243 1.070051 1070.051238 0.428992
 1088.000000 0.587072 0.218959 218.958900 0.087782
 1090.000000 0.529853 1.884145 1884.144657 0.755368
 1092.000000 0.574063 0.453765 453.764806 0.181918
 1094.000000 0.624647 0.015923 15.923001 0.006384
 1096.000000 0.611811 0.005893 5.893258 0.002363
 1098.000000 0.651081 0.296081 296.080636 0.118701
 1100.000000 0.795291 7.976643 7976.642686 3.197899
 1102.000000 0.798426 8.259147 8259.147106 3.311157
 1104.000000 0.691893 1.414734 1414.734377 0.567178
 1106.000000 0.732766 3.369772 3369.771809 1.350968
 1108.000000 0.606978 0.023468 23.468489 0.009409
 1110.000000 0.535480 1.647822 1647.822009 0.660625
 1112.000000 0.556490 0.905299 905.299244 0.362942
 1114.000000 0.698219 1.662688 1662.688102 0.666585
 1116.000000 0.624027 0.013545 13.544586 0.005430
 1118.000000 0.672665 0.783951 783.951265 0.314292
 1120.000000 0.750464 4.475454 4475.453642 1.794245
 1122.000000 0.706003 1.995244 1995.243940 0.799909
 1124.000000 0.677404 0.922252 922.252145 0.369738
 1126.000000 0.565685 0.649780 649.779776 0.260502
 1128.000000 0.621213 0.005167 5.167481 0.002072
 1130.000000 0.596901 0.097670 97.670088 0.039157
 1132.000000 0.510097 2.839265 2839.264834 1.138284
 1134.000000 0.545418 1.269092 1269.091560 0.508789
 1136.000000 0.554083 0.979191 979.190778 0.392565
 1138.000000 0.544994 1.284238 1284.238438 0.514861
 1140.000000 0.526315 2.040835 2040.835295 0.818187
 1142.000000 0.656371 0.394099 394.098893 0.157997
 1144.000000 0.554450 0.967717 967.716665 0.387965
 1146.000000 0.509845 2.852690 2852.690451 1.143666
 1148.000000 0.511103 2.785944 2785.944457 1.116907
 1150.000000 0.534152 1.702160 1702.159725 0.682409
 1152.000000 0.726372 3.008834 3008.834487 1.206265
 1154.000000 0.733598 3.418244 3418.244194 1.370401
 1156.000000 0.669561 0.699458 699.458046 0.280418
 1158.000000 0.581641 0.306702 306.701582 0.122959
 1160.000000 0.576774 0.397861 397.861322 0.159506
 1162.000000 0.703815 1.898722 1898.722454 0.761213
 1164.000000 0.612689 0.003956 3.955681 0.001586
 1166.000000 0.542974 1.357659 1357.658647 0.544296
 1168.000000 0.576663 0.400074 400.073702 0.160393
 1170.000000 0.575728 0.418988 418.987720 0.167975
 1172.000000 0.550921 1.080607 1080.607322 0.433224
 1174.000000 0.548735 1.153690 1153.690123 0.462523
 1176.000000 0.596776 0.098909 98.909187 0.039653
 1178.000000 0.549836 1.116599 1116.599183 0.447653
 1180.000000 0.520443 2.314742 2314.742410 0.927998
 1182.000000 0.558728 0.839215 839.215077 0.336448
 1184.000000 0.573986 0.455415 455.415437 0.182580
 1186.000000 0.678616 0.959440 959.440028 0.384647
 1188.000000 0.527317 1.995859 1995.858649 0.800155
 1190.000000 0.546007 1.248206 1248.206374 0.500416
 1192.000000 0.575137 0.431177 431.177207 0.172862
 1194.000000 0.547910 1.181879 1181.879107 0.473825
 1196.000000 0.654567 0.359114 359.114320 0.143972
 1198.000000 0.631086 0.051976 51.976182 0.020838
 1200.000000 0.662151 0.517195 517.194777 0.207347
 1202.000000 0.724640 2.914554 2914.553708 1.168468
 1204.000000 0.523484 2.170755 2170.755320 0.870273
 1206.000000 0.570540 0.531921 531.920904 0.213251
 1208.000000 0.597873 0.088305 88.304764 0.035402
 1210.000000 0.734731 3.484811 3484.811038 1.397088
 1212.000000 0.682505 1.083683 1083.682953 0.434457
 1214.000000 0.636064 0.094066 94.065902 0.037712
 1216.000000 0.727806 3.088005 3088.005172 1.238006
 1218.000000 0.799401 8.347978 8347.977848 3.346770
 1220.000000 0.645819 0.212472 212.471918 0.085182
 1222.000000 0.530627 1.850711 1850.711252 0.741965
 1224.000000 0.550109 1.107481 1107.480529 0.443998
 1226.000000 0.551705 1.055014 1055.013817 0.422963
 1228.000000 0.537744 1.557182 1557.181560 0.624286
 1230.000000 0.549685 1.121632 1121.632469 0.449671
 1232.000000 0.534799 1.675569 1675.568859 0.671749
 1234.000000 0.536815 1.594071 1594.070848 0.639076
 1236.000000 0.663944 0.558794 558.793830 0.224025
 1238.000000 0.635231 0.086159 86.159317 0.034542
 1240.000000 0.729225 3.167323 3167.323354 1.269805
 1242.000000 0.675926 0.877919 877.918821 0.351965
 1244.000000 0.675231 0.857445 857.445182 0.343757
 1246.000000 0.553250 1.005412 1005.411559 0.403077
 1248.000000 0.663869 0.557026 557.025686 0.223316
 1250.000000 0.559172 0.826397 826.396597 0.331309
 1252.000000 0.557874 0.864139 864.138659 0.346440
 1254.000000 0.636560 0.098932 98.932362 0.039663
 1256.000000 0.766983 5.648786 5648.786477 2.264643
 1258.000000 0.702145 1.826652 1826.652373 0.732319
 1260.000000 0.730672 3.249310 3249.309610 1.302674
 1262.000000 0.729242 3.168328 3168.328109 1.270208
 1264.000000 0.712120 2.277847 2277.846615 0.913207
 1266.000000 0.745552 4.152870 4152.869987 1.664918
 1268.000000 0.701727 1.808832 1808.832338 0.725175
 1270.000000 0.660630 0.483190 483.189621 0.193715
 1272.000000 0.709648 2.161402 2161.401979 0.866523
 1274.000000 0.577174 0.389910 389.909715 0.156318
 1276.000000 0.708972 2.130063 2130.063363 0.853959
 1278.000000 0.678382 0.952209 952.209247 0.381748
 1280.000000 0.695442 1.551407 1551.407231 0.621971
 1282.000000 0.531016 1.834005 1834.005406 0.735267
 1284.000000 0.607044 0.023150 23.149703 0.009281
 1286.000000 0.647448 0.236872 236.871613 0.094964
 1288.000000 0.700690 1.764985 1764.985127 0.707596
 1290.000000 0.695098 1.537878 1537.878362 0.616548
 1292.000000 0.698782 1.685730 1685.730237 0.675823
 1294.000000 0.753387 4.673101 4673.101059 1.873483
 1296.000000 0.717331 2.533313 2533.313403 1.015625
 1298.000000 0.726356 3.007915 3007.915193 1.205897
 1300.000000 0.753739 4.697226 4697.226440 1.883155
 1302.000000 0.680018 1.003333 1003.333279 0.402244
 1304.000000 0.663841 0.556349 556.349330 0.223045
 1306.000000 0.587647 0.210539 210.539369 0.084407
 1308.000000 0.618281 0.000651 0.651362 0.000261
 1310.000000 0.680981 1.034068 1034.067577 0.414566
 1312.000000 0.663105 0.539119 539.119466 0.216137
 1314.000000 0.534708 1.679317 1679.317175 0.673251
 1316.000000 0.654981 0.366994 366.994186 0.147131
 1318.000000 0.839448 12.407852 12407.852267 4.974406
 1320.000000 0.723031 2.828332 2828.331549 1.133900
 1322.000000 0.723822 2.870547 2870.546962 1.150825
 1324.000000 0.567759 0.597996 597.995874 0.239741
 1326.000000 0.637084 0.104216 104.215613 0.041781
 1328.000000 0.606075 0.028047 28.047254 0.011244
 1330.000000 0.600968 0.061611 61.610778 0.024700
 1332.000000 0.565466 0.655376 655.375941 0.262745
 1334.000000 0.638497 0.119136 119.136185 0.047763
 1336.000000 0.532988 1.750533 1750.533307 0.701803
 1338.000000 0.454437 6.579624 6579.623938 2.637823
 1340.000000 0.511136 2.784158 2784.157911 1.116191
 1342.000000 0.568715 0.574851 574.850563 0.230462
 1344.000000 0.624270 0.014454 14.454281 0.005795
 1346.000000 0.529669 1.892140 1892.139585 0.758574
 1348.000000 0.523987 2.147388 2147.387718 0.860905
 1350.000000 0.520379 2.317852 2317.851845 0.929245
 1352.000000 0.554115 0.978187 978.187350 0.392163
 1354.000000 0.606353 0.026594 26.593898 0.010662
 1356.000000 0.614112 0.001631 1.630949 0.000654
 1358.000000 0.599511 0.073579 73.578716 0.029498
 1360.000000 0.646141 0.217178 217.177653 0.087068
 1362.000000 0.572643 0.484531 484.530833 0.194252
 1364.000000 0.682523 1.084251 1084.251330 0.434685
 1366.000000 0.558962 0.832469 832.469223 0.333743
 1368.000000 0.550477 1.095268 1095.267779 0.439101
 1370.000000 0.561120 0.771358 771.358078 0.309244
 1372.000000 0.604077 0.039623 39.623346 0.015885
 1374.000000 0.549089 1.141693 1141.693296 0.457714
 1376.000000 0.595657 0.110356 110.356280 0.044243
 1378.000000 0.640922 0.147083 147.082590 0.058967
 1380.000000 0.601686 0.056102 56.101818 0.022492
 1382.000000 0.620584 0.003836 3.835763 0.001538
 1384.000000 0.556673 0.899807 899.807330 0.360740
 1386.000000 0.661297 0.497965 497.964875 0.199638
 1388.000000 0.625882 0.021231 21.231422 0.008512
 1390.000000 0.610721 0.008839 8.838577 0.003543
 1392.000000 0.549257 1.136010 1136.010098 0.455435
 1394.000000 0.538688 1.520179 1520.179077 0.609452
 1396.000000 0.509062 2.894701 2894.701232 1.160509
 1398.000000 0.556045 0.918753 918.753018 0.368335
 1400.000000 0.559424 0.819194 819.194176 0.328421
 1402.000000 0.540433 1.452892 1452.891763 0.582476
 1404.000000 0.650731 0.290102 290.102130 0.116304
 1406.000000 0.554151 0.977064 977.064106 0.391713
 1408.000000 0.558003 0.860353 860.352638 0.344922
 1410.000000 0.500387 3.380228 3380.228002 1.355160
 1412.000000 0.721196 2.731576 2731.576321 1.095110
 1414.000000 0.620241 0.003194 3.194472 0.001281
 1416.000000 0.589186 0.188792 188.792105 0.075688
 1418.000000 0.616980 0.000025 0.024586 0.000010
 1420.000000 0.557015 0.889592 889.592271 0.356645
 1422.000000 0.476875 4.885407 4885.407007 1.958598
 1424.000000 0.553812 0.987664 987.663795 0.395962
 1426.000000 0.548259 1.169900 1169.900352 0.469022
 1428.000000 0.518431 2.412542 2412.541811 0.967207
 1430.000000 0.607288 0.021991 21.991282 0.008816
 1432.000000 0.620718 0.004103 4.102754 0.001645
 1434.000000 0.630509 0.047904 47.903727 0.019205
 1436.000000 0.623594 0.011998 11.998036 0.004810
 1438.000000 0.608087 0.018404 18.403635 0.007378
 1440.000000 0.536857 1.592408 1592.408396 0.638409
 1442.000000 0.578650 0.361316 361.315847 0.144854
 1444.000000 0.464597 5.781298 5781.298251 2.317768
 1446.000000 0.683348 1.111605 1111.605488 0.445651
 1448.000000 0.590296 0.173850 173.849536 0.069698
 1450.000000 0.573976 0.455631 455.630882 0.182666
 1452.000000 0.559735 0.810299 810.298602 0.324855
 1454.000000 0.606044 0.028213 28.212848 0.011311
 1456.000000 0.676653 0.899599 899.599362 0.360656
 1458.000000 0.541395 1.416457 1416.456695 0.567869
 1460.000000 0.514150 2.627426 2627.425716 1.053356
 1462.000000 0.638869 0.123231 123.231026 0.049404
 1464.000000 0.696197 1.581280 1581.279752 0.633948
 1466.000000 0.673936 0.819949 819.948659 0.328724
 1468.000000 0.652824 0.326843 326.843221 0.131034
 1470.000000 0.536900 1.590693 1590.692590 0.637721
 1472.000000 0.714054 2.371072 2371.071757 0.950581
 1474.000000 0.647398 0.236110 236.109686 0.094658
 1476.000000 0.722317 2.790500 2790.500069 1.118733
 1478.000000 0.507829 2.961389 2961.389090 1.187244
 1480.000000 0.685964 1.200531 1200.530849 0.481302
 1482.000000 0.694795 1.525995 1525.995235 0.611784
 1484.000000 0.651601 0.305103 305.102614 0.122318
 1486.000000 0.597391 0.092888 92.887769 0.037239
 1488.000000 0.546220 1.240688 1240.688375 0.497402
 1490.000000 0.506295 3.045493 3045.493372 1.220962
 1492.000000 0.537093 1.583007 1583.007334 0.634640
 1494.000000 0.741763 3.912296 3912.296076 1.568470
 1496.000000 0.732640 3.362478 3362.478470 1.348044
 1498.000000 0.573728 0.460941 460.940607 0.184795
 1500.000000 0.709150 2.138288 2138.287803 0.857256
 1502.000000 0.620114 0.002972 2.971665 0.001191
 1504.000000 0.571550 0.508882 508.881531 0.204015
 1506.000000 0.540670 1.443867 1443.867159 0.578858
 1508.000000 0.554050 0.980209 980.209421 0.392974
 1510.000000 0.557725 0.868521 868.521420 0.348197
 1512.000000 0.612389 0.004574 4.573839 0.001834
 1514.000000 0.598669 0.080980 80.979702 0.032465
 1516.000000 0.540053 1.467405 1467.404865 0.588294
 1518.000000 0.588257 0.201771 201.771095 0.080892
 1520.000000 0.662349 0.521708 521.708296 0.209157
 1522.000000 0.630928 0.050843 50.843158 0.020383
 1524.000000 0.668110 0.661608 661.608251 0.265244
 1526.000000 0.584645 0.256351 256.351086 0.102773
 1528.000000 0.506497 3.034341 3034.341083 1.216491
 1530.000000 0.481878 4.542007 4542.006815 1.820926
 1532.000000 0.543459 1.339835 1339.835425 0.537151
 1534.000000 0.598871 0.079170 79.170302 0.031740
 1536.000000 0.590932 0.165565 165.564849 0.066376
 1538.000000 0.628845 0.037080 37.079933 0.014866
 1540.000000 0.612920 0.003509 3.508832 0.001407
 1542.000000 0.717856 2.559802 2559.801719 1.026245
 1544.000000 0.663811 0.555645 555.645078 0.222762
 1546.000000 0.684747 1.158722 1158.722448 0.464541
 1548.000000 0.741544 3.898566 3898.566366 1.562966
 1550.000000 0.609408 0.013170 13.170345 0.005280
 1552.000000 0.647288 0.234420 234.420445 0.093981
 1554.000000 0.619368 0.001824 1.823803 0.000731
 1556.000000 0.575039 0.433208 433.207865 0.173676
 1558.000000 0.796185 8.056750 8056.750387 3.230015
 1560.000000 0.727750 3.084869 3084.869447 1.236748
 1562.000000 0.587350 0.214873 214.872791 0.086144
 1564.000000 0.611930 0.005610 5.609765 0.002249
 1566.000000 0.571158 0.517749 517.749168 0.207570
 1568.000000 0.654048 0.349333 349.332576 0.140050
 1570.000000 0.555297 0.941564 941.564238 0.377481
 1572.000000 0.537692 1.559266 1559.266479 0.625122
 1574.000000 0.575289 0.428023 428.022594 0.171598
 1576.000000 0.714518 2.393738 2393.738193 0.959668
 1578.000000 0.741224 3.878606 3878.605688 1.554964
 1580.000000 0.736367 3.582061 3582.061169 1.436077
 1582.000000 0.672761 0.786632 786.632123 0.315367
 1584.000000 0.615015 0.000682 0.681627 0.000273
 1586.000000 0.641097 0.149214 149.214183 0.059821
 1588.000000 0.563208 0.714460 714.460080 0.286433
 1590.000000 0.575866 0.416171 416.171098 0.166846
 1592.000000 0.624116 0.013872 13.871845 0.005561
 1594.000000 0.639685 0.132464 132.464374 0.053106
 1596.000000 0.624560 0.015578 15.577739 0.006245
 1598.000000 0.577462 0.384257 384.256941 0.154052
 1600.000000 0.581885 0.302446 302.446273 0.121253
 1602.000000 0.590497 0.171214 171.214411 0.068641
 1604.000000 0.525414 2.081746 2081.745969 0.834588
 1606.000000 0.553362 1.001856 1001.855844 0.401652
 1608.000000 0.610573 0.009284 9.283869 0.003722
 1610.000000 0.605305 0.032274 32.273705 0.012939
 1612.000000 0.546450 1.232607 1232.606518 0.494162
 1614.000000 0.528101 1.960985 1960.984904 0.786174
 1616.000000 0.717121 2.522745 2522.745026 1.011388
 1618.000000 0.545063 1.281775 1281.774599 0.513874
 1620.000000 0.606095 0.027940 27.939956 0.011201
 1622.000000 0.603603 0.042662 42.662048 0.017104
 1624.000000 0.625316 0.018701 18.700869 0.007497
 1626.000000 0.567003 0.616620 616.619683 0.247208
 1628.000000 0.566529 0.628451 628.450517 0.251951
 1630.000000 0.513139 2.679513 2679.512937 1.074238
 1632.000000 0.584623 0.256693 256.692835 0.102910
 1634.000000 0.603319 0.044541 44.540592 0.017857
 1636.000000 0.629555 0.041525 41.524789 0.016648
 1638.000000 0.544957 1.285562 1285.562284 0.515392
 1640.000000 0.709880 2.172170 2172.169531 0.870840
 1642.000000 0.638575 0.119991 119.991140 0.048105
 1644.000000 0.552378 1.033271 1033.270669 0.414246
 1646.000000 0.626057 0.022044 22.043762 0.008838
 1648.000000 0.621004 0.004703 4.703247 0.001886
 1650.000000 0.606274 0.026999 26.999403 0.010824
 1652.000000 0.477219 4.861411 4861.410548 1.948978
 1654.000000 0.546046 1.246812 1246.811831 0.499857
 1656.000000 0.648762 0.257530 257.529531 0.103246
 1658.000000 0.732983 3.382362 3382.362312 1.356016
 1660.000000 0.654385 0.355663 355.663148 0.142588
 1662.000000 0.676530 0.895901 895.900591 0.359174
 1664.000000 0.646152 0.217346 217.345540 0.087136
 1666.000000 0.754312 4.736530 4736.530029 1.898912
 1668.000000 0.667062 0.634926 634.926159 0.254547
 1670.000000 0.587374 0.214516 214.516008 0.086001
 1672.000000 0.504838 3.126400 3126.400007 1.253398
 1674.000000 0.575837 0.416767 416.766812 0.167085
 1676.000000 0.675578 0.867651 867.650834 0.347848
 1678.000000 0.727710 3.082683 3082.683117 1.235872
 1680.000000 0.598739 0.080351 80.351341 0.032213
 1682.000000 0.602341 0.051303 51.302865 0.020568
 1684.000000 0.595130 0.115957 115.957398 0.046488
 1686.000000 0.560783 0.780744 780.743786 0.313006
 1688.000000 0.490214 3.997553 3997.552552 1.602650
 1690.000000 0.589427 0.185496 185.496491 0.074367
 1692.000000 0.676257 0.887758 887.757688 0.355909
 1694.000000 0.677916 0.937879 937.879229 0.376003
 1696.000000 0.683758 1.125297 1125.296773 0.451140
 1698.000000 0.635612 0.089733 89.733100 0.035975
 1700.000000 0.708792 2.121787 2121.786686 0.850641
 1702.000000 0.635568 0.089312 89.312156 0.035806
 1704.000000 0.495964 3.642293 3642.292737 1.460224
 1706.000000 0.575709 0.419387 419.387081 0.168136
 1708.000000 0.533037 1.748490 1748.490482 0.700984
 1710.000000 0.568663 0.576079 576.078853 0.230955
 1712.000000 0.635366 0.087419 87.419461 0.035047
 1714.000000 0.712283 2.285617 2285.616687 0.916322
 1716.000000 0.689116 1.312225 1312.225140 0.526081
 1718.000000 0.706578 2.021027 2021.027327 0.810246
 1720.000000 0.575651 0.420579 420.579032 0.168613
 1722.000000 0.598678 0.080899 80.899153 0.032433
 1724.000000 0.575199 0.429897 429.896959 0.172349
 1726.000000 0.544874 1.288538 1288.538160 0.516585
 1728.000000 0.531297 1.821983 1821.983089 0.730447
 1730.000000 0.483315 4.445682 4445.681769 1.782309
 1732.000000 0.600151 0.068193 68.192671 0.027339
 1734.000000 0.664249 0.566009 566.009209 0.226918
 1736.000000 0.728236 3.111921 3111.921089 1.247594
 1738.000000 0.654637 0.360436 360.436189 0.144502
 1740.000000 0.653496 0.339097 339.097397 0.135947
 1742.000000 0.584131 0.264643 264.643323 0.106098
 1744.000000 0.548094 1.175552 1175.551884 0.471288
 1746.000000 0.520267 2.323227 2323.226769 0.931400
 1748.000000 0.719829 2.660605 2660.604746 1.066657
 1750.000000 0.661374 0.499677 499.677178 0.200325
 1752.000000 0.699509 1.715708 1715.708276 0.687841
 1754.000000 0.466390 5.645743 5645.742692 2.263423
 1756.000000 0.470360 5.351413 5351.413095 2.145424
 1758.000000 0.559277 0.823405 823.404936 0.330110
 1760.000000 0.748746 4.361258 4361.257809 1.748463
 1762.000000 0.737324 3.639527 3639.527232 1.459115
 1764.000000 0.682315 1.077424 1077.424180 0.431948
 1766.000000 0.649893 0.275990 275.990410 0.110647
 1768.000000 0.662979 0.536211 536.211463 0.214971
 1770.000000 0.599963 0.069751 69.751098 0.027964
 1772.000000 0.683942 1.131506 1131.505629 0.453630
 1774.000000 0.575862 0.416265 416.264841 0.166884
 1776.000000 0.659083 0.449782 449.781933 0.180321
 1778.000000 0.566070 0.640007 640.006672 0.256584
 1780.000000 0.574299 0.448751 448.751118 0.179908
 1782.000000 0.562405 0.736078 736.078475 0.295100
 1784.000000 0.536780 1.595474 1595.473523 0.639638
 1786.000000 0.512581 2.708475 2708.474973 1.085849
 1788.000000 0.547658 1.190565 1190.564699 0.477307
 1790.000000 0.539800 1.477115 1477.114760 0.592187
 1792.000000 0.574567 0.443086 443.086289 0.177637
 1794.000000 0.574758 0.439075 439.075051 0.176029
 1796.000000 0.615628 0.000270 0.269750 0.000108
 1798.000000 0.513031 2.685088 2685.087602 1.076473
 1800.000000 0.515145 2.576642 2576.641998 1.032996
 1802.000000 0.743230 4.004586 4004.586263 1.605470
 1804.000000 0.604586 0.036486 36.485683 0.014627
 1806.000000 0.611181 0.007524 7.524309 0.003017
 1808.000000 0.533772 1.717884 1717.883884 0.688713
 1810.000000 0.583766 0.270616 270.616003 0.108492
 1812.000000 0.523878 2.152414 2152.414252 0.862920
 1814.000000 0.613780 0.002084 2.083721 0.000835
 1816.000000 0.537626 1.561846 1561.845909 0.626156
 1818.000000 0.705451 1.970654 1970.654062 0.790051
 1820.000000 0.776699 6.402577 6402.576630 2.566843
 1822.000000 0.572101 0.496534 496.533776 0.199064
 1824.000000 0.494373 3.738944 3738.944390 1.498972
 1826.000000 0.629393 0.040493 40.492694 0.016234
 1828.000000 0.709349 2.147486 2147.486102 0.860944
 1830.000000 0.505189 3.106828 3106.828373 1.245552
 1832.000000 0.684413 1.147380 1147.379838 0.459994
 1834.000000 0.619961 0.002713 2.713460 0.001088
 1836.000000 0.773358 6.138067 6138.066630 2.460799
 1838.000000 0.603718 0.041919 41.918963 0.016806
 1840.000000 0.565349 0.658367 658.367357 0.263945
 1842.000000 0.495682 3.659331 3659.330504 1.467054
 1844.000000 0.588557 0.197541 197.540670 0.079196
 1846.000000 0.630216 0.045895 45.894860 0.018400
 1848.000000 0.587646 0.210552 210.552123 0.084412
 1850.000000 0.607215 0.022335 22.335270 0.008954
 1852.000000 0.544454 1.303661 1303.660820 0.522648
 1854.000000 0.537027 1.585629 1585.629358 0.635691
 1856.000000 0.482102 4.526931 4526.931385 1.814882
 1858.000000 0.433782 8.361658 8361.658223 3.352255
 1860.000000 0.634517 0.079660 79.660339 0.031936
 1862.000000 0.535573 1.644029 1644.028637 0.659104
 1864.000000 0.604278 0.038369 38.369311 0.015383
 1866.000000 0.584128 0.264688 264.687732 0.106115
 1868.000000 0.577615 0.381263 381.262608 0.152851
 1870.000000 0.689594 1.329607 1329.606810 0.533050
 1872.000000 0.646978 0.229693 229.692579 0.092086
 1874.000000 0.592568 0.145188 145.188269 0.058207
 1876.000000 0.591803 0.154556 154.556277 0.061963
 1878.000000 0.660183 0.473421 473.420533 0.189798
 1880.000000 0.578849 0.357543 357.543204 0.143342
 1882.000000 0.626099 0.022242 22.241871 0.008917
 1884.000000 0.581370 0.311456 311.455776 0.124865
 1886.000000 0.563725 0.700698 700.698287 0.280915
 1888.000000 0.578546 0.363290 363.290079 0.145646
 1890.000000 0.551565 1.059567 1059.566925 0.424789
 1892.000000 0.575953 0.414402 414.402240 0.166137
 1894.000000 0.564350 0.684260 684.259633 0.274325
 1896.000000 0.659382 0.456158 456.157932 0.182877
 1898.000000 0.700112 1.740776 1740.775872 0.697891
 1900.000000 0.713629 2.350434 2350.434075 0.942308
 1902.000000 0.578856 0.357407 357.407170 0.143287
 1904.000000 0.618019 0.000457 0.456970 0.000183
 1906.000000 0.683983 1.132859 1132.859403 0.454172
 1908.000000 0.638514 0.119322 119.322295 0.047837
 1910.000000 0.534792 1.675854 1675.853953 0.671863
 1912.000000 0.609516 0.012782 12.781664 0.005124
 1914.000000 0.539306 1.496165 1496.165125 0.599824
 1916.000000 0.605204 0.032851 32.850881 0.013170
 1918.000000 0.487347 4.180902 4180.901554 1.676156
 1920.000000 0.498498 3.490986 3490.985633 1.399564
 1922.000000 0.533247 1.739724 1739.724013 0.697469
 1924.000000 0.673451 0.806114 806.113615 0.323177
 1926.000000 0.623707 0.012391 12.391061 0.004968
 1928.000000 0.661511 0.502756 502.755525 0.201559
 1930.000000 0.663159 0.540394 540.394265 0.216648
 1932.000000 0.659293 0.454257 454.256701 0.182115
 1934.000000 0.716276 2.480519 2480.519369 0.994460
 1936.000000 0.662665 0.528952 528.951882 0.212061
 1938.000000 0.608194 0.017948 17.948212 0.007196
 1940.000000 0.700317 1.749365 1749.364985 0.701334
 1942.000000 0.570052 0.543227 543.227258 0.217784
 1944.000000 0.702110 1.825129 1825.129014 0.731709
 1946.000000 0.635013 0.084145 84.144638 0.033734
 1948.000000 0.668429 0.669844 669.843806 0.268546
 1950.000000 0.674062 0.823559 823.558997 0.330171
 1952.000000 0.626656 0.024944 24.944438 0.010000
 1954.000000 0.724785 2.922388 2922.387568 1.171608
 1956.000000 0.596268 0.104026 104.026023 0.041705
 1958.000000 0.526650 2.025742 2025.741987 0.812136
 1960.000000 0.527908 1.969541 1969.541282 0.789605
 1962.000000 0.577379 0.385882 385.881837 0.154703
 1964.000000 0.580639 0.324505 324.505207 0.130097
 1966.000000 0.650069 0.278935 278.934939 0.111827
 1968.000000 0.541645 1.407068 1407.068337 0.564105
 1970.000000 0.596800 0.098670 98.669673 0.039557
 1972.000000 0.569371 0.559221 559.221382 0.224196
 1974.000000 0.594537 0.122435 122.435157 0.049085
 1976.000000 0.559747 0.809971 809.970883 0.324724
 1978.000000 0.689740 1.334914 1334.914282 0.535178
 1980.000000 0.582549 0.290997 290.997086 0.116663
 1982.000000 0.583749 0.270899 270.898664 0.108605
 1984.000000 0.683904 1.130210 1130.210380 0.453110
 1986.000000 0.667419 0.643956 643.956049 0.258167
 1988.000000 0.611267 0.007288 7.288377 0.002922
 1990.000000 0.561495 0.760990 760.990095 0.305087
 1992.000000 0.563096 0.717456 717.456404 0.287634
 1994.000000 0.556459 0.906239 906.238971 0.363318
 1996.000000 0.586214 0.231844 231.844396 0.092948
 1998.000000 0.607058 0.023081 23.081219 0.009253
 2000.000000 0.496724 3.596543 3596.542947 1.441882
