#! FIELDS time d1 bb.bias bb.force2 lw
 0.000000 0.837001 51.453476 51453.476184 20.628104
 2.000000 0.439628 0.792272 792.272448 0.317628
 4.000000 0.472503 1.987818 1987.817960 0.796932
 6.000000 0.486672 2.669718 2669.717873 1.070311
 8.000000 0.543535 6.416142 6416.142081 2.572282
 10.000000 0.496197 3.184535 3184.534630 1.276705
 12.000000 0.512994 4.202963 4202.963134 1.685001
 14.000000 0.475726 2.134096 2134.095927 0.855576
 16.000000 0.528454 5.264984 5264.984296 2.110774
 18.000000 0.511333 4.095996 4095.995727 1.642117
 20.000000 0.486639 2.668022 2668.021868 1.069631
 22.000000 0.488013 2.739449 2739.448839 1.098267
 24.000000 0.504807 3.688985 3688.985213 1.478943
 26.000000 0.531410 5.481702 5481.701573 2.197657
 28.000000 0.462358 1.561227 1561.226987 0.625908
 30.000000 0.504594 3.676010 3676.009957 1.473741
 32.000000 0.418026 0.300902 300.902203 0.120634
 34.000000 0.486487 2.660149 2660.149165 1.066475
 36.000000 0.486891 2.681062 2681.062136 1.074859
 38.000000 0.452666 1.201739 1201.738617 0.481786
 40.000000 0.454110 1.252348 1252.348278 0.502076
 42.000000 0.512343 4.160884 4160.883865 1.668131
 44.000000 0.459166 1.437650 1437.649847 0.576365
 46.000000 0.421714 0.368268 368.268176 0.147642
 48.000000 0.527776 5.215897 5215.897240 2.091094
 50.000000 0.492280 2.967368 2967.367799 1.189641
 52.000000 0.534507 5.713387 5713.386967 2.290542
 54.000000 0.541657 6.266572 6266.572220 2.512318
 56.000000 0.406060 0.129125 129.124671 0.051767
 58.000000 0.557042 7.543690 7543.690399 3.024325
 60.000000 0.528273 5.251885 5251.884576 2.105522
 62.000000 0.472031 1.966809 1966.808607 0.788509
 64.000000 0.344769 0.371797 371.796678 0.149056
 66.000000 0.566789 8.413988 8413.988090 3.373234
 68.000000 0.547793 6.761749 6761.749030 2.710838
 70.000000 0.560097 7.811340 7811.340191 3.131628
 72.000000 0.472807 2.001368 2001.368448 0.802364
 74.000000 0.288696 2.239069 2239.069081 0.897660
 76.000000 0.271307 3.137500 3137.499832 1.257848
 78.000000 0.285459 2.394842 2394.842082 0.960111
 80.000000 0.290580 2.150778 2150.778140 0.862264
 82.000000 0.291294 2.117814 2117.814269 0.849048
 84.000000 0.348066 0.310945 310.945486 0.124660
 86.000000 0.290607 2.149536 2149.535767 0.861766
 88.000000 0.459776 1.460886 1460.885547 0.585681
 90.000000 0.476243 2.158039 2158.039076 0.865175
 92.000000 0.488163 2.747294 2747.294104 1.101412
 94.000000 0.487909 2.734006 2734.006446 1.096085
 96.000000 0.437287 0.727752 727.751707 0.291761
 98.000000 0.488535 2.766851 2766.850806 1.109252
 100.000000 0.488127 2.745452 2745.452163 1.100673
 102.000000 0.480991 2.384265 2384.264996 0.955871
 104.000000 0.518829 4.589746 4589.746300 1.840065
 106.000000 0.515229 4.349149 4349.148839 1.743608
 108.000000 0.524066 4.951423 4951.423349 1.985065
 110.000000 0.479598 2.316725 2316.725450 0.928793
 112.000000 0.557989 7.626141 7626.140949 3.057380
 114.000000 0.412895 0.218472 218.472447 0.087587
 116.000000 0.503894 3.633736 3633.735871 1.456793
 118.000000 0.449048 1.079615 1079.615201 0.432826
 120.000000 0.469913 1.874022 1874.022321 0.751310
 122.000000 0.461733 1.536612 1536.611537 0.616040
 124.000000 0.419611 0.329013 329.012594 0.131904
 126.000000 0.311481 1.290703 1290.702943 0.517453
 128.000000 0.420178 0.339390 339.390261 0.136064
 130.000000 0.492832 2.997494 2997.494172 1.201719
 132.000000 0.442215 0.866769 866.769440 0.347495
 134.000000 0.478980 2.287055 2287.055090 0.916898
 136.000000 0.507661 3.864335 3864.334856 1.549242
 138.000000 0.424566 0.425026 425.025872 0.170396
 140.000000 0.394973 0.033873 33.872717 0.013580
 142.000000 0.440395 0.814006 814.005790 0.326341
 144.000000 0.499689 3.384673 3384.672869 1.356942
 146.000000 0.478804 2.278655 2278.654647 0.913531
 148.000000 0.512277 4.156599 4156.599216 1.666413
 150.000000 0.419450 0.326112 326.112023 0.130741
 152.000000 0.475816 2.138272 2138.272030 0.857250
 154.000000 0.429878 0.541592 541.592481 0.217129
 156.000000 0.416519 0.275321 275.320587 0.110378
 158.000000 0.456110 1.324123 1324.123143 0.530851
 160.000000 0.413137 0.222060 222.059566 0.089025
 162.000000 0.474280 2.067808 2067.808086 0.829001
 164.000000 0.474031 2.056533 2056.532966 0.824480
 166.000000 0.511348 4.096932 4096.932234 1.642492
 168.000000 0.480134 2.342609 2342.609391 0.939171
 170.000000 0.471652 1.950057 1950.057122 0.781793
 172.000000 0.553263 7.219057 7219.057198 2.894177
 174.000000 0.507901 3.879298 3879.297968 1.555241
 176.000000 0.521493 4.772031 4772.031151 1.913145
 178.000000 0.455152 1.289481 1289.481140 0.516963
 180.000000 0.549981 6.942873 6942.873047 2.783452
 182.000000 0.407896 0.150835 150.834998 0.060471
 184.000000 0.463782 1.618013 1618.013470 0.648674
 186.000000 0.488382 2.758802 2758.802010 1.106025
 188.000000 0.514068 4.272883 4272.883433 1.713033
 190.000000 0.507190 3.835116 3835.116023 1.537528
 192.000000 0.429759 0.538824 538.824135 0.216019
 194.000000 0.482639 2.465422 2465.422247 0.988407
 196.000000 0.542669 6.346944 6346.944409 2.544540
 198.000000 0.520777 4.722690 4722.690449 1.893364
 200.000000 0.445154 0.955459 955.458868 0.383051
 202.000000 0.511926 4.134001 4134.000935 1.657354
 204.000000 0.543149 6.385233 6385.233412 2.559890
 206.000000 0.441520 0.846409 846.408986 0.339332
 208.000000 0.494459 3.087231 3087.230787 1.237695
 210.000000 0.504933 3.696600 3696.600111 1.481996
 212.000000 0.487705 2.723341 2723.340900 1.091809
 214.000000 0.470408 1.895500 1895.500286 0.759921
 216.000000 0.524629 4.991110 4991.109591 2.000975
 218.000000 0.535726 5.805849 5805.849260 2.327611
 220.000000 0.470705 1.908442 1908.442168 0.765109
 222.000000 0.469136 1.840506 1840.506054 0.737873
 224.000000 0.461721 1.536166 1536.166167 0.615861
 226.000000 0.482189 2.443124 2443.123738 0.979468
 228.000000 0.432746 0.610391 610.390592 0.244710
 230.000000 0.506300 3.780175 3780.174516 1.515502
 232.000000 0.462274 1.557907 1557.907212 0.624577
 234.000000 0.478272 2.253325 2253.325105 0.903376
 236.000000 0.470727 1.909422 1909.421915 0.765502
 238.000000 0.486844 2.678619 2678.618629 1.073879
 240.000000 0.472593 1.991837 1991.836781 0.798543
 242.000000 0.470011 1.878253 1878.253054 0.753006
 244.000000 0.514616 4.308777 4308.777258 1.727423
 246.000000 0.518450 4.564125 4564.124587 1.829793
 248.000000 0.445544 0.967535 967.535102 0.387892
 250.000000 0.484218 2.544431 2544.430997 1.020082
 252.000000 0.568002 8.525605 8525.605040 3.417982
 254.000000 0.485751 2.622364 2622.364161 1.051326
 256.000000 0.515706 4.380632 4380.631755 1.756230
 258.000000 0.281119 2.611930 2611.929665 1.047143
 260.000000 0.273679 3.006031 3006.030807 1.205141
 262.000000 0.285205 2.407311 2407.310548 0.965110
 264.000000 0.264032 3.558206 3558.205717 1.426513
 266.000000 0.462749 1.576695 1576.694658 0.632109
 268.000000 0.528158 5.243563 5243.562702 2.102186
 270.000000 0.463318 1.599388 1599.387596 0.641207
 272.000000 0.436102 0.696127 696.126569 0.279083
 274.000000 0.464402 1.643046 1643.046116 0.658710
 276.000000 0.514234 4.283742 4283.741928 1.717386
 278.000000 0.458466 1.411224 1411.223509 0.565771
 280.000000 0.486415 2.656464 2656.463576 1.064997
 282.000000 0.502181 3.531207 3531.207405 1.415689
 284.000000 0.492971 3.005114 3005.114010 1.204774
 286.000000 0.490350 2.863116 2863.115832 1.147846
 288.000000 0.526227 5.104644 5104.643667 2.046492
 290.000000 0.456713 1.346158 1346.157539 0.539685
 292.000000 0.501235 3.475172 3475.171962 1.393224
 294.000000 0.474181 2.063331 2063.330770 0.827206
 296.000000 0.435400 0.677738 677.737625 0.271710
 298.000000 0.532033 5.527923 5527.923083 2.216188
 300.000000 0.490914 2.893401 2893.400940 1.159987
 302.000000 0.508871 3.939904 3939.903938 1.579539
 304.000000 0.476086 2.150743 2150.743163 0.862250
 306.000000 0.521067 4.742630 4742.629878 1.901358
 308.000000 0.462428 1.563989 1563.989478 0.627016
 310.000000 0.525892 5.080725 5080.724587 2.036902
 312.000000 0.502310 3.538842 3538.842430 1.418750
 314.000000 0.452561 1.198132 1198.132212 0.480341
 316.000000 0.460784 1.499633 1499.632532 0.601214
 318.000000 0.487913 2.734251 2734.250969 1.096183
 320.000000 0.494300 3.078375 3078.374710 1.234145
 322.000000 0.504710 3.683081 3683.081394 1.476576
 324.000000 0.537924 5.974576 5974.576139 2.395255
 326.000000 0.470863 1.915371 1915.370740 0.767887
 328.000000 0.492630 2.986461 2986.460783 1.197296
 330.000000 0.459707 1.458232 1458.231599 0.584617
 332.000000 0.494134 3.069171 3069.170990 1.230455
 334.000000 0.492505 2.979588 2979.587939 1.194540
 336.000000 0.570179 8.727870 8727.869669 3.499072
 338.000000 0.556975 7.537893 7537.892833 3.022001
 340.000000 0.493718 3.046168 3046.168352 1.221233
 342.000000 0.576296 9.308686 9308.686314 3.731926
 344.000000 0.431956 0.591050 591.049920 0.236957
 346.000000 0.469237 1.844855 1844.854762 0.739617
 348.000000 0.472580 1.991263 1991.263026 0.798313
 350.000000 0.491653 2.933286 2933.286189 1.175978
 352.000000 0.471989 1.964964 1964.964124 0.787770
 354.000000 0.452440 1.193938 1193.937647 0.478659
 356.000000 0.569603 8.674089 8674.089365 3.477511
 358.000000 0.541584 6.260837 6260.837306 2.510019
 360.000000 0.598485 11.572590 11572.589863 4.639542
 362.000000 0.541343 6.241792 6241.791717 2.502383
 364.000000 0.463910 1.623154 1623.153963 0.650735
 366.000000 0.481595 2.413835 2413.834940 0.967725
 368.000000 0.433018 0.617130 617.130286 0.247412
 370.000000 0.502375 3.542704 3542.704363 1.420298
 372.000000 0.546331 6.642033 6642.033328 2.662843
 374.000000 0.468679 1.820969 1820.968618 0.730041
 376.000000 0.519344 4.624711 4624.711468 1.854083
 378.000000 0.504283 3.657218 3657.217588 1.466207
 380.000000 0.509504 3.979786 3979.785508 1.595527
 382.000000 0.476740 2.181180 2181.180381 0.874452
 384.000000 0.463618 1.611414 1611.414461 0.646029
 386.000000 0.470249 1.888566 1888.566468 0.757141
 388.000000 0.395618 0.037726 37.725539 0.015124
 390.000000 0.487102 2.691971 2691.970969 1.079232
 392.000000 0.440293 0.811096 811.096384 0.325175
 394.000000 0.519158 4.612054 4612.054103 1.849009
 396.000000 0.538192 5.995339 5995.339444 2.403579
 398.000000 0.544188 6.468525 6468.525281 2.593283
 400.000000 0.536992 5.902747 5902.746959 2.366458
 402.000000 0.484113 2.539152 2539.152380 1.017966
 404.000000 0.456035 1.321390 1321.390018 0.529756
 406.000000 0.525465 5.050360 5050.360143 2.024729
 408.000000 0.532035 5.528018 5528.017552 2.216226
 410.000000 0.497680 3.268808 3268.807585 1.310491
 412.000000 0.510778 4.060553 4060.552875 1.627908
 414.000000 0.501116 3.468181 3468.180851 1.390421
 416.000000 0.549623 6.913092 6913.092191 2.771513
 418.000000 0.527671 5.208356 5208.355800 2.088071
 420.000000 0.443819 0.914616 914.615653 0.366677
 422.000000 0.491599 2.930344 2930.343970 1.174798
 424.000000 0.522978 4.875161 4875.161057 1.954490
 426.000000 0.547068 6.702235 6702.235003 2.686979
 428.000000 0.509831 4.000434 4000.433740 1.603805
 430.000000 0.423503 0.403394 403.393658 0.161724
 432.000000 0.508702 3.929325 3929.325401 1.575297
 434.000000 0.481672 2.417629 2417.629157 0.969247
 436.000000 0.469861 1.871766 1871.765891 0.750406
 438.000000 0.489725 2.829802 2829.801717 1.134490
 440.000000 0.486928 2.682959 2682.958589 1.075619
 442.000000 0.466196 1.716541 1716.540552 0.688175
 444.000000 0.508942 3.944373 3944.372905 1.581330
 446.000000 0.519767 4.653542 4653.542487 1.865642
 448.000000 0.464966 1.665962 1665.961924 0.667897
 450.000000 0.465624 1.692944 1692.943983 0.678715
 452.000000 0.448966 1.076914 1076.914128 0.431743
 454.000000 0.461143 1.513578 1513.577840 0.606805
 456.000000 0.533331 5.624825 5624.825153 2.255037
 458.000000 0.464363 1.641456 1641.455967 0.658073
 460.000000 0.561097 7.899989 7899.988827 3.167168
 462.000000 0.493914 3.057012 3057.011962 1.225580
 464.000000 0.483827 2.524741 2524.740605 1.012188
 466.000000 0.547832 6.764915 6764.915020 2.712108
 468.000000 0.448686 1.067744 1067.743859 0.428067
 470.000000 0.489736 2.830383 2830.383084 1.134723
 472.000000 0.516349 4.423293 4423.293354 1.773333
 474.000000 0.549874 6.933916 6933.915654 2.779861
 476.000000 0.508603 3.923117 3923.117391 1.572809
 478.000000 0.421891 0.371677 371.677492 0.149008
 480.000000 0.545687 6.589705 6589.705084 2.641865
 482.000000 0.493223 3.018939 3018.938980 1.210316
 484.000000 0.471218 1.930908 1930.907738 0.774116
 486.000000 0.490486 2.870404 2870.403714 1.150767
 488.000000 0.437316 0.728532 728.532039 0.292074
 490.000000 0.329833 0.715573 715.572808 0.286879
 492.000000 0.325086 0.848183 848.182642 0.340043
 494.000000 0.294504 1.972642 1972.641852 0.790848
 496.000000 0.299956 1.737951 1737.951475 0.696758
 498.000000 0.295273 1.938652 1938.651508 0.777221
 500.000000 0.287489 2.296549 2296.549063 0.920705
 502.000000 0.254564 4.145385 4145.384614 1.661917
 504.000000 0.527992 5.231525 5231.524985 2.097360
 506.000000 0.509556 3.983060 3983.060171 1.596840
 508.000000 0.506436 3.788584 3788.583709 1.518873
 510.000000 0.499780 3.389972 3389.972378 1.359067
 512.000000 0.492447 2.976439 2976.438762 1.193278
 514.000000 0.537144 5.914394 5914.394049 2.371127
 516.000000 0.462125 1.552013 1552.012856 0.622214
 518.000000 0.480959 2.382707 2382.707302 0.955246
 520.000000 0.450006 1.111319 1111.318995 0.445537
 522.000000 0.451624 1.165913 1165.913463 0.467424
 524.000000 0.509203 3.960813 3960.813154 1.587921
 526.000000 0.468091 1.795974 1795.973577 0.720020
 528.000000 0.486018 2.636056 2636.055775 1.056816
 530.000000 0.431332 0.575957 575.956870 0.230906
 532.000000 0.485986 2.634379 2634.379102 1.056143
 534.000000 0.593770 11.070914 11070.913679 4.438416
 536.000000 0.454271 1.258048 1258.048151 0.504361
 538.000000 0.278341 2.755860 2755.860014 1.104846
 540.000000 0.445517 0.966714 966.714355 0.387563
 542.000000 0.458627 1.417272 1417.272186 0.568196
 544.000000 0.452329 1.190113 1190.113135 0.477126
 546.000000 0.386022 0.001807 1.807327 0.000725
 548.000000 0.494108 3.067772 3067.772248 1.229894
 550.000000 0.545117 6.543477 6543.476745 2.623331
 552.000000 0.523859 4.936854 4936.854417 1.979224
 554.000000 0.432702 0.609316 609.315992 0.244280
 556.000000 0.555654 7.423564 7423.563832 2.976165
 558.000000 0.507390 3.847502 3847.502261 1.542494
 560.000000 0.517936 4.529477 4529.476506 1.815903
 562.000000 0.482325 2.449857 2449.857388 0.982167
 564.000000 0.462892 1.582376 1582.376042 0.634387
 566.000000 0.526193 5.102235 5102.234601 2.045526
 568.000000 0.480084 2.340187 2340.186842 0.938199
 570.000000 0.475291 2.114049 2114.049180 0.847539
 572.000000 0.429027 0.521978 521.977768 0.209265
 574.000000 0.445951 0.980257 980.256859 0.392993
 576.000000 0.529299 5.326486 5326.486197 2.135430
 578.000000 0.528460 5.265448 5265.447920 2.110960
 580.000000 0.475750 2.135211 2135.211146 0.856023
 582.000000 0.460988 1.507565 1507.564501 0.604394
 584.000000 0.454684 1.272738 1272.737542 0.510251
 586.000000 0.385190 0.000862 0.861571 0.000345
 588.000000 0.477230 2.204133 2204.133227 0.883654
 590.000000 0.515498 4.366907 4366.906519 1.750727
 592.000000 0.499085 3.349616 3349.616151 1.342887
 594.000000 0.497879 3.280155 3280.155438 1.315040
 596.000000 0.529953 5.374299 5374.299419 2.154599
 598.000000 0.455672 1.308214 1308.213538 0.524473
 600.000000 0.469990 1.877332 1877.331699 0.752637
 602.000000 0.459152 1.437119 1437.118884 0.576152
 604.000000 0.449204 1.084747 1084.746654 0.434883
 606.000000 0.524934 5.012671 5012.671480 2.009619
 608.000000 0.478256 2.252569 2252.568775 0.903073
 610.000000 0.466876 1.744865 1744.864616 0.699530
 612.000000 0.500664 3.441618 3441.617551 1.379772
 614.000000 0.495204 3.128783 3128.783006 1.254354
 616.000000 0.492500 2.979330 2979.329610 1.194437
 618.000000 0.508151 3.894839 3894.839247 1.561472
 620.000000 0.447211 1.020077 1020.077039 0.408957
 622.000000 0.422693 0.387286 387.286215 0.155266
 624.000000 0.528764 5.287548 5287.548368 2.119820
 626.000000 0.470715 1.908868 1908.868238 0.765280
 628.000000 0.508857 3.939021 3939.021152 1.579185
 630.000000 0.472705 1.996831 1996.830607 0.800545
 632.000000 0.458796 1.423672 1423.671906 0.570761
 634.000000 0.516238 4.415904 4415.904076 1.770371
 636.000000 0.403932 0.106072 106.072369 0.042525
 638.000000 0.519180 4.613549 4613.549133 1.849608
 640.000000 0.378401 0.006082 6.081542 0.002438
 642.000000 0.256735 4.006758 4006.757798 1.606341
 644.000000 0.564523 8.207400 8207.400167 3.290411
 646.000000 0.494003 3.061959 3061.958649 1.227563
 648.000000 0.444855 0.946241 946.240688 0.379355
 650.000000 0.421692 0.367846 367.846045 0.147472
 652.000000 0.508310 3.904779 3904.779036 1.565457
 654.000000 0.458107 1.397780 1397.779660 0.560381
 656.000000 0.529232 5.321600 5321.600232 2.133471
 658.000000 0.508682 3.928053 3928.053024 1.574787
 660.000000 0.485477 2.608354 2608.353697 1.045710
 662.000000 0.534027 5.677137 5677.136896 2.276009
 664.000000 0.522132 4.816250 4816.250209 1.930873
 666.000000 0.426966 0.475948 475.947655 0.190811
 668.000000 0.540425 6.169479 6169.479439 2.473393
 670.000000 0.445240 0.958101 958.101428 0.384110
 672.000000 0.437616 0.736645 736.644652 0.295327
 674.000000 0.493124 3.013503 3013.502648 1.208137
 676.000000 0.393880 0.027810 27.809799 0.011149
 678.000000 0.479320 2.303377 2303.377040 0.923442
 680.000000 0.525414 5.046720 5046.720395 2.023270
 682.000000 0.483175 2.492082 2492.081823 0.999095
 684.000000 0.459644 1.455833 1455.833278 0.583655
 686.000000 0.530403 5.407378 5407.378381 2.167861
 688.000000 0.482354 2.451283 2451.283110 0.982739
 690.000000 0.443692 0.910793 910.793463 0.365144
 692.000000 0.435612 0.683270 683.270291 0.273928
 694.000000 0.498110 3.293413 3293.413305 1.320355
 696.000000 0.460560 1.490976 1490.975747 0.597744
 698.000000 0.467652 1.777424 1777.423507 0.712583
 700.000000 0.537774 5.962973 5962.973061 2.390603
 702.000000 0.582082 9.875249 9875.249316 3.959065
 704.000000 0.467018 1.750782 1750.781718 0.701902
 706.000000 0.461125 1.512903 1512.903095 0.606535
 708.000000 0.472733 1.998071 1998.071040 0.801042
 710.000000 0.518332 4.556152 4556.152024 1.826597
 712.000000 0.346016 0.348140 348.140371 0.139572
 714.000000 0.319350 1.023465 1023.465446 0.410315
 716.000000 0.469556 1.858579 1858.578673 0.745119
 718.000000 0.437050 0.721359 721.359456 0.289199
 720.000000 0.507279 3.840625 3840.624739 1.539737
 722.000000 0.474379 2.072341 2072.341364 0.830818
 724.000000 0.511644 4.115926 4115.925555 1.650107
 726.000000 0.448857 1.073345 1073.345475 0.430313
 728.000000 0.487006 2.687016 2687.016321 1.077246
 730.000000 0.521750 4.789821 4789.820663 1.920277
 732.000000 0.465981 1.707649 1707.648583 0.684610
 734.000000 0.521322 4.760250 4760.249858 1.908422
 736.000000 0.503681 3.620873 3620.873323 1.451637
 738.000000 0.265398 3.477202 3477.201669 1.394038
 740.000000 0.273686 3.005659 3005.658606 1.204992
 742.000000 0.328109 0.762427 762.427445 0.305663
 744.000000 0.318833 1.040077 1040.076508 0.416975
 746.000000 0.291547 2.106194 2106.194130 0.844390
 748.000000 0.252943 4.250441 4250.441314 1.704035
 750.000000 0.289633 2.194930 2194.929725 0.879965
 752.000000 0.304578 1.550605 1550.604963 0.621650
 754.000000 0.348311 0.306637 306.636591 0.122933
 756.000000 0.439031 0.775562 775.561922 0.310929
 758.000000 0.513963 4.266024 4266.024302 1.710283
 760.000000 0.497610 3.264805 3264.805427 1.308886
 762.000000 0.516049 4.403394 4403.394035 1.765355
 764.000000 0.475868 2.140646 2140.645541 0.858202
 766.000000 0.445839 0.976755 976.755124 0.391589
 768.000000 0.443127 0.893812 893.812356 0.358336
 770.000000 0.537334 5.929026 5929.026487 2.376993
 772.000000 0.516034 4.402344 4402.343909 1.764934
 774.000000 0.509472 3.977760 3977.759804 1.594715
 776.000000 0.494597 3.094885 3094.885411 1.240764
 778.000000 0.457402 1.371539 1371.538772 0.549861
 780.000000 0.538809 6.043133 6043.132825 2.422740
 782.000000 0.452290 1.188759 1188.759275 0.476583
 784.000000 0.387277 0.003889 3.889022 0.001559
 786.000000 0.411994 0.205354 205.353762 0.082328
 788.000000 0.539408 6.089844 6089.844244 2.441467
 790.000000 0.437503 0.733576 733.576137 0.294096
 792.000000 0.529852 5.366922 5366.922092 2.151641
 794.000000 0.569448 8.659676 8659.675600 3.471732
 796.000000 0.450356 1.123021 1123.020698 0.450228
 798.000000 0.467031 1.751304 1751.304238 0.702112
 800.000000 0.454440 1.264049 1264.048962 0.506767
 802.000000 0.515692 4.379712 4379.711875 1.755861
 804.000000 0.502849 3.570981 3570.980850 1.431634
 806.000000 0.499167 3.354338 3354.337573 1.344780
 808.000000 0.510710 4.056226 4056.225913 1.626173
 810.000000 0.518891 4.593955 4593.955450 1.841753
 812.000000 0.513869 4.259916 4259.915813 1.707834
 814.000000 0.290264 2.165493 2165.492525 0.868163
 816.000000 0.486031 2.636705 2636.705105 1.057076
 818.000000 0.500261 3.418009 3418.009452 1.370307
 820.000000 0.464797 1.659101 1659.100680 0.665147
 822.000000 0.486962 2.684745 2684.744611 1.076335
 824.000000 0.474701 2.087000 2087.000060 0.836695
 826.000000 0.474686 2.086315 2086.315487 0.836420
 828.000000 0.492803 2.995903 2995.902724 1.201081
 830.000000 0.445787 0.975108 975.108475 0.390929
 832.000000 0.487331 2.703891 2703.891051 1.084011
 834.000000 0.445143 0.955100 955.100311 0.382907
 836.000000 0.478013 2.241042 2241.042101 0.898451
 838.000000 0.489679 2.827355 2827.354802 1.133509
 840.000000 0.494073 3.065831 3065.831139 1.229116
 842.000000 0.492311 2.969050 2969.049842 1.190315
 844.000000 0.536982 5.901942 5901.941936 2.366135
 846.000000 0.525877 5.079704 5079.704167 2.036493
 848.000000 0.461052 1.510037 1510.037188 0.605386
 850.000000 0.528672 5.280823 5280.823256 2.117124
 852.000000 0.484499 2.558641 2558.641455 1.025780
 854.000000 0.455927 1.317450 1317.450319 0.528176
 856.000000 0.497379 3.251608 3251.608383 1.303595
 858.000000 0.480251 2.348266 2348.265507 0.941438
 860.000000 0.534994 5.750249 5750.248668 2.305320
 862.000000 0.468827 1.827304 1827.303930 0.732581
 864.000000 0.378596 0.005610 5.610492 0.002249
 866.000000 0.556260 7.475937 7475.936626 2.997162
 868.000000 0.513672 4.247072 4247.071685 1.702684
 870.000000 0.423273 0.398799 398.798849 0.159882
 872.000000 0.463530 1.607879 1607.878511 0.644611
 874.000000 0.444749 0.942957 942.957295 0.378039
 876.000000 0.473285 2.022808 2022.807547 0.810959
 878.000000 0.430260 0.550530 550.529607 0.220712
 880.000000 0.542123 6.303538 6303.538294 2.527138
 882.000000 0.518646 4.577358 4577.357669 1.835099
 884.000000 0.415166 0.253337 253.337172 0.101565
 886.000000 0.464111 1.631245 1631.245425 0.653979
 888.000000 0.357512 0.166686 166.685526 0.066826
 890.000000 0.490778 2.886107 2886.106718 1.157063
 892.000000 0.394494 0.031139 31.138731 0.012484
 894.000000 0.451337 1.156127 1156.127486 0.463501
 896.000000 0.427131 0.479548 479.548393 0.192255
 898.000000 0.512256 4.155240 4155.239541 1.665868
 900.000000 0.480980 2.383739 2383.738769 0.955660
 902.000000 0.570591 8.766354 8766.354338 3.514500
 904.000000 0.526448 5.120428 5120.428270 2.052820
 906.000000 0.542217 6.310977 6310.977405 2.530121
 908.000000 0.554149 7.294457 7294.456769 2.924405
 910.000000 0.490796 2.887072 2887.071822 1.157450
 912.000000 0.480688 2.369472 2369.472078 0.949940
 914.000000 0.487030 2.688238 2688.238305 1.077736
 916.000000 0.421810 0.370107 370.107216 0.148379
 918.000000 0.551634 7.081239 7081.238939 2.838924
 920.000000 0.531690 5.502423 5502.423389 2.205965
 922.000000 0.493207 3.018049 3018.048736 1.209960
 924.000000 0.542753 6.353683 6353.682549 2.547241
 926.000000 0.476134 2.152974 2152.973980 0.863144
 928.000000 0.471503 1.943459 1943.458768 0.779148
 930.000000 0.471525 1.944439 1944.439163 0.779541
 932.000000 0.474084 2.058917 2058.916704 0.825436
 934.000000 0.550937 7.022711 7022.710525 2.815460
 936.000000 0.550900 7.019682 7019.682098 2.814246
 938.000000 0.492451 2.976642 2976.642252 1.193359
 940.000000 0.497027 3.231559 3231.558823 1.295557
 942.000000 0.461792 1.538948 1538.948260 0.616976
 944.000000 0.421338 0.361092 361.091622 0.144764
 946.000000 0.451699 1.168450 1168.449815 0.468441
 948.000000 0.490888 2.891996 2891.995828 1.159424
 950.000000 0.445115 0.954234 954.233946 0.382560
 952.000000 0.467840 1.785333 1785.333015 0.715754
 954.000000 0.429430 0.531237 531.236537 0.212977
 956.000000 0.528635 5.278120 5278.120455 2.116040
 958.000000 0.488105 2.744263 2744.262954 1.100197
 960.000000 0.491562 2.928376 2928.375991 1.174009
 962.000000 0.480047 2.338363 2338.362765 0.937468
 964.000000 0.471015 1.922019 1922.018922 0.770553
 966.000000 0.498497 3.315696 3315.695796 1.329289
 968.000000 0.442400 0.872206 872.206385 0.349674
 970.000000 0.489885 2.838318 2838.317561 1.137904
 972.000000 0.533429 5.632143 5632.143149 2.257971
 974.000000 0.498957 3.342220 3342.220009 1.339922
 976.000000 0.536080 5.832881 5832.880795 2.338448
 978.000000 0.436877 0.716724 716.724431 0.287340
 980.000000 0.497261 3.244851 3244.851350 1.300886
 982.000000 0.492633 2.986589 2986.589152 1.197347
 984.000000 0.439701 0.794315 794.314985 0.318447
 986.000000 0.270667 3.173406 3173.405546 1.272243
 988.000000 0.429915 0.542462 542.461627 0.217477
 990.000000 0.479887 2.330652 2330.652160 0.934377
 992.000000 0.521592 4.778885 4778.885303 1.915893
 994.000000 0.526902 5.152992 5152.992106 2.065875
 996.000000 0.542925 6.367410 6367.409994 2.552745
 998.000000 0.520189 4.682382 4682.381845 1.877204
 1000.000000 0.438708 0.766586 766.586161 0.307330
 1002.000000 0.506329 3.781981 3781.981236 1.516226
 1004.000000 0.523933 4.942069 4942.068571 1.981314
 1006.000000 0.509303 3.967106 3967.106090 1.590444
 1008.000000 0.476275 2.159548 2159.548205 0.865780
 1010.000000 0.494029 3.063390 3063.389957 1.228137
 1012.000000 0.475301 2.114521 2114.520926 0.847728
 1014.000000 0.438264 0.754342 754.342059 0.302422
 1016.000000 0.539623 6.106634 6106.634279 2.448198
 1018.000000 0.468021 1.793012 1793.011629 0.718832
 1020.000000 0.446984 1.012858 1012.857941 0.406063
 1022.000000 0.523600 4.918707 4918.707330 1.971949
 1024.000000 0.499479 3.372454 3372.454184 1.352043
 1026.000000 0.478986 2.287365 2287.364754 0.917023
 1028.000000 0.493478 3.032970 3032.969824 1.215941
 1030.000000 0.417185 0.286489 286.488914 0.114856
 1032.000000 0.453054 1.215251 1215.251007 0.487204
 1034.000000 0.505903 3.755842 3755.842351 1.505747
 1036.000000 0.519435 4.630935 4630.934998 1.856578
 1038.000000 0.517946 4.530132 4530.132007 1.816166
 1040.000000 0.508061 3.889279 3889.278531 1.559242
 1042.000000 0.497239 3.243600 3243.599541 1.300385
 1044.000000 0.517080 4.472020 4472.020379 1.792868
 1046.000000 0.497624 3.265577 3265.576519 1.309195
 1048.000000 0.551471 7.067568 7067.568450 2.833444
 1050.000000 0.480348 2.352940 2352.940176 0.943312
 1052.000000 0.464340 1.640539 1640.538938 0.657705
 1054.000000 0.472076 1.968821 1968.821101 0.789316
 1056.000000 0.464321 1.639769 1639.769019 0.657396
 1058.000000 0.459901 1.465669 1465.668529 0.587598
 1060.000000 0.450980 1.144028 1144.027690 0.458650
 1062.000000 0.444063 0.922017 922.017449 0.369644
 1064.000000 0.457635 1.380202 1380.202089 0.553334
 1066.000000 0.524911 5.011063 5011.062610 2.008974
 1068.000000 0.543143 6.384748 6384.747740 2.559696
 1070.000000 0.533985 5.674016 5674.016360 2.274758
 1072.000000 0.488103 2.744157 2744.156906 1.100154
 1074.000000 0.398725 0.059227 59.227486 0.023745
 1076.000000 0.481000 2.384672 2384.672235 0.956034
 1078.000000 0.494727 3.102154 3102.153923 1.243678
 1080.000000 0.424363 0.420858 420.858397 0.168725
 1082.000000 0.457263 1.366412 1366.411837 0.547805
 1084.000000 0.484770 2.572369 2572.368609 1.031283
 1086.000000 0.412779 0.216768 216.768324 0.086904
 1088.000000 0.509098 3.954194 3954.194242 1.585268
 1090.000000 0.521064 4.742442 4742.442331 1.901282
 1092.000000 0.618407 13.814860 13814.860489 5.538486
 1094.000000 0.513700 4.248862 4248.861680 1.703402
 1096.000000 0.527389 5.187989 5187.988793 2.079906
 1098.000000 0.475364 2.117388 2117.388424 0.848878
 1100.000000 0.523040 4.879517 4879.516925 1.956237
 1102.000000 0.535955 5.823357 5823.357148 2.334630
 1104.000000 0.564641 8.218127 8218.126800 3.294712
 1106.000000 0.518355 4.557686 4557.686195 1.827212
 1108.000000 0.454965 1.282783 1282.782558 0.514278
 1110.000000 0.482863 2.476542 2476.541685 0.992865
 1112.000000 0.521959 4.804236 4804.235916 1.926056
 1114.000000 0.444525 0.936099 936.099420 0.375290
 1116.000000 0.431267 0.574401 574.401464 0.230282
 1118.000000 0.474014 2.055766 2055.766127 0.824173
 1120.000000 0.421808 0.370079 370.079161 0.148368
 1122.000000 0.445460 0.964943 964.943095 0.386853
 1124.000000 0.504298 3.658083 3658.082714 1.466554
 1126.000000 0.424630 0.426360 426.360093 0.170931
 1128.000000 0.368467 0.055249 55.249493 0.022150
 1130.000000 0.565359 8.283308 8283.308417 3.320844
 1132.000000 0.479394 2.306929 2306.929460 0.924866
 1134.000000 0.466385 1.724396 1724.395675 0.691324
 1136.000000 0.483751 2.520903 2520.902764 1.010650
 1138.000000 0.450188 1.117386 1117.385531 0.447969
 1140.000000 0.452968 1.212237 1212.237021 0.485995
 1142.000000 0.457820 1.387077 1387.077178 0.556090
 1144.000000 0.538526 6.021213 6021.213093 2.413952
 1146.000000 0.293392 2.022375 2022.374685 0.810786
 1148.000000 0.280336 2.652095 2652.094774 1.063246
 1150.000000 0.372460 0.029556 29.555666 0.011849
 1152.000000 0.348062 0.311008 311.008320 0.124686
 1154.000000 0.368638 0.053988 53.987799 0.021644
 1156.000000 0.434064 0.643399 643.399462 0.257944
 1158.000000 0.442836 0.885149 885.149058 0.354863
 1160.000000 0.488050 2.741390 2741.390104 1.099045
 1162.000000 0.511482 4.105508 4105.507663 1.645930
 1164.000000 0.462454 1.565019 1565.019384 0.627429
 1166.000000 0.438128 0.750607 750.606716 0.300924
 1168.000000 0.480786 2.374256 2374.255792 0.951858
 1170.000000 0.532887 5.591572 5591.571589 2.241705
 1172.000000 0.459444 1.448192 1448.192089 0.580592
 1174.000000 0.532117 5.534167 5534.166664 2.218691
 1176.000000 0.473003 2.010169 2010.168906 0.805893
 1178.000000 0.518051 4.537245 4537.245392 1.819017
 1180.000000 0.477421 2.213124 2213.123685 0.887259
 1182.000000 0.467573 1.774080 1774.079747 0.711243
 1184.000000 0.480686 2.369385 2369.385362 0.949905
 1186.000000 0.408979 0.164424 164.424260 0.065919
 1188.000000 0.501298 3.478904 3478.903894 1.394720
 1190.000000 0.506640 3.801148 3801.147563 1.523910
 1192.000000 0.483512 2.508927 2508.927218 1.005849
 1194.000000 0.365618 0.078456 78.455882 0.031454
 1196.000000 0.408766 0.161700 161.700085 0.064827
 1198.000000 0.477372 2.210796 2210.796417 0.886326
 1200.000000 0.504709 3.683014 3683.013709 1.476549
 1202.000000 0.573693 9.059201 9059.200995 3.631905
 1204.000000 0.508602 3.923091 3923.090969 1.572798
 1206.000000 0.545248 6.554079 6554.078596 2.627582
 1208.000000 0.445645 0.970697 970.696910 0.389160
 1210.000000 0.473289 2.022985 2022.984571 0.811030
 1212.000000 0.481841 2.425935 2425.935179 0.972577
 1214.000000 0.631246 15.365194 15365.194149 6.160027
 1216.000000 0.556414 7.489247 7489.247222 3.002498
 1218.000000 0.492585 2.983980 2983.980399 1.196301
 1220.000000 0.495986 3.172657 3172.657493 1.271943
 1222.000000 0.509551 3.982718 3982.718273 1.596703
 1224.000000 0.370112 0.043699 43.698795 0.017519
 1226.000000 0.581648 9.832168 9832.168013 3.941794
 1228.000000 0.541369 6.243826 6243.825800 2.503199
 1230.000000 0.519365 4.626149 4626.148820 1.854659
 1232.000000 0.597725 11.490933 11490.932603 4.606805
 1234.000000 0.490007 2.844809 2844.808943 1.140506
 1236.000000 0.554705 7.342063 7342.063063 2.943491
 1238.000000 0.583866 10.053383 10053.383073 4.030480
 1240.000000 0.555783 7.434761 7434.761076 2.980654
 1242.000000 0.482207 2.443986 2443.985779 0.979813
 1244.000000 0.446602 1.000739 1000.739284 0.401204
 1246.000000 0.512748 4.187022 4187.021534 1.678610
 1248.000000 0.549263 6.883139 6883.138642 2.759504
 1250.000000 0.514334 4.290263 4290.262518 1.720000
 1252.000000 0.477945 2.237858 2237.858143 0.897175
 1254.000000 0.465981 1.707645 1707.645318 0.684608
 1256.000000 0.458506 1.412738 1412.738151 0.566378
 1258.000000 0.498845 3.335729 3335.728616 1.337320
 1260.000000 0.524362 4.972279 4972.278786 1.993426
 1262.000000 0.546515 6.657035 6657.035089 2.668858
 1264.000000 0.529276 5.324828 5324.828102 2.134766
 1266.000000 0.501298 3.478939 3478.938642 1.394734
 1268.000000 0.539840 6.123558 6123.557600 2.454982
 1270.000000 0.511969 4.136802 4136.801616 1.658476
 1272.000000 0.498244 3.301117 3301.116655 1.323444
 1274.000000 0.466152 1.714752 1714.751640 0.687457
 1276.000000 0.440357 0.812931 812.930577 0.325910
 1278.000000 0.441228 0.837954 837.953561 0.335942
 1280.000000 0.465891 1.703926 1703.926113 0.683117
 1282.000000 0.520486 4.702738 4702.738128 1.885365
 1284.000000 0.525977 5.086780 5086.779769 2.039330
 1286.000000 0.570686 8.775274 8775.274263 3.518077
 1288.000000 0.516089 4.406015 4406.014538 1.766406
 1290.000000 0.440245 0.809744 809.743934 0.324633
 1292.000000 0.504281 3.657082 3657.082361 1.466153
 1294.000000 0.439209 0.780517 780.517178 0.312915
 1296.000000 0.469688 1.864277 1864.277486 0.747404
 1298.000000 0.479723 2.322731 2322.731319 0.931201
 1300.000000 0.437399 0.730784 730.783943 0.292977
 1302.000000 0.519669 4.646836 4646.836478 1.862953
 1304.000000 0.547208 6.713710 6713.710416 2.691579
 1306.000000 0.518544 4.570490 4570.489737 1.832345
 1308.000000 0.527706 5.210896 5210.895840 2.089089
 1310.000000 0.497358 3.250419 3250.419339 1.303119
 1312.000000 0.546462 6.652745 6652.745303 2.667138
 1314.000000 0.499933 3.398886 3398.885848 1.362640
 1316.000000 0.440363 0.813099 813.099023 0.325978
 1318.000000 0.474937 2.097786 2097.785799 0.841019
 1320.000000 0.594058 11.101216 11101.215552 4.450565
 1322.000000 0.552933 7.191037 7191.036947 2.882943
 1324.000000 0.488215 2.750063 2750.063378 1.102522
 1326.000000 0.489269 2.805617 2805.616520 1.124794
 1328.000000 0.507113 3.830382 3830.381673 1.535630
 1330.000000 0.481956 2.431611 2431.611228 0.974852
 1332.000000 0.445059 0.952500 952.500225 0.381865
 1334.000000 0.404293 0.109828 109.828116 0.044031
 1336.000000 0.478945 2.285407 2285.406746 0.916238
 1338.000000 0.508962 3.945614 3945.613555 1.581828
 1340.000000 0.536239 5.845059 5845.058775 2.343330
 1342.000000 0.541319 6.239867 6239.866747 2.501612
 1344.000000 0.536529 5.867249 5867.249278 2.352226
 1346.000000 0.453666 1.236688 1236.687927 0.495798
 1348.000000 0.318352 1.055628 1055.627615 0.423209
 1350.000000 0.480876 2.378644 2378.644298 0.953617
 1352.000000 0.468374 1.807991 1807.991272 0.724838
 1354.000000 0.508631 3.924907 3924.906601 1.573526
 1356.000000 0.483557 2.511200 2511.199972 1.006760
 1358.000000 0.459993 1.469191 1469.190848 0.589010
 1360.000000 0.536228 5.844219 5844.219272 2.342994
 1362.000000 0.445307 0.960179 960.179039 0.384943
 1364.000000 0.485955 2.632790 2632.790090 1.055506
 1366.000000 0.445857 0.977301 977.301463 0.391808
 1368.000000 0.480501 2.360397 2360.397050 0.946302
 1370.000000 0.456345 1.332670 1332.670452 0.534278
 1372.000000 0.510126 4.019118 4019.118378 1.611296
 1374.000000 0.503320 3.599220 3599.219908 1.442956
 1376.000000 0.431447 0.578724 578.723627 0.232015
 1378.000000 0.528332 5.256187 5256.187311 2.107247
 1380.000000 0.489594 2.822834 2822.834249 1.131696
 1382.000000 0.473547 2.034625 2034.625145 0.815697
 1384.000000 0.437407 0.730989 730.989466 0.293059
 1386.000000 0.546216 6.632691 6632.691464 2.659098
 1388.000000 0.469148 1.841030 1841.030283 0.738084
 1390.000000 0.480013 2.336728 2336.727924 0.936813
 1392.000000 0.528538 5.271134 5271.134269 2.113239
 1394.000000 0.403843 0.105160 105.160063 0.042159
 1396.000000 0.495780 3.161046 3161.046486 1.267288
 1398.000000 0.590422 10.721439 10721.439005 4.298309
 1400.000000 0.510941 4.070921 4070.920964 1.632064
 1402.000000 0.465381 1.682941 1682.941169 0.674704
 1404.000000 0.506326 3.781817 3781.816899 1.516160
 1406.000000 0.514093 4.274547 4274.546673 1.713699
 1408.000000 0.526882 5.151531 5151.530647 2.065289
 1410.000000 0.437959 0.745978 745.978407 0.299069
 1412.000000 0.469189 1.842814 1842.814222 0.738799
 1414.000000 0.434346 0.650578 650.577765 0.260822
 1416.000000 0.417318 0.288736 288.736428 0.115757
 1418.000000 0.470161 1.884781 1884.781000 0.755624
 1420.000000 0.481092 2.389204 2389.203900 0.957851
 1422.000000 0.512825 4.191994 4191.994168 1.680603
 1424.000000 0.453019 1.214017 1214.016777 0.486709
 1426.000000 0.532638 5.572953 5572.953425 2.234241
 1428.000000 0.475083 2.104518 2104.518361 0.843718
 1430.000000 0.479643 2.318891 2318.890939 0.929662
 1432.000000 0.541549 6.258036 6258.035524 2.508896
 1434.000000 0.467279 1.761734 1761.734323 0.706293
 1436.000000 0.428518 0.510411 510.411273 0.204628
 1438.000000 0.476106 2.151681 2151.680934 0.862626
 1440.000000 0.432411 0.602156 602.155617 0.241409
 1442.000000 0.446228 0.988937 988.936715 0.396473
 1444.000000 0.385743 0.001452 1.451902 0.000582
 1446.000000 0.460975 1.507050 1507.050234 0.604188
 1448.000000 0.417179 0.286384 286.383611 0.114813
 1450.000000 0.458924 1.428477 1428.476951 0.572688
 1452.000000 0.435207 0.672726 672.726286 0.269701
 1454.000000 0.522200 4.820996 4820.996377 1.932775
 1456.000000 0.485308 2.599706 2599.706494 1.042243
 1458.000000 0.496585 3.206496 3206.496106 1.285510
 1460.000000 0.498785 3.332258 3332.257879 1.335928
 1462.000000 0.517957 4.530864 4530.863612 1.816459
 1464.000000 0.465809 1.700548 1700.548005 0.681763
 1466.000000 0.491150 2.906102 2906.102332 1.165079
 1468.000000 0.506268 3.778226 3778.226251 1.514721
 1470.000000 0.311540 1.288586 1288.586493 0.516604
 1472.000000 0.289031 2.223235 2223.234936 0.891312
 1474.000000 0.288233 2.261035 2261.034529 0.906467
 1476.000000 0.507569 3.858604 3858.604357 1.546945
 1478.000000 0.530961 5.448464 5448.464116 2.184332
 1480.000000 0.471403 1.939074 1939.073755 0.777390
 1482.000000 0.446446 0.995793 995.793482 0.399221
 1484.000000 0.494679 3.099474 3099.474033 1.242604
 1486.000000 0.512736 4.186291 4186.291136 1.678317
 1488.000000 0.487623 2.719105 2719.105283 1.090111
 1490.000000 0.446945 1.011607 1011.606990 0.405561
 1492.000000 0.517881 4.525797 4525.797005 1.814428
 1494.000000 0.341879 0.429613 429.613230 0.172235
 1496.000000 0.272847 3.051786 3051.786494 1.223485
 1498.000000 0.355784 0.189740 189.739957 0.076068
 1500.000000 0.306598 1.472079 1472.079225 0.590168
 1502.000000 0.255558 4.081644 4081.643872 1.636363
 1504.000000 0.271591 3.121609 3121.608749 1.251478
 1506.000000 0.277904 2.778841 2778.841188 1.114059
 1508.000000 0.277351 2.808089 2808.088535 1.125785
 1510.000000 0.299078 1.774740 1774.739759 0.711507
 1512.000000 0.333383 0.623763 623.762829 0.250071
 1514.000000 0.272017 3.097813 3097.812785 1.241938
 1516.000000 0.289653 2.193999 2193.999324 0.879592
 1518.000000 0.300933 1.697453 1697.453489 0.680522
 1520.000000 0.258124 3.919352 3919.351749 1.571299
 1522.000000 0.278074 2.769904 2769.904458 1.110477
 1524.000000 0.558074 7.633541 7633.541051 3.060347
 1526.000000 0.528373 5.259092 5259.092459 2.108412
 1528.000000 0.480240 2.347742 2347.742368 0.941228
 1530.000000 0.471089 1.925281 1925.280753 0.771860
 1532.000000 0.442354 0.870851 870.850693 0.349131
 1534.000000 0.561913 7.972712 7972.711847 3.196323
 1536.000000 0.547548 6.741611 6741.610886 2.702765
 1538.000000 0.544250 6.473583 6473.582778 2.595310
 1540.000000 0.543696 6.429010 6429.010380 2.577441
 1542.000000 0.500596 3.437633 3437.632793 1.378174
 1544.000000 0.541037 6.217602 6217.602270 2.492686
 1546.000000 0.510091 4.016856 4016.855607 1.610389
 1548.000000 0.487550 2.715301 2715.300923 1.088586
 1550.000000 0.518129 4.542442 4542.441601 1.821101
 1552.000000 0.443191 0.895748 895.748228 0.359113
 1554.000000 0.448346 1.056674 1056.674163 0.423629
 1556.000000 0.479102 2.292919 2292.918940 0.919249
 1558.000000 0.437645 0.737445 737.444841 0.295647
 1560.000000 0.458717 1.420683 1420.683200 0.569563
 1562.000000 0.478654 2.271488 2271.488205 0.910658
 1564.000000 0.468664 1.820319 1820.319282 0.729780
 1566.000000 0.438582 0.763113 763.113272 0.305938
 1568.000000 0.390167 0.011676 11.676248 0.004681
 1570.000000 0.542887 6.364328 6364.327962 2.551509
 1572.000000 0.501950 3.517471 3517.470616 1.410182
 1574.000000 0.436370 0.703211 703.211359 0.281923
 1576.000000 0.547604 6.746200 6746.200441 2.704605
 1578.000000 0.469672 1.863579 1863.578710 0.747123
 1580.000000 0.483632 2.514934 2514.933905 1.008257
 1582.000000 0.467298 1.762520 1762.520241 0.706608
 1584.000000 0.443436 0.903088 903.088028 0.362055
 1586.000000 0.501475 3.489373 3489.373149 1.398917
 1588.000000 0.270577 3.178507 3178.507090 1.274289
 1590.000000 0.246550 4.677448 4677.447763 1.875226
 1592.000000 0.282571 2.538238 2538.237677 1.017599
 1594.000000 0.271439 3.130063 3130.063118 1.254867
 1596.000000 0.281418 2.596688 2596.688236 1.041033
 1598.000000 0.313141 1.231733 1231.732953 0.493811
 1600.000000 0.489219 2.802949 2802.949015 1.123724
 1602.000000 0.516346 4.423087 4423.086877 1.773250
 1604.000000 0.387399 0.004132 4.132052 0.001657
 1606.000000 0.455058 1.286107 1286.106783 0.515610
 1608.000000 0.420949 0.353735 353.734595 0.141815
 1610.000000 0.407475 0.145699 145.699189 0.058412
 1612.000000 0.301914 1.657297 1657.296573 0.664423
 1614.000000 0.281072 2.614359 2614.359097 1.048117
 1616.000000 0.270598 3.177320 3177.320300 1.273813
 1618.000000 0.292065 2.082470 2082.470111 0.834879
 1620.000000 0.282016 2.566323 2566.322814 1.028859
 1622.000000 0.323429 0.897145 897.145032 0.359673
 1624.000000 0.262271 3.664008 3664.008088 1.468930
 1626.000000 0.256843 3.999970 3999.970337 1.603620
 1628.000000 0.271228 3.141912 3141.912254 1.259617
 1630.000000 0.266951 3.386209 3386.208688 1.357558
 1632.000000 0.311922 1.274887 1274.887312 0.511112
 1634.000000 0.508736 3.931480 3931.480241 1.576161
 1636.000000 0.532748 5.581154 5581.154122 2.237529
 1638.000000 0.393501 0.025846 25.845971 0.010362
 1640.000000 0.480487 2.359690 2359.689642 0.946018
 1642.000000 0.457241 1.365571 1365.571110 0.547468
 1644.000000 0.292818 2.048275 2048.274935 0.821170
 1646.000000 0.260925 3.745970 3745.970107 1.501789
 1648.000000 0.301308 1.682058 1682.058002 0.674350
 1650.000000 0.283772 2.478099 2478.098875 0.993489
 1652.000000 0.299493 1.757303 1757.302543 0.704516
 1654.000000 0.274360 2.968783 2968.783214 1.190209
 1656.000000 0.273696 3.005066 3005.066343 1.204755
 1658.000000 0.282072 2.563469 2563.468886 1.027715
 1660.000000 0.277061 2.823444 2823.444220 1.131941
 1662.000000 0.272752 3.057071 3057.071085 1.225604
 1664.000000 0.283371 2.498115 2498.114687 1.001514
 1666.000000 0.265148 3.491959 3491.959214 1.399954
 1668.000000 0.289792 2.187516 2187.515928 0.876992
 1670.000000 0.275350 2.915075 2915.074902 1.168676
 1672.000000 0.264448 3.533414 3533.413965 1.416573
 1674.000000 0.293507 2.017182 2017.182144 0.808704
 1676.000000 0.268183 3.314927 3314.927208 1.328980
 1678.000000 0.277179 2.817162 2817.162212 1.129423
 1680.000000 0.258595 3.889942 3889.942361 1.559509
 1682.000000 0.286341 2.351881 2351.881237 0.942888
 1684.000000 0.335795 0.564983 564.982857 0.226506
 1686.000000 0.281099 2.612952 2612.951983 1.047553
 1688.000000 0.275909 2.884990 2884.989663 1.156615
 1690.000000 0.315245 1.159003 1159.003421 0.464654
 1692.000000 0.286392 2.349382 2349.382199 0.941886
 1694.000000 0.278849 2.729267 2729.267195 1.094185
 1696.000000 0.268294 3.308536 3308.536142 1.326418
 1698.000000 0.269084 3.263210 3263.210406 1.308247
 1700.000000 0.259755 3.817921 3817.920963 1.530635
 1702.000000 0.274919 2.938430 2938.430354 1.178040
 1704.000000 0.290536 2.152848 2152.848001 0.863094
 1706.000000 0.507031 3.825297 3825.296777 1.533592
 1708.000000 0.467009 1.750386 1750.385833 0.701743
 1710.000000 0.470719 1.909071 1909.071190 0.765362
 1712.000000 0.559189 7.731336 7731.335960 3.099553
 1714.000000 0.460213 1.477621 1477.621134 0.592390
 1716.000000 0.441371 0.842099 842.099422 0.337604
 1718.000000 0.486146 2.642597 2642.597362 1.059438
 1720.000000 0.450028 1.112049 1112.049206 0.445829
 1722.000000 0.533878 5.665912 5665.911582 2.271509
 1724.000000 0.526776 5.143935 5143.935463 2.062244
 1726.000000 0.544475 6.491624 6491.624147 2.602543
 1728.000000 0.447460 1.028067 1028.066863 0.412160
 1730.000000 0.445851 0.977101 977.100806 0.391727
 1732.000000 0.429266 0.527460 527.459805 0.211463
 1734.000000 0.458517 1.413159 1413.159230 0.566547
 1736.000000 0.438826 0.769858 769.857908 0.308642
 1738.000000 0.455266 1.293588 1293.587722 0.518610
 1740.000000 0.462675 1.573784 1573.783533 0.630942
 1742.000000 0.451973 1.177860 1177.859518 0.472213
 1744.000000 0.292982 2.040847 2040.846783 0.818192
 1746.000000 0.300911 1.698342 1698.341879 0.680879
 1748.000000 0.439280 0.782503 782.503052 0.313712
 1750.000000 0.435385 0.677354 677.353907 0.271557
 1752.000000 0.492072 2.956031 2956.031261 1.185096
 1754.000000 0.463954 1.624917 1624.917496 0.651442
 1756.000000 0.434152 0.645632 645.631932 0.258839
 1758.000000 0.447878 1.041506 1041.506248 0.417548
 1760.000000 0.501131 3.469075 3469.075383 1.390780
 1762.000000 0.524849 5.006677 5006.676638 2.007216
 1764.000000 0.459093 1.434895 1434.895442 0.575261
 1766.000000 0.414299 0.239720 239.719607 0.096105
 1768.000000 0.620615 14.075650 14075.650333 5.643039
 1770.000000 0.594541 11.152150 11152.149798 4.470985
 1772.000000 0.494769 3.104461 3104.461163 1.244603
 1774.000000 0.536792 5.887395 5887.394836 2.360303
 1776.000000 0.471158 1.928292 1928.292281 0.773068
 1778.000000 0.470004 1.877935 1877.934694 0.752879
 1780.000000 0.456319 1.331723 1331.723317 0.533898
 1782.000000 0.417142 0.285753 285.753307 0.114561
 1784.000000 0.472433 1.984694 1984.694248 0.795680
 1786.000000 0.414367 0.240773 240.773073 0.096528
 1788.000000 0.474770 2.090148 2090.147589 0.837957
 1790.000000 0.473411 2.028513 2028.513407 0.813247
 1792.000000 0.435008 0.667576 667.576283 0.267637
 1794.000000 0.430569 0.557797 557.797292 0.223625
 1796.000000 0.504376 3.662822 3662.821936 1.468454
 1798.000000 0.452727 1.203872 1203.871950 0.482642
 1800.000000 0.483598 2.513262 2513.262241 1.007587
 1802.000000 0.572686 8.963649 8963.649383 3.593598
 1804.000000 0.448854 1.073245 1073.245367 0.430273
 1806.000000 0.520739 4.720046 4720.045673 1.892303
 1808.000000 0.490380 2.864723 2864.722568 1.148490
 1810.000000 0.467561 1.773570 1773.570178 0.711038
 1812.000000 0.485971 2.633642 2633.641943 1.055848
 1814.000000 0.508347 3.907095 3907.094884 1.566385
 1816.000000 0.419820 0.332825 332.825279 0.133432
 1818.000000 0.488569 2.768611 2768.610832 1.109958
 1820.000000 0.489600 2.823155 2823.154595 1.131825
 1822.000000 0.501499 3.490771 3490.771219 1.399478
 1824.000000 0.529312 5.327425 5327.425389 2.135807
 1826.000000 0.467851 1.785808 1785.807576 0.715944
 1828.000000 0.503590 3.615438 3615.437885 1.449458
 1830.000000 0.455132 1.288763 1288.762841 0.516675
 1832.000000 0.501454 3.488149 3488.149093 1.398426
 1834.000000 0.523666 4.923307 4923.306774 1.973792
 1836.000000 0.495311 3.134757 3134.756640 1.256749
 1838.000000 0.490380 2.864770 2864.770346 1.148509
 1840.000000 0.464705 1.655341 1655.341476 0.663639
 1842.000000 0.461011 1.508455 1508.454715 0.604751
 1844.000000 0.472083 1.969142 1969.142004 0.789445
 1846.000000 0.494990 3.116797 3116.797279 1.249549
 1848.000000 0.441236 0.838165 838.165256 0.336027
 1850.000000 0.526902 5.152988 5152.988455 2.065874
 1852.000000 0.488163 2.747312 2747.312342 1.101419
 1854.000000 0.470775 1.911506 1911.506424 0.766338
 1856.000000 0.435252 0.673889 673.889186 0.270167
 1858.000000 0.496791 3.218160 3218.160296 1.290186
 1860.000000 0.494075 3.065928 3065.928467 1.229155
 1862.000000 0.501739 3.504993 3504.992682 1.405179
 1864.000000 0.530860 5.441023 5441.022810 2.181349
 1866.000000 0.475428 2.120371 2120.371234 0.850074
 1868.000000 0.545581 6.581086 6581.086206 2.638409
 1870.000000 0.497266 3.245136 3245.135683 1.301000
 1872.000000 0.528809 5.290786 5290.786166 2.121118
 1874.000000 0.480211 2.346336 2346.336450 0.940665
 1876.000000 0.530352 5.403633 5403.632907 2.166359
 1878.000000 0.351298 0.256573 256.573162 0.102862
 1880.000000 0.286379 2.350025 2350.024934 0.942144
 1882.000000 0.310604 1.322386 1322.386409 0.530155
 1884.000000 0.428582 0.511860 511.859756 0.205209
 1886.000000 0.517681 4.512327 4512.326679 1.809027
 1888.000000 0.498227 3.300125 3300.125177 1.323046
 1890.000000 0.468931 1.831744 1831.744321 0.734361
 1892.000000 0.505370 3.723233 3723.233497 1.492674
 1894.000000 0.509512 3.980266 3980.265589 1.595720
 1896.000000 0.467597 1.775082 1775.082443 0.711645
 1898.000000 0.476116 2.152174 2152.173888 0.862823
 1900.000000 0.439992 0.802553 802.553200 0.321750
 1902.000000 0.530116 5.386319 5386.319441 2.159418
 1904.000000 0.561845 7.966647 7966.646811 3.193891
 1906.000000 0.485137 2.591014 2591.013599 1.038758
 1908.000000 0.362748 0.105937 105.937384 0.042471
 1910.000000 0.435258 0.674055 674.055068 0.270234
 1912.000000 0.497394 3.252442 3252.442259 1.303930
 1914.000000 0.448161 1.050668 1050.668286 0.421221
 1916.000000 0.488523 2.766211 2766.210897 1.108996
 1918.000000 0.443029 0.890879 890.878917 0.357160
 1920.000000 0.469410 1.852293 1852.293192 0.742599
 1922.000000 0.501167 3.471216 3471.216350 1.391638
 1924.000000 0.460661 1.494882 1494.882354 0.599310
 1926.000000 0.442882 0.886510 886.509633 0.355409
 1928.000000 0.403550 0.102180 102.180146 0.040965
 1930.000000 0.507824 3.874489 3874.489116 1.553313
 1932.000000 0.475683 2.132101 2132.100810 0.854776
 1934.000000 0.452320 1.189792 1189.792323 0.476997
 1936.000000 0.483883 2.527541 2527.541233 1.013311
 1938.000000 0.464058 1.629101 1629.100926 0.653119
 1940.000000 0.437873 0.743656 743.655912 0.298138
 1942.000000 0.518046 4.536869 4536.868577 1.818866
 1944.000000 0.541303 6.238578 6238.577801 2.501095
 1946.000000 0.478104 2.245393 2245.393024 0.900196
 1948.000000 0.462385 1.562288 1562.287912 0.626334
 1950.000000 0.533017 5.601285 5601.285063 2.245599
 1952.000000 0.426233 0.460103 460.103149 0.184459
 1954.000000 0.484090 2.537980 2537.979718 1.017496
 1956.000000 0.463167 1.593353 1593.352647 0.638788
 1958.000000 0.465264 1.678179 1678.178989 0.672795
 1960.000000 0.464272 1.637754 1637.753720 0.656588
 1962.000000 0.504153 3.649364 3649.364341 1.463059
 1964.000000 0.583299 9.996585 9996.584679 4.007710
 1966.000000 0.552973 7.194400 7194.399962 2.884292
 1968.000000 0.453661 1.236486 1236.486125 0.495717
 1970.000000 0.527402 5.188914 5188.914471 2.080277
 1972.000000 0.533226 5.616936 5616.936222 2.251874
 1974.000000 0.506224 3.775508 3775.508205 1.513631
 1976.000000 0.518373 4.558941 4558.940918 1.827715
 1978.000000 0.518959 4.598569 4598.568682 1.843602
 1980.000000 0.517466 4.497868 4497.867916 1.803231
 1982.000000 0.298615 1.794311 1794.311377 0.719354
 1984.000000 0.271944 3.101889 3101.888878 1.243572
 1986.000000 0.280841 2.626183 2626.183147 1.052858
 1988.000000 0.365420 0.080220 80.220250 0.032161
 1990.000000 0.286728 2.333145 2333.145167 0.935376
 1992.000000 0.304518 1.552952 1552.952181 0.622591
 1994.000000 0.451946 1.176936 1176.936088 0.471843
 1996.000000 0.458483 1.411865 1411.864713 0.566028
 1998.000000 0.506941 3.819744 3819.744228 1.531366
 2000.000000 0.507605 3.860835 3860.834621 1.547839
