#! FIELDS time d1 bb.bias bb.force2 lw
 0.000000 0.837001 51.453476 51453.476184 20.628104
 2.000000 0.481919 2.429763 2429.763065 0.974111
 4.000000 0.545867 6.604292 6604.292328 2.647713
 6.000000 0.465248 1.677496 1677.495536 0.672521
 8.000000 0.508454 3.913791 3913.791155 1.569070
 10.000000 0.487586 2.717164 2717.164103 1.089332
 12.000000 0.514253 4.284983 4284.983205 1.717884
 14.000000 0.517873 4.525226 4525.225634 1.814199
 16.000000 0.549676 6.917434 6917.434006 2.773254
 18.000000 0.556241 7.474251 7474.251077 2.996486
 20.000000 0.506266 3.778084 3778.083590 1.514663
 22.000000 0.508177 3.896482 3896.481622 1.562130
 24.000000 0.495811 3.162821 3162.820958 1.268000
 26.000000 0.542362 6.322537 6322.536981 2.534755
 28.000000 0.516242 4.416170 4416.170139 1.770477
 30.000000 0.442945 0.888398 888.397625 0.356166
 32.000000 0.485299 2.599267 2599.266865 1.042067
 34.000000 0.426293 0.461393 461.393414 0.184976
 36.000000 0.507876 3.877710 3877.710226 1.554605
 38.000000 0.573919 9.080697 9080.696732 3.640523
 40.000000 0.469543 1.858027 1858.026920 0.744898
 42.000000 0.481799 2.423853 2423.852995 0.971742
 44.000000 0.671714 20.790815 20790.814820 8.335201
 46.000000 0.558656 7.684508 7684.507796 3.080780
 48.000000 0.513541 4.238534 4238.533805 1.699262
 50.000000 0.514467 4.298988 4298.988120 1.723498
 52.000000 0.462759 1.577099 1577.098692 0.632271
 54.000000 0.517972 4.531901 4531.901294 1.816875
 56.000000 0.437930 0.745199 745.199378 0.298756
 58.000000 0.454200 1.255507 1255.507077 0.503343
 60.000000 0.523143 4.886677 4886.676799 1.959107
 62.000000 0.477631 2.223024 2223.023633 0.891228
 64.000000 0.453031 1.214447 1214.447290 0.486881
 66.000000 0.514825 4.322507 4322.506773 1.732927
 68.000000 0.458811 1.424209 1424.208552 0.570976
 70.000000 0.493311 3.023797 3023.797073 1.212264
 72.000000 0.528354 5.257760 5257.760392 2.107878
 74.000000 0.557367 7.571970 7571.969944 3.035662
 76.000000 0.567902 8.516387 8516.386809 3.414287
 78.000000 0.513434 4.231561 4231.561127 1.696466
 80.000000 0.494065 3.065402 3065.401965 1.228944
 82.000000 0.446747 1.005326 1005.326032 0.403043
 84.000000 0.488908 2.786515 2786.514656 1.117136
 86.000000 0.514834 4.323115 4323.115276 1.733171
 88.000000 0.469498 1.856069 1856.069188 0.744113
 90.000000 0.471485 1.942679 1942.678595 0.778835
 92.000000 0.487055 2.689561 2689.560622 1.078266
 94.000000 0.453854 1.243278 1243.277675 0.498440
 96.000000 0.465861 1.702695 1702.694659 0.682624
 98.000000 0.462446 1.564694 1564.694393 0.627298
 100.000000 0.505013 3.701457 3701.457151 1.483943
 102.000000 0.466694 1.737269 1737.268710 0.696485
 104.000000 0.495718 3.157594 3157.593748 1.265904
 106.000000 0.509366 3.971036 3971.035791 1.592020
 108.000000 0.512678 4.182490 4182.490387 1.676793
 110.000000 0.399868 0.068350 68.349846 0.027402
 112.000000 0.462875 1.581729 1581.728788 0.634128
 114.000000 0.486642 2.668186 2668.185815 1.069697
 116.000000 0.458056 1.395862 1395.862367 0.559612
 118.000000 0.483350 2.500818 2500.817614 1.002597
 120.000000 0.468701 1.821899 1821.899471 0.730414
 122.000000 0.468884 1.829738 1829.738071 0.733556
 124.000000 0.505262 3.716652 3716.651814 1.490035
 126.000000 0.287550 2.293597 2293.597316 0.919521
 128.000000 0.489315 2.808029 2808.029358 1.125761
 130.000000 0.421788 0.369682 369.681955 0.148208
 132.000000 0.495846 3.164754 3164.754317 1.268775
 134.000000 0.525690 5.066329 5066.329166 2.031131
 136.000000 0.505163 3.710622 3710.622325 1.487618
 138.000000 0.488731 2.777158 2777.158442 1.113385
 140.000000 0.490276 2.859190 2859.189701 1.146272
 142.000000 0.447037 1.014537 1014.537202 0.406736
 144.000000 0.486280 2.649518 2649.518371 1.062213
 146.000000 0.484969 2.582445 2582.445109 1.035323
 148.000000 0.522512 4.842706 4842.705907 1.941479
 150.000000 0.501879 3.513279 3513.278655 1.408501
 152.000000 0.489230 2.803505 2803.505434 1.123947
 154.000000 0.528054 5.236024 5236.024197 2.099163
 156.000000 0.541686 6.268915 6268.914971 2.513257
 158.000000 0.468190 1.800184 1800.184470 0.721708
 160.000000 0.434948 0.666010 666.009922 0.267009
 162.000000 0.398813 0.059901 59.901233 0.024015
 164.000000 0.517915 4.528043 4528.042541 1.815328
 166.000000 0.493398 3.028573 3028.572674 1.214179
 168.000000 0.477972 2.239129 2239.129079 0.897684
 170.000000 0.554172 7.296453 7296.452928 2.925205
 172.000000 0.506531 3.794402 3794.401701 1.521206
 174.000000 0.289852 2.184670 2184.669883 0.875851
 176.000000 0.281697 2.582480 2582.480465 1.035337
 178.000000 0.353679 0.219845 219.845181 0.088138
 180.000000 0.289355 2.207965 2207.965121 0.885191
 182.000000 0.402585 0.092655 92.654791 0.037146
 184.000000 0.470471 1.898226 1898.225826 0.761014
 186.000000 0.509799 3.998380 3998.380098 1.602982
 188.000000 0.523571 4.916660 4916.660456 1.971128
 190.000000 0.530029 5.379901 5379.900966 2.156845
 192.000000 0.539535 6.099730 6099.730161 2.445430
 194.000000 0.459835 1.463113 1463.113116 0.586574
 196.000000 0.477096 2.197878 2197.878164 0.881147
 198.000000 0.437131 0.723546 723.546443 0.290075
 200.000000 0.490908 2.893067 2893.066841 1.159853
 202.000000 0.542870 6.363013 6363.012735 2.550982
 204.000000 0.523444 4.907756 4907.756302 1.967558
 206.000000 0.549491 6.902085 6902.084956 2.767100
 208.000000 0.407162 0.141947 141.946838 0.056908
 210.000000 0.533580 5.643526 5643.525626 2.262534
 212.000000 0.533178 5.613374 5613.374411 2.250446
 214.000000 0.456323 1.331885 1331.885123 0.533963
 216.000000 0.469202 1.843351 1843.350721 0.739014
 218.000000 0.452308 1.189368 1189.367510 0.476827
 220.000000 0.456092 1.323472 1323.471548 0.530590
 222.000000 0.466027 1.709563 1709.563304 0.685377
 224.000000 0.451679 1.167780 1167.779527 0.468172
 226.000000 0.445496 0.966049 966.049045 0.387297
 228.000000 0.454669 1.272201 1272.201012 0.510035
 230.000000 0.439012 0.775040 775.039987 0.310720
 232.000000 0.423762 0.408619 408.618814 0.163819
 234.000000 0.497253 3.244405 3244.404923 1.300707
 236.000000 0.447443 1.027519 1027.518837 0.411940
 238.000000 0.454262 1.257735 1257.734816 0.504236
 240.000000 0.420844 0.351763 351.763450 0.141025
 242.000000 0.418448 0.308260 308.260165 0.123584
 244.000000 0.462015 1.547709 1547.708793 0.620489
 246.000000 0.434891 0.664555 664.554739 0.266425
 248.000000 0.514853 4.324385 4324.384685 1.733680
 250.000000 0.427826 0.494893 494.892810 0.198406
 252.000000 0.425279 0.439868 439.867595 0.176346
 254.000000 0.520352 4.693531 4693.530955 1.881674
 256.000000 0.497583 3.263223 3263.223021 1.308252
 258.000000 0.424813 0.430151 430.150532 0.172451
 260.000000 0.513192 4.215843 4215.843467 1.690165
 262.000000 0.511737 4.121872 4121.871890 1.652491
 264.000000 0.488109 2.744508 2744.507693 1.100295
 266.000000 0.460201 1.477151 1477.151204 0.592202
 268.000000 0.532552 5.566577 5566.576518 2.231684
 270.000000 0.513097 4.209641 4209.640527 1.687678
 272.000000 0.511596 4.112802 4112.801619 1.648855
 274.000000 0.589563 10.632626 10632.625781 4.262703
 276.000000 0.456613 1.342478 1342.477971 0.538210
 278.000000 0.530424 5.408946 5408.946045 2.168489
 280.000000 0.529833 5.365510 5365.509611 2.151075
 282.000000 0.502759 3.565636 3565.636411 1.429492
 284.000000 0.541738 6.273042 6273.042130 2.514912
 286.000000 0.461261 1.518169 1518.168880 0.608646
 288.000000 0.549007 6.861979 6861.978508 2.751021
 290.000000 0.457987 1.393283 1393.282886 0.558578
 292.000000 0.503135 3.588105 3588.104565 1.438499
 294.000000 0.488488 2.764350 2764.349908 1.108250
 296.000000 0.451819 1.172557 1172.556651 0.470087
 298.000000 0.422251 0.378645 378.644930 0.151802
 300.000000 0.379264 0.004139 4.138988 0.001659
 302.000000 0.551550 7.074239 7074.239468 2.836118
 304.000000 0.482792 2.472999 2472.999346 0.991445
 306.000000 0.271269 3.139630 3139.630173 1.258702
 308.000000 0.280015 2.668647 2668.647283 1.069882
 310.000000 0.274507 2.960813 2960.812510 1.187013
 312.000000 0.262679 3.639352 3639.352235 1.459045
 314.000000 0.252714 4.265372 4265.372007 1.710021
 316.000000 0.276092 2.875158 2875.158224 1.152674
 318.000000 0.283316 2.500891 2500.891044 1.002627
 320.000000 0.286998 2.320130 2320.129899 0.930158
 322.000000 0.435869 0.689996 689.995509 0.276625
 324.000000 0.473532 2.033969 2033.969429 0.815434
 326.000000 0.414715 0.246199 246.198846 0.098703
 328.000000 0.508527 3.918361 3918.360906 1.570902
 330.000000 0.542692 6.348812 6348.812339 2.545289
 332.000000 0.480590 2.364723 2364.723051 0.948036
 334.000000 0.464649 1.653045 1653.044705 0.662719
 336.000000 0.453485 1.230299 1230.298866 0.493237
 338.000000 0.387029 0.003415 3.414997 0.001369
 340.000000 0.498487 3.315073 3315.072709 1.329039
 342.000000 0.441601 0.848785 848.785102 0.340285
 344.000000 0.514109 4.275577 4275.577362 1.714113
 346.000000 0.557976 7.624976 7624.975529 3.056913
 348.000000 0.550019 6.946064 6946.064393 2.784732
 350.000000 0.273728 3.003349 3003.349119 1.204066
 352.000000 0.499268 3.360197 3360.197106 1.347129
 354.000000 0.501563 3.494583 3494.583203 1.401006
 356.000000 0.530758 5.433513 5433.512834 2.178338
 358.000000 0.577465 9.421778 9421.778402 3.777265
 360.000000 0.445440 0.964317 964.317199 0.386602
 362.000000 0.442488 0.874805 874.805208 0.350716
 364.000000 0.438413 0.758450 758.450285 0.304069
 366.000000 0.429203 0.526009 526.009426 0.210881
 368.000000 0.429005 0.521485 521.484784 0.209067
 370.000000 0.478498 2.264083 2264.083335 0.907689
 372.000000 0.407026 0.140337 140.337042 0.056262
 374.000000 0.470801 1.912646 1912.646268 0.766795
 376.000000 0.604196 12.195074 12195.073857 4.889101
 378.000000 0.487894 2.733238 2733.238138 1.095777
 380.000000 0.481243 2.396583 2396.583263 0.960809
 382.000000 0.514084 4.273952 4273.951527 1.713461
 384.000000 0.461927 1.544250 1544.249944 0.619102
 386.000000 0.477203 2.202890 2202.890209 0.883156
 388.000000 0.550189 6.960237 6960.237134 2.790414
 390.000000 0.516931 4.462071 4462.071462 1.788880
 392.000000 0.575839 9.264574 9264.574022 3.714241
 394.000000 0.485264 2.597449 2597.448681 1.041338
 396.000000 0.471203 1.930250 1930.249552 0.773852
 398.000000 0.499093 3.350067 3350.067082 1.343068
 400.000000 0.463483 1.605976 1605.976249 0.643849
 402.000000 0.469463 1.854580 1854.580403 0.743516
 404.000000 0.496935 3.226343 3226.343336 1.293466
 406.000000 0.435967 0.692578 692.578313 0.277660
 408.000000 0.476123 2.152479 2152.479489 0.862946
 410.000000 0.365452 0.079931 79.931312 0.032045
 412.000000 0.422026 0.374287 374.286981 0.150055
 414.000000 0.397634 0.051124 51.124088 0.020496
 416.000000 0.297395 1.846333 1846.332590 0.740209
 418.000000 0.309903 1.347994 1347.994432 0.540422
 420.000000 0.418591 0.310779 310.778632 0.124594
 422.000000 0.416590 0.276509 276.509412 0.110855
 424.000000 0.376925 0.010266 10.266152 0.004116
 426.000000 0.509939 4.007229 4007.229060 1.606530
 428.000000 0.474785 2.090853 2090.853221 0.838240
 430.000000 0.471753 1.954529 1954.528946 0.783586
 432.000000 0.441160 0.835968 835.968054 0.335146
 434.000000 0.504403 3.664494 3664.494238 1.469125
 436.000000 0.518728 4.582959 4582.958789 1.837344
 438.000000 0.477206 2.203030 2203.029954 0.883212
 440.000000 0.552940 7.191637 7191.637158 2.883184
 442.000000 0.514264 4.285716 4285.716217 1.718177
 444.000000 0.556562 7.502010 7502.010175 3.007615
 446.000000 0.510116 4.018432 4018.432379 1.611021
 448.000000 0.497285 3.246235 3246.234586 1.301441
 450.000000 0.463224 1.595635 1595.635070 0.639703
 452.000000 0.428746 0.515586 515.586379 0.206703
 454.000000 0.451997 1.178688 1178.687865 0.472545
 456.000000 0.520214 4.684070 4684.070097 1.877881
 458.000000 0.497739 3.272140 3272.140315 1.311827
 460.000000 0.491272 2.912693 2912.692648 1.167721
 462.000000 0.499536 3.375764 3375.763679 1.353370
 464.000000 0.340109 0.467090 467.090314 0.187260
 466.000000 0.343157 0.403539 403.539115 0.161782
 468.000000 0.295852 1.913234 1913.233746 0.767030
 470.000000 0.282379 2.547927 2547.927385 1.021484
 472.000000 0.322939 0.911862 911.861851 0.365573
 474.000000 0.282421 2.545817 2545.816815 1.020638
 476.000000 0.513143 4.212642 4212.642447 1.688882
 478.000000 0.448142 1.050039 1050.038801 0.420969
 480.000000 0.464429 1.644142 1644.141900 0.659149
 482.000000 0.551427 7.063832 7063.832156 2.831946
 484.000000 0.480957 2.382611 2382.611422 0.955208
 486.000000 0.558789 7.696164 7696.163978 3.085453
 488.000000 0.564314 8.188490 8188.490061 3.282830
 490.000000 0.555584 7.417568 7417.567674 2.973761
 492.000000 0.510534 4.045027 4045.027177 1.621683
 494.000000 0.502996 3.579816 3579.816158 1.435176
 496.000000 0.530989 5.450529 5450.529274 2.185160
 498.000000 0.442976 0.889325 889.324633 0.356537
 500.000000 0.268559 3.293310 3293.309721 1.320314
 502.000000 0.280447 2.646409 2646.408519 1.060966
 504.000000 0.316668 1.111062 1111.061829 0.445433
 506.000000 0.299047 1.776026 1776.025823 0.712023
 508.000000 0.267617 3.347591 3347.590880 1.342076
 510.000000 0.304090 1.569872 1569.872031 0.629374
 512.000000 0.283071 2.513145 2513.145142 1.007540
 514.000000 0.276239 2.867290 2867.289666 1.149519
 516.000000 0.289383 2.206661 2206.660727 0.884668
 518.000000 0.290092 2.173495 2173.494701 0.871371
 520.000000 0.371058 0.037672 37.672445 0.015103
 522.000000 0.388840 0.007582 7.581621 0.003040
 524.000000 0.487942 2.735736 2735.736265 1.096778
 526.000000 0.460107 1.473539 1473.538906 0.590753
 528.000000 0.527223 5.176032 5176.032049 2.075112
 530.000000 0.494637 3.097109 3097.109356 1.241656
 532.000000 0.455886 1.315984 1315.984327 0.527588
 534.000000 0.450210 1.118130 1118.130457 0.448267
 536.000000 0.462307 1.559197 1559.196527 0.625094
 538.000000 0.517779 4.518938 4518.937619 1.811678
 540.000000 0.476483 2.169224 2169.224145 0.869659
 542.000000 0.464988 1.666888 1666.887831 0.668268
 544.000000 0.507449 3.851149 3851.148869 1.543956
 546.000000 0.431780 0.586772 586.771978 0.235242
 548.000000 0.459980 1.468692 1468.691697 0.588810
 550.000000 0.463505 1.606864 1606.863580 0.644204
 552.000000 0.470905 1.917184 1917.183569 0.768614
 554.000000 0.555718 7.429078 7429.077901 2.978376
 556.000000 0.473784 2.045342 2045.342122 0.819994
 558.000000 0.424830 0.430484 430.483507 0.172584
 560.000000 0.490692 2.881454 2881.453693 1.155197
 562.000000 0.532379 5.553616 5553.616067 2.226488
 564.000000 0.615269 13.448561 13448.560829 5.391634
 566.000000 0.481765 2.422192 2422.191892 0.971076
 568.000000 0.499536 3.375761 3375.761497 1.353369
 570.000000 0.468427 1.810222 1810.222186 0.725732
 572.000000 0.440816 0.826054 826.054412 0.331172
 574.000000 0.490900 2.892622 2892.622154 1.159675
 576.000000 0.477196 2.202572 2202.571635 0.883028
 578.000000 0.497479 3.257314 3257.313827 1.305883
 580.000000 0.501130 3.469016 3469.016191 1.390756
 582.000000 0.492926 3.002620 3002.620056 1.203774
 584.000000 0.474849 2.093757 2093.756744 0.839404
 586.000000 0.486242 2.647538 2647.537593 1.061419
 588.000000 0.546175 6.629371 6629.370597 2.657767
 590.000000 0.479271 2.301028 2301.027740 0.922500
 592.000000 0.539216 6.074863 6074.863083 2.435460
 594.000000 0.554682 7.340081 7340.080581 2.942696
 596.000000 0.536436 5.860136 5860.135536 2.349374
 598.000000 0.528581 5.274208 5274.208486 2.114472
 600.000000 0.494700 3.100628 3100.627840 1.243066
 602.000000 0.433401 0.626704 626.704234 0.251251
 604.000000 0.439732 0.795189 795.189479 0.318798
 606.000000 0.460343 1.482611 1482.610657 0.594390
 608.000000 0.511956 4.135970 4135.969969 1.658143
 610.000000 0.441598 0.848684 848.683674 0.340244
 612.000000 0.484413 2.554280 2554.279711 1.024031
 614.000000 0.505458 3.728614 3728.613857 1.494831
 616.000000 0.463540 1.608296 1608.296064 0.644779
 618.000000 0.431367 0.576811 576.810507 0.231248
 620.000000 0.436339 0.702391 702.390662 0.281594
 622.000000 0.531635 5.498370 5498.369597 2.204340
 624.000000 0.424052 0.414498 414.498451 0.166176
 626.000000 0.527753 5.214266 5214.266292 2.090440
 628.000000 0.460523 1.489565 1489.565407 0.597179
 630.000000 0.398761 0.059503 59.503193 0.023855
 632.000000 0.568269 8.550279 8550.278711 3.427874
 634.000000 0.534236 5.692872 5692.871611 2.282317
 636.000000 0.526154 5.099457 5099.457274 2.044413
 638.000000 0.486914 2.682245 2682.245390 1.075333
 640.000000 0.542284 6.316363 6316.362857 2.532280
 642.000000 0.506136 3.770144 3770.144187 1.511480
 644.000000 0.443863 0.915958 915.958111 0.367215
 646.000000 0.512963 4.200954 4200.954481 1.684196
 648.000000 0.507827 3.874683 3874.683004 1.553391
 650.000000 0.537099 5.910953 5910.952758 2.369748
 652.000000 0.469692 1.864437 1864.437423 0.747468
 654.000000 0.472655 1.994595 1994.595002 0.799649
 656.000000 0.301868 1.659169 1659.169286 0.665174
 658.000000 0.451474 1.160777 1160.776688 0.465365
 660.000000 0.487897 2.733385 2733.385365 1.095836
 662.000000 0.557955 7.623170 7623.169908 3.056189
 664.000000 0.478230 2.251323 2251.323039 0.902573
 666.000000 0.477366 2.210552 2210.552059 0.886228
 668.000000 0.494246 3.075419 3075.419377 1.232960
 670.000000 0.455723 1.310054 1310.053578 0.525211
 672.000000 0.531368 5.478582 5478.581919 2.196407
 674.000000 0.472199 1.974261 1974.261270 0.791497
 676.000000 0.515691 4.379663 4379.662547 1.755841
 678.000000 0.486539 2.662847 2662.847499 1.067557
 680.000000 0.497559 3.261864 3261.864159 1.307707
 682.000000 0.489381 2.811538 2811.537919 1.127168
 684.000000 0.415671 0.261430 261.430488 0.104810
 686.000000 0.526134 5.098037 5098.037500 2.043843
 688.000000 0.543090 6.380545 6380.544735 2.558011
 690.000000 0.570274 8.736742 8736.742386 3.502629
 692.000000 0.502485 3.549307 3549.307002 1.422945
 694.000000 0.515641 4.376305 4376.304582 1.754495
 696.000000 0.466675 1.736479 1736.479096 0.696168
 698.000000 0.488817 2.781725 2781.724705 1.115215
 700.000000 0.506407 3.786789 3786.788504 1.518153
 702.000000 0.515623 4.375154 4375.154164 1.754034
 704.000000 0.448046 1.046933 1046.932903 0.419724
 706.000000 0.510017 4.012218 4012.218430 1.608530
 708.000000 0.504817 3.689547 3689.547097 1.479168
 710.000000 0.504413 3.665068 3665.067559 1.469354
 712.000000 0.527699 5.210326 5210.326244 2.088861
 714.000000 0.464661 1.653558 1653.558229 0.662925
 716.000000 0.445723 0.973106 973.105616 0.390126
 718.000000 0.456436 1.336003 1336.002939 0.535614
 720.000000 0.465095 1.671253 1671.252902 0.670018
 722.000000 0.485884 2.629169 2629.168557 1.054054
 724.000000 0.274359 2.968859 2968.858763 1.190239
 726.000000 0.288693 2.239193 2239.193009 0.897710
 728.000000 0.288396 2.253255 2253.255212 0.903348
 730.000000 0.269659 3.230472 3230.472418 1.295122
 732.000000 0.256212 4.039936 4039.935521 1.619642
 734.000000 0.285197 2.407693 2407.693043 0.965263
 736.000000 0.280566 2.640284 2640.283872 1.058511
 738.000000 0.262641 3.641681 3641.681322 1.459979
 740.000000 0.260086 3.797465 3797.464721 1.522434
 742.000000 0.278583 2.743160 2743.160464 1.099755
 744.000000 0.309266 1.371483 1371.483264 0.549838
 746.000000 0.261025 3.739835 3739.834633 1.499329
 748.000000 0.292997 2.040165 2040.165402 0.817918
 750.000000 0.458746 1.421775 1421.774812 0.570001
 752.000000 0.477283 2.206630 2206.629788 0.884655
 754.000000 0.538897 6.050023 6050.023400 2.425502
 756.000000 0.515529 4.368896 4368.895634 1.751525
 758.000000 0.556957 7.536309 7536.308799 3.021366
 760.000000 0.451434 1.159421 1159.421143 0.464821
 762.000000 0.482543 2.460663 2460.662937 0.986499
 764.000000 0.504072 3.644483 3644.483312 1.461102
 766.000000 0.542886 6.364258 6364.257793 2.551481
 768.000000 0.630032 15.215083 15215.082852 6.099847
 770.000000 0.518157 4.544381 4544.381128 1.821878
 772.000000 0.546731 6.674719 6674.718918 2.675947
 774.000000 0.462879 1.581877 1581.877422 0.634187
 776.000000 0.459371 1.445415 1445.414882 0.579478
 778.000000 0.479904 2.331496 2331.495874 0.934715
 780.000000 0.479409 2.307643 2307.642853 0.925152
 782.000000 0.567888 8.515115 8515.115305 3.413777
 784.000000 0.463998 1.626703 1626.703455 0.652158
 786.000000 0.537568 5.947084 5947.083640 2.384233
 788.000000 0.519202 4.615094 4615.093585 1.850227
 790.000000 0.523424 4.906376 4906.376199 1.967005
 792.000000 0.484972 2.582582 2582.581570 1.035377
 794.000000 0.575556 9.237419 9237.418980 3.703354
 796.000000 0.483482 2.507420 2507.419732 1.005244
 798.000000 0.404143 0.108255 108.255397 0.043400
 800.000000 0.443841 0.915299 915.299303 0.366951
 802.000000 0.286619 2.338404 2338.403678 0.937484
 804.000000 0.292427 2.065972 2065.971821 0.828264
 806.000000 0.468644 1.819483 1819.483104 0.729445
 808.000000 0.467440 1.768475 1768.474883 0.708996
 810.000000 0.462041 1.548729 1548.729440 0.620898
 812.000000 0.480135 2.342626 2342.626006 0.939177
 814.000000 0.533415 5.631139 5631.139043 2.257568
 816.000000 0.427003 0.476756 476.755892 0.191135
 818.000000 0.362988 0.103484 103.483860 0.041487
 820.000000 0.419301 0.323411 323.410565 0.129658
 822.000000 0.464552 1.649125 1649.124998 0.661147
 824.000000 0.462781 1.577969 1577.969091 0.632620
 826.000000 0.454904 1.280605 1280.605143 0.513405
 828.000000 0.471309 1.934926 1934.926065 0.775727
 830.000000 0.464309 1.639247 1639.246551 0.657187
 832.000000 0.408937 0.163888 163.888142 0.065704
 834.000000 0.491365 2.917727 2917.727470 1.169740
 836.000000 0.466527 1.730300 1730.300378 0.693691
 838.000000 0.469892 1.873104 1873.104227 0.750942
 840.000000 0.502189 3.531645 3531.645212 1.415864
 842.000000 0.446847 1.008506 1008.506318 0.404318
 844.000000 0.485375 2.603108 2603.107634 1.043606
 846.000000 0.441533 0.846788 846.788447 0.339484
 848.000000 0.474617 2.083167 2083.167217 0.835158
 850.000000 0.545341 6.561603 6561.602900 2.630598
 852.000000 0.539163 6.070724 6070.724264 2.433801
 854.000000 0.482219 2.444614 2444.614106 0.980065
 856.000000 0.536694 5.879903 5879.903431 2.357300
 858.000000 0.507745 3.869564 3869.563886 1.551339
 860.000000 0.482837 2.475242 2475.242087 0.992344
 862.000000 0.487484 2.711838 2711.838058 1.087197
 864.000000 0.487800 2.728333 2728.333280 1.093810
 866.000000 0.549173 6.875689 6875.689370 2.756518
 868.000000 0.502276 3.536824 3536.824304 1.417941
 870.000000 0.479512 2.312588 2312.587973 0.927135
 872.000000 0.474558 2.080470 2080.469809 0.834077
 874.000000 0.451860 1.173979 1173.978773 0.470657
 876.000000 0.532196 5.540055 5540.055020 2.221052
 878.000000 0.472018 1.966254 1966.253917 0.788287
 880.000000 0.445580 0.968660 968.660368 0.388344
 882.000000 0.506972 3.821638 3821.637675 1.532125
 884.000000 0.540233 6.154402 6154.401786 2.467348
 886.000000 0.449192 1.084336 1084.336484 0.434719
 888.000000 0.554485 7.323258 7323.258002 2.935952
 890.000000 0.433674 0.633540 633.540017 0.253991
 892.000000 0.501527 3.492445 3492.444632 1.400149
 894.000000 0.397704 0.051628 51.628373 0.020698
 896.000000 0.287224 2.309244 2309.244456 0.925794
 898.000000 0.243920 4.858986 4858.986415 1.948006
 900.000000 0.305002 1.533939 1533.939164 0.614968
 902.000000 0.270816 3.165053 3165.052745 1.268895
 904.000000 0.298343 1.805824 1805.823787 0.723969
 906.000000 0.320653 0.982218 982.217722 0.393779
 908.000000 0.276010 2.879577 2879.577498 1.154445
 910.000000 0.260632 3.763884 3763.884023 1.508971
 912.000000 0.262551 3.647084 3647.084322 1.462145
 914.000000 0.283689 2.482262 2482.261512 0.995158
 916.000000 0.257732 3.943905 3943.905086 1.581143
 918.000000 0.321010 0.971039 971.038698 0.389297
 920.000000 0.277439 2.803418 2803.418124 1.123912
 922.000000 0.274310 2.971540 2971.539694 1.191314
 924.000000 0.293828 2.002782 2002.781601 0.802931
 926.000000 0.410094 0.179038 179.037757 0.071778
 928.000000 0.304366 1.558969 1558.969393 0.625003
 930.000000 0.251183 4.365920 4365.919967 1.750332
 932.000000 0.280667 2.635075 2635.075315 1.056422
 934.000000 0.506673 3.803186 3803.185535 1.524727
 936.000000 0.533365 5.627365 5627.364825 2.256055
 938.000000 0.436118 0.696546 696.545779 0.279251
 940.000000 0.411611 0.199905 199.905201 0.080144
 942.000000 0.334525 0.595558 595.557649 0.238764
 944.000000 0.288812 2.233557 2233.556558 0.895450
 946.000000 0.275612 2.900979 2900.979423 1.163025
 948.000000 0.261770 3.694384 3694.383975 1.481108
 950.000000 0.331344 0.675721 675.721236 0.270902
 952.000000 0.330539 0.696814 696.813652 0.279358
 954.000000 0.299617 1.752114 1752.114053 0.702436
 956.000000 0.281106 2.612608 2612.608023 1.047415
 958.000000 0.502145 3.529025 3529.024844 1.414814
 960.000000 0.502318 3.539332 3539.331884 1.418946
 962.000000 0.479580 2.315842 2315.842086 0.928439
 964.000000 0.483875 2.527145 2527.145238 1.013152
 966.000000 0.453493 1.230607 1230.607429 0.493360
 968.000000 0.406421 0.133266 133.265590 0.053427
 970.000000 0.444311 0.929575 929.574998 0.372674
 972.000000 0.355004 0.200632 200.632065 0.080435
 974.000000 0.496755 3.216146 3216.145518 1.289378
 976.000000 0.465197 1.675400 1675.400421 0.671681
 978.000000 0.478784 2.277721 2277.721463 0.913156
 980.000000 0.558365 7.659008 7659.007929 3.070557
 982.000000 0.538050 5.984310 5984.310004 2.399157
 984.000000 0.482962 2.481487 2481.487053 0.994848
 986.000000 0.465157 1.673760 1673.759733 0.671023
 988.000000 0.501770 3.506784 3506.783920 1.405897
 990.000000 0.464174 1.633791 1633.790591 0.655000
 992.000000 0.446619 1.001263 1001.262889 0.401414
 994.000000 0.454778 1.276090 1276.090273 0.511595
 996.000000 0.459582 1.453479 1453.479458 0.582711
 998.000000 0.465925 1.705362 1705.361844 0.683693
 1000.000000 0.450202 1.117868 1117.867736 0.448162
 1002.000000 0.498466 3.313893 3313.892545 1.328566
 1004.000000 0.455979 1.319343 1319.342744 0.528935
 1006.000000 0.525178 5.029997 5029.996764 2.016565
 1008.000000 0.609160 12.749418 12749.418432 5.111342
 1010.000000 0.532968 5.597611 5597.610538 2.244126
 1012.000000 0.443359 0.900757 900.756533 0.361120
 1014.000000 0.419219 0.321950 321.949738 0.129072
 1016.000000 0.440971 0.830538 830.538358 0.332969
 1018.000000 0.412867 0.218057 218.056518 0.087421
 1020.000000 0.498736 3.329419 3329.418939 1.334790
 1022.000000 0.492587 2.984085 2984.085022 1.196343
 1024.000000 0.490650 2.879210 2879.209980 1.154298
 1026.000000 0.521049 4.741434 4741.434067 1.900878
 1028.000000 0.531924 5.519812 5519.812240 2.212936
 1030.000000 0.538495 6.018808 6018.808326 2.412988
 1032.000000 0.512672 4.182132 4182.131814 1.676650
 1034.000000 0.559646 7.771508 7771.508212 3.115659
 1036.000000 0.561110 7.901132 7901.131555 3.167626
 1038.000000 0.542183 6.308323 6308.322640 2.529056
 1040.000000 0.457267 1.366552 1366.551594 0.547861
 1042.000000 0.432547 0.605508 605.507791 0.242753
 1044.000000 0.483129 2.489801 2489.801104 0.998181
 1046.000000 0.438701 0.766402 766.401903 0.307257
 1048.000000 0.495196 3.128296 3128.296241 1.254159
 1050.000000 0.471107 1.926047 1926.046957 0.772167
 1052.000000 0.484098 2.538357 2538.356760 1.017647
 1054.000000 0.468909 1.830779 1830.779018 0.733974
 1056.000000 0.458826 1.424792 1424.791700 0.571210
 1058.000000 0.466851 1.743790 1743.790148 0.699099
 1060.000000 0.469905 1.873674 1873.674175 0.751171
 1062.000000 0.491487 2.924318 2924.317601 1.172382
 1064.000000 0.445998 0.981710 981.709901 0.393575
 1066.000000 0.549514 6.904004 6904.004236 2.767870
 1068.000000 0.543802 6.437543 6437.543361 2.580862
 1070.000000 0.495378 3.138513 3138.513012 1.258255
 1072.000000 0.495842 3.164564 3164.564338 1.268699
 1074.000000 0.560750 7.869208 7869.207971 3.154827
 1076.000000 0.537264 5.923681 5923.681074 2.374850
 1078.000000 0.493654 3.042678 3042.678197 1.219834
 1080.000000 0.454237 1.256838 1256.837871 0.503876
 1082.000000 0.520043 4.672352 4672.351896 1.873183
 1084.000000 0.454131 1.253084 1253.084007 0.502371
 1086.000000 0.572498 8.945810 8945.810434 3.586446
 1088.000000 0.560362 7.834806 7834.805915 3.141035
 1090.000000 0.523841 4.935585 4935.585473 1.978715
 1092.000000 0.496481 3.200587 3200.587441 1.283141
 1094.000000 0.439566 0.790515 790.514726 0.316924
 1096.000000 0.456003 1.320226 1320.226301 0.529289
 1098.000000 0.425130 0.436730 436.730022 0.175089
 1100.000000 0.431447 0.578726 578.725687 0.232016
 1102.000000 0.478221 2.250926 2250.925597 0.902414
 1104.000000 0.434170 0.646102 646.102395 0.259028
 1106.000000 0.472857 2.003603 2003.603314 0.803260
 1108.000000 0.521801 4.793353 4793.352902 1.921693
 1110.000000 0.474468 2.076404 2076.404092 0.832447
 1112.000000 0.452721 1.203670 1203.669732 0.482561
 1114.000000 0.304094 1.569699 1569.699488 0.629305
 1116.000000 0.292871 2.045853 2045.853336 0.820199
 1118.000000 0.278032 2.772100 2772.099696 1.111357
 1120.000000 0.254990 4.118024 4118.023753 1.650948
 1122.000000 0.359514 0.141839 141.839245 0.056864
 1124.000000 0.349691 0.282960 282.959856 0.113441
 1126.000000 0.506094 3.767542 3767.542096 1.510437
 1128.000000 0.454322 1.259836 1259.835694 0.505078
 1130.000000 0.407261 0.143137 143.136539 0.057385
 1132.000000 0.583768 10.043476 10043.476383 4.026509
 1134.000000 0.422788 0.389168 389.168032 0.156021
 1136.000000 0.490069 2.848133 2848.132733 1.141839
 1138.000000 0.524426 4.976805 4976.805137 1.995240
 1140.000000 0.462280 1.558144 1558.143841 0.624672
 1142.000000 0.409640 0.173014 173.014057 0.069363
 1144.000000 0.424798 0.429821 429.821396 0.172319
 1146.000000 0.490254 2.857996 2857.995505 1.145793
 1148.000000 0.452783 1.205818 1205.818030 0.483422
 1150.000000 0.278796 2.732001 2732.000768 1.095281
 1152.000000 0.521500 4.772474 4772.473870 1.913322
 1154.000000 0.471859 1.959190 1959.190019 0.785455
 1156.000000 0.464813 1.659749 1659.748778 0.665406
 1158.000000 0.494106 3.067619 3067.618536 1.229832
 1160.000000 0.411681 0.200903 200.903469 0.080544
 1162.000000 0.280709 2.632939 2632.938907 1.055566
 1164.000000 0.513504 4.236093 4236.093403 1.698283
 1166.000000 0.497110 3.236255 3236.254996 1.297440
 1168.000000 0.489864 2.837184 2837.183827 1.137449
 1170.000000 0.517085 4.472383 4472.383234 1.793014
 1172.000000 0.567526 8.481747 8481.747200 3.400399
 1174.000000 0.332449 0.647297 647.297254 0.259507
 1176.000000 0.420031 0.336680 336.680430 0.134978
 1178.000000 0.491509 2.925475 2925.474851 1.172846
 1180.000000 0.444912 0.947972 947.972413 0.380050
 1182.000000 0.459365 1.445186 1445.186333 0.579387
 1184.000000 0.461924 1.544104 1544.103742 0.619043
 1186.000000 0.558199 7.644459 7644.458936 3.064724
 1188.000000 0.525692 5.066531 5066.531149 2.031212
 1190.000000 0.486645 2.668347 2668.346782 1.069761
 1192.000000 0.476103 2.151573 2151.572510 0.862582
 1194.000000 0.465371 1.682547 1682.546794 0.674546
 1196.000000 0.499351 3.365030 3365.029592 1.349067
 1198.000000 0.448684 1.067670 1067.670186 0.428037
 1200.000000 0.477147 2.200260 2200.259900 0.882102
 1202.000000 0.459888 1.465167 1465.167376 0.587397
 1204.000000 0.492209 2.963502 2963.502125 1.188091
 1206.000000 0.472323 1.979803 1979.803405 0.793719
 1208.000000 0.482487 2.457848 2457.848031 0.985371
 1210.000000 0.480254 2.348380 2348.380135 0.941484
 1212.000000 0.505587 3.736466 3736.465898 1.497979
 1214.000000 0.490009 2.844924 2844.924002 1.140552
 1216.000000 0.507024 3.824848 3824.848109 1.533412
 1218.000000 0.502910 3.574648 3574.648261 1.433105
 1220.000000 0.271161 3.145671 3145.671267 1.261124
 1222.000000 0.339029 0.490727 490.727018 0.196736
 1224.000000 0.265570 3.467066 3467.066396 1.389974
 1226.000000 0.264575 3.525865 3525.864518 1.413547
 1228.000000 0.494542 3.091858 3091.858268 1.239550
 1230.000000 0.451218 1.152069 1152.068509 0.461873
 1232.000000 0.441964 0.859388 859.388240 0.344536
 1234.000000 0.456117 1.324375 1324.375256 0.530952
 1236.000000 0.400373 0.072586 72.585899 0.029100
 1238.000000 0.467438 1.768383 1768.383222 0.708959
 1240.000000 0.451250 1.153178 1153.177591 0.462318
 1242.000000 0.472141 1.971683 1971.683172 0.790463
 1244.000000 0.448892 1.074495 1074.495100 0.430774
 1246.000000 0.469917 1.874163 1874.162948 0.751367
 1248.000000 0.414324 0.240104 240.104394 0.096260
 1250.000000 0.541834 6.280650 6280.650306 2.517962
 1252.000000 0.473335 2.025071 2025.070928 0.811867
 1254.000000 0.469544 1.858078 1858.078174 0.744918
 1256.000000 0.564447 8.200554 8200.553922 3.287667
 1258.000000 0.485452 2.607042 2607.042148 1.045184
 1260.000000 0.476782 2.183156 2183.155623 0.875244
 1262.000000 0.412775 0.216701 216.700662 0.086877
 1264.000000 0.472976 2.008971 2008.970672 0.805412
 1266.000000 0.458379 1.407977 1407.977442 0.564469
 1268.000000 0.466526 1.730268 1730.267525 0.693678
 1270.000000 0.469163 1.841697 1841.696769 0.738351
 1272.000000 0.458722 1.420880 1420.879705 0.569642
 1274.000000 0.515223 4.348734 4348.733711 1.743442
 1276.000000 0.507427 3.849789 3849.789138 1.543411
 1278.000000 0.542418 6.327016 6327.015852 2.536550
 1280.000000 0.488862 2.784056 2784.056348 1.116150
 1282.000000 0.492296 2.968230 2968.229699 1.189987
 1284.000000 0.503618 3.617124 3617.124489 1.450134
 1286.000000 0.473930 2.051926 2051.926307 0.822633
 1288.000000 0.335497 0.572081 572.081257 0.229352
 1290.000000 0.456031 1.321236 1321.236218 0.529694
 1292.000000 0.482775 2.472144 2472.144323 0.991102
 1294.000000 0.484523 2.559819 2559.819487 1.026252
 1296.000000 0.496144 3.181570 3181.569640 1.275516
 1298.000000 0.439646 0.792772 792.772404 0.317829
 1300.000000 0.514571 4.305813 4305.812822 1.726234
 1302.000000 0.563647 8.128263 8128.262707 3.258685
 1304.000000 0.502020 3.521635 3521.634982 1.411851
 1306.000000 0.464718 1.655880 1655.880358 0.663855
 1308.000000 0.531667 5.500734 5500.733920 2.205288
 1310.000000 0.451857 1.173880 1173.880295 0.470618
 1312.000000 0.458754 1.422071 1422.070796 0.570119
 1314.000000 0.505822 3.750853 3750.853069 1.503747
 1316.000000 0.579828 9.652565 9652.564775 3.869789
 1318.000000 0.499152 3.353507 3353.507079 1.344447
 1320.000000 0.509787 3.997643 3997.642518 1.602686
 1322.000000 0.497641 3.266567 3266.567184 1.309593
 1324.000000 0.523373 4.902785 4902.785124 1.965565
 1326.000000 0.510332 4.032148 4032.147989 1.616520
 1328.000000 0.482271 2.447145 2447.144963 0.981080
 1330.000000 0.565776 8.321349 8321.348594 3.336094
 1332.000000 0.494970 3.115683 3115.683092 1.249102
 1334.000000 0.510052 4.014387 4014.387219 1.609399
 1336.000000 0.478201 2.249946 2249.946052 0.902021
 1338.000000 0.456397 1.334581 1334.581106 0.535044
 1340.000000 0.454072 1.250975 1250.974506 0.501526
 1342.000000 0.473058 2.012634 2012.634333 0.806881
 1344.000000 0.432016 0.592495 592.494680 0.237536
 1346.000000 0.535771 5.809296 5809.295814 2.328992
 1348.000000 0.485685 2.618954 2618.954493 1.049959
 1350.000000 0.529269 5.324276 5324.276275 2.134544
 1352.000000 0.447038 1.014576 1014.576488 0.406752
 1354.000000 0.463649 1.612647 1612.646506 0.646523
 1356.000000 0.482663 2.466606 2466.606372 0.988882
 1358.000000 0.475166 2.108310 2108.310313 0.845238
 1360.000000 0.522426 4.836659 4836.658828 1.939055
 1362.000000 0.446082 0.984333 984.333283 0.394627
 1364.000000 0.597692 11.487381 11487.381295 4.605382
 1366.000000 0.509238 3.963006 3963.005633 1.588800
 1368.000000 0.486302 2.650632 2650.632159 1.062659
 1370.000000 0.535687 5.802894 5802.894445 2.326426
 1372.000000 0.539270 6.079041 6079.040596 2.437135
 1374.000000 0.521945 4.803265 4803.265210 1.925667
 1376.000000 0.542609 6.342161 6342.161221 2.542622
 1378.000000 0.495160 3.126290 3126.290484 1.253354
 1380.000000 0.537317 5.927773 5927.773007 2.376491
 1382.000000 0.540816 6.200199 6200.198741 2.485709
 1384.000000 0.537643 5.952884 5952.883910 2.386558
 1386.000000 0.457411 1.371887 1371.887500 0.550001
 1388.000000 0.457740 1.384086 1384.085838 0.554891
 1390.000000 0.516360 4.423998 4423.998323 1.773616
 1392.000000 0.609115 12.744382 12744.382136 5.109323
 1394.000000 0.467108 1.754537 1754.537099 0.703408
 1396.000000 0.469967 1.876368 1876.367596 0.752251
 1398.000000 0.448046 1.046928 1046.927968 0.419722
 1400.000000 0.482970 2.481854 2481.853881 0.994995
 1402.000000 0.457581 1.378188 1378.187591 0.552526
 1404.000000 0.489006 2.791680 2791.679905 1.119206
 1406.000000 0.509007 3.948467 3948.467128 1.582972
 1408.000000 0.456979 1.355933 1355.932786 0.543604
 1410.000000 0.467378 1.765886 1765.885716 0.707957
 1412.000000 0.473756 2.044066 2044.066301 0.819482
 1414.000000 0.461626 1.532418 1532.417683 0.614358
 1416.000000 0.486861 2.679492 2679.492121 1.074229
 1418.000000 0.519161 4.612319 4612.318675 1.849115
 1420.000000 0.537417 5.935431 5935.431379 2.379561
 1422.000000 0.463740 1.616292 1616.292169 0.647984
 1424.000000 0.519301 4.621824 4621.824175 1.852926
 1426.000000 0.467955 1.790223 1790.223166 0.717715
 1428.000000 0.481114 2.390276 2390.276086 0.958281
 1430.000000 0.458069 1.396372 1396.371563 0.559816
 1432.000000 0.454776 1.276000 1275.999672 0.511558
 1434.000000 0.474312 2.069258 2069.257799 0.829582
 1436.000000 0.435279 0.674584 674.584416 0.270446
 1438.000000 0.473431 2.029382 2029.381898 0.813595
 1440.000000 0.593048 10.995010 10995.010227 4.407986
 1442.000000 0.561039 7.894844 7894.843794 3.165105
 1444.000000 0.533144 5.610807 5610.806607 2.249417
 1446.000000 0.526269 5.107637 5107.637252 2.047692
 1448.000000 0.611967 13.068337 13068.336599 5.239199
 1450.000000 0.474693 2.086642 2086.641691 0.836551
 1452.000000 0.470741 1.910014 1910.013659 0.765740
 1454.000000 0.502893 3.573623 3573.623342 1.432694
 1456.000000 0.393780 0.027283 27.282556 0.010938
 1458.000000 0.435204 0.672632 672.631956 0.269663
 1460.000000 0.435790 0.687920 687.919518 0.275792
 1462.000000 0.485052 2.586668 2586.668015 1.037016
 1464.000000 0.502633 3.558083 3558.083458 1.426464
 1466.000000 0.518382 4.559521 4559.520775 1.827948
 1468.000000 0.516450 4.430009 4430.009328 1.776026
 1470.000000 0.419588 0.328602 328.602049 0.131739
 1472.000000 0.551778 7.093435 7093.435186 2.843814
 1474.000000 0.566231 8.362907 8362.907405 3.352755
 1476.000000 0.509569 3.983854 3983.853602 1.597158
 1478.000000 0.430359 0.552855 552.854936 0.221644
 1480.000000 0.525469 5.050640 5050.639595 2.024841
 1482.000000 0.522700 4.855756 4855.756457 1.946711
 1484.000000 0.508912 3.942471 3942.471370 1.580568
 1486.000000 0.478073 2.243891 2243.890722 0.899593
 1488.000000 0.546413 6.648783 6648.782624 2.665549
 1490.000000 0.531224 5.467909 5467.909198 2.192128
 1492.000000 0.526070 5.093457 5093.457276 2.042007
 1494.000000 0.437039 0.721085 721.084872 0.289089
 1496.000000 0.458064 1.396186 1396.185787 0.559742
 1498.000000 0.457540 1.376668 1376.667701 0.551917
 1500.000000 0.470803 1.912718 1912.717957 0.766824
 1502.000000 0.494108 3.067779 3067.779351 1.229897
 1504.000000 0.500216 3.415362 3415.362047 1.369246
 1506.000000 0.540452 6.171586 6171.585921 2.474237
 1508.000000 0.279530 2.693781 2693.780805 1.079958
 1510.000000 0.268849 3.276656 3276.656295 1.313637
 1512.000000 0.290034 2.176190 2176.189613 0.872452
 1514.000000 0.258012 3.926367 3926.367205 1.574112
 1516.000000 0.288421 2.252065 2252.065028 0.902871
 1518.000000 0.269761 3.224691 3224.690625 1.292804
 1520.000000 0.293685 2.009184 2009.184467 0.805498
 1522.000000 0.480308 2.351041 2351.040906 0.942551
 1524.000000 0.478532 2.265673 2265.672958 0.908326
 1526.000000 0.497174 3.239916 3239.915872 1.298908
 1528.000000 0.520738 4.719996 4719.995797 1.892283
 1530.000000 0.508482 3.915567 3915.567061 1.569782
 1532.000000 0.463572 1.609575 1609.575391 0.645291
 1534.000000 0.536310 5.850491 5850.491097 2.345508
 1536.000000 0.487716 2.723918 2723.918313 1.092040
 1538.000000 0.465092 1.671124 1671.123501 0.669967
 1540.000000 0.439888 0.799609 799.609154 0.320570
 1542.000000 0.520922 4.732680 4732.679513 1.897368
 1544.000000 0.501648 3.499572 3499.571705 1.403006
 1546.000000 0.547010 6.697525 6697.525224 2.685091
 1548.000000 0.519294 4.621340 4621.340022 1.852732
 1550.000000 0.532236 5.543033 5543.032666 2.222245
 1552.000000 0.566765 8.411791 8411.791448 3.372353
 1554.000000 0.454430 1.263673 1263.672838 0.506616
 1556.000000 0.512988 4.202606 4202.606236 1.684858
 1558.000000 0.552598 7.162662 7162.662399 2.871568
 1560.000000 0.528284 5.252680 5252.679673 2.105841
 1562.000000 0.585304 10.198064 10198.064464 4.088484
 1564.000000 0.502531 3.552022 3552.022066 1.424034
 1566.000000 0.472541 1.989512 1989.511808 0.797611
 1568.000000 0.577926 9.466584 9466.584151 3.795228
 1570.000000 0.472289 1.978283 1978.283105 0.793109
 1572.000000 0.435393 0.677558 677.558175 0.271638
 1574.000000 0.419955 0.335289 335.288989 0.134420
 1576.000000 0.437251 0.726769 726.768602 0.291367
 1578.000000 0.473501 2.032554 2032.553619 0.814867
 1580.000000 0.519343 4.624660 4624.659808 1.854063
 1582.000000 0.505695 3.743108 3743.108354 1.500642
 1584.000000 0.491341 2.916396 2916.396237 1.169206
 1586.000000 0.462542 1.568486 1568.486077 0.628818
 1588.000000 0.472384 1.982507 1982.506734 0.794803
 1590.000000 0.496094 3.178747 3178.747038 1.274385
 1592.000000 0.491258 2.911925 2911.924943 1.167414
 1594.000000 0.481195 2.394246 2394.246324 0.959872
 1596.000000 0.294875 1.956212 1956.212151 0.784261
 1598.000000 0.308104 1.414862 1414.862000 0.567229
 1600.000000 0.443347 0.900410 900.409667 0.360981
 1602.000000 0.505217 3.713908 3713.907796 1.488935
 1604.000000 0.453718 1.238505 1238.504571 0.496526
 1606.000000 0.475183 2.109071 2109.071236 0.845543
 1608.000000 0.452668 1.201829 1201.829495 0.481823
 1610.000000 0.425019 0.434432 434.431619 0.174167
 1612.000000 0.416406 0.273450 273.449594 0.109628
 1614.000000 0.529055 5.308718 5308.718052 2.128307
 1616.000000 0.475266 2.112884 2112.883555 0.847072
 1618.000000 0.535362 5.778191 5778.191492 2.316522
 1620.000000 0.560504 7.847318 7847.317553 3.146051
 1622.000000 0.471028 1.922577 1922.577408 0.770776
 1624.000000 0.496960 3.227765 3227.764873 1.294036
 1626.000000 0.516054 4.403722 4403.722242 1.765487
 1628.000000 0.449729 1.102103 1102.103419 0.441842
 1630.000000 0.489020 2.792442 2792.442019 1.119512
 1632.000000 0.448443 1.059814 1059.813645 0.424888
 1634.000000 0.493595 3.039385 3039.384820 1.218513
 1636.000000 0.434672 0.658907 658.906508 0.264161
 1638.000000 0.405838 0.126611 126.611293 0.050759
 1640.000000 0.442062 0.862273 862.272901 0.345692
 1642.000000 0.484375 2.552364 2552.363593 1.023263
 1644.000000 0.551859 7.100236 7100.235812 2.846540
 1646.000000 0.524189 4.960074 4960.074430 1.988533
 1648.000000 0.490916 2.893529 2893.528925 1.160039
 1650.000000 0.411440 0.197502 197.501913 0.079180
 1652.000000 0.496929 3.225976 3225.975752 1.293319
 1654.000000 0.427849 0.495409 495.408631 0.198613
 1656.000000 0.468227 1.801744 1801.743939 0.722333
 1658.000000 0.434463 0.653549 653.549169 0.262013
 1660.000000 0.374370 0.020085 20.084551 0.008052
 1662.000000 0.467531 1.772330 1772.330177 0.710541
 1664.000000 0.458842 1.425386 1425.385710 0.571448
 1666.000000 0.588358 10.508785 10508.784699 4.213055
 1668.000000 0.492979 3.005528 3005.528154 1.204940
 1670.000000 0.522815 4.863749 4863.749134 1.949915
 1672.000000 0.433944 0.640355 640.354715 0.256723
 1674.000000 0.411140 0.193300 193.300078 0.077496
 1676.000000 0.479024 2.289198 2289.198481 0.917758
 1678.000000 0.527968 5.229833 5229.832589 2.096681
 1680.000000 0.504906 3.695007 3695.007443 1.481358
 1682.000000 0.407376 0.144517 144.516710 0.057938
 1684.000000 0.269445 3.242645 3242.644804 1.300002
 1686.000000 0.271789 3.110534 3110.534292 1.247038
 1688.000000 0.287770 2.283077 2283.076529 0.915303
 1690.000000 0.528198 5.246429 5246.429249 2.103335
 1692.000000 0.565930 8.335363 8335.363296 3.341713
 1694.000000 0.521695 4.785991 4785.991094 1.918742
 1696.000000 0.511521 4.107992 4107.991846 1.646926
 1698.000000 0.413546 0.228199 228.199057 0.091487
 1700.000000 0.516704 4.446927 4446.927306 1.782808
 1702.000000 0.445790 0.975208 975.207615 0.390968
 1704.000000 0.509445 3.976025 3976.024766 1.594020
 1706.000000 0.446470 0.996551 996.551386 0.399525
 1708.000000 0.520026 4.671212 4671.211955 1.872726
 1710.000000 0.549120 6.871335 6871.334666 2.754772
 1712.000000 0.590742 10.754609 10754.608854 4.311607
 1714.000000 0.460102 1.473356 1473.355553 0.590680
 1716.000000 0.434959 0.666313 666.313217 0.267130
 1718.000000 0.455410 1.298779 1298.778856 0.520691
 1720.000000 0.477665 2.224626 2224.625730 0.891870
 1722.000000 0.490968 2.896317 2896.316514 1.161156
 1724.000000 0.475061 2.103488 2103.488312 0.843305
 1726.000000 0.484463 2.556791 2556.791387 1.025038
 1728.000000 0.471939 1.962728 1962.727513 0.786873
 1730.000000 0.539103 6.066028 6066.027730 2.431918
 1732.000000 0.555824 7.438292 7438.292330 2.982070
 1734.000000 0.436029 0.694207 694.206553 0.278313
 1736.000000 0.461647 1.533277 1533.276933 0.614703
 1738.000000 0.483584 2.512572 2512.571664 1.007310
 1740.000000 0.451372 1.157316 1157.316363 0.463977
 1742.000000 0.479288 2.301833 2301.833355 0.922823
 1744.000000 0.578549 9.527325 9527.325276 3.819580
 1746.000000 0.461124 1.512863 1512.862577 0.606519
 1748.000000 0.541981 6.292233 6292.233328 2.522606
 1750.000000 0.494484 3.088592 3088.591642 1.238241
 1752.000000 0.470845 1.914581 1914.580768 0.767571
 1754.000000 0.467209 1.758781 1758.781103 0.705109
 1756.000000 0.473882 2.049754 2049.754299 0.821763
 1758.000000 0.486151 2.642862 2642.862235 1.059544
 1760.000000 0.465229 1.676723 1676.723191 0.672212
 1762.000000 0.556639 7.508697 7508.696899 3.010296
 1764.000000 0.479196 2.297421 2297.421270 0.921054
 1766.000000 0.453379 1.226608 1226.608215 0.491757
 1768.000000 0.431398 0.577560 577.560065 0.231548
 1770.000000 0.413777 0.231707 231.706898 0.092893
 1772.000000 0.533573 5.643018 5643.018055 2.262330
 1774.000000 0.442430 0.873113 873.113491 0.350038
 1776.000000 0.412660 0.215013 215.012836 0.086200
 1778.000000 0.526530 5.126328 5126.328488 2.055185
 1780.000000 0.485437 2.606275 2606.274746 1.044876
 1782.000000 0.478038 2.242229 2242.228867 0.898927
 1784.000000 0.499826 3.392615 3392.614948 1.360126
 1786.000000 0.587128 10.383101 10383.101259 4.162667
 1788.000000 0.526351 5.113505 5113.505384 2.050045
 1790.000000 0.410592 0.185764 185.764300 0.074474
 1792.000000 0.457126 1.361339 1361.339155 0.545772
 1794.000000 0.473384 2.027259 2027.258565 0.812744
 1796.000000 0.454973 1.283056 1283.056441 0.514387
 1798.000000 0.449385 1.090709 1090.708535 0.437274
 1800.000000 0.469890 1.873012 1873.011566 0.750905
 1802.000000 0.445799 0.975504 975.503990 0.391087
 1804.000000 0.467144 1.756071 1756.070796 0.704023
 1806.000000 0.438464 0.759834 759.833895 0.304623
 1808.000000 0.474278 2.067751 2067.751418 0.828978
 1810.000000 0.482326 2.449885 2449.885459 0.982178
 1812.000000 0.480769 2.373415 2373.415038 0.951521
 1814.000000 0.494549 3.092246 3092.246145 1.239706
 1816.000000 0.501861 3.512189 3512.189133 1.408064
 1818.000000 0.531553 5.492257 5492.256868 2.201889
 1820.000000 0.467881 1.787063 1787.063249 0.716448
 1822.000000 0.503145 3.588720 3588.719820 1.438746
 1824.000000 0.537443 5.937459 5937.458593 2.380374
 1826.000000 0.588433 10.516496 10516.496217 4.216146
 1828.000000 0.469334 1.849050 1849.049556 0.741299
 1830.000000 0.501581 3.495602 3495.601523 1.401414
 1832.000000 0.484197 2.543358 2543.358156 1.019652
 1834.000000 0.514199 4.281476 4281.476447 1.716478
 1836.000000 0.452067 1.181088 1181.088161 0.473508
 1838.000000 0.608164 12.637210 12637.209596 5.066357
 1840.000000 0.510404 4.036726 4036.726258 1.618355
 1842.000000 0.458546 1.414218 1414.218346 0.566971
 1844.000000 0.417702 0.295309 295.308652 0.118392
 1846.000000 0.391827 0.018034 18.034243 0.007230
 1848.000000 0.284591 2.437507 2437.507478 0.977216
 1850.000000 0.289369 2.207327 2207.326798 0.884935
 1852.000000 0.300728 1.705926 1705.925566 0.683919
 1854.000000 0.312855 1.241816 1241.815783 0.497854
 1856.000000 0.303992 1.573774 1573.773788 0.630938
 1858.000000 0.427382 0.485071 485.070658 0.194469
 1860.000000 0.497164 3.239343 3239.342866 1.298678
 1862.000000 0.458524 1.413395 1413.395181 0.566641
 1864.000000 0.489714 2.829217 2829.217469 1.134256
 1866.000000 0.511529 4.108515 4108.514657 1.647136
 1868.000000 0.554482 7.322924 7322.924394 2.935818
 1870.000000 0.554168 7.296091 7296.090658 2.925060
 1872.000000 0.490709 2.882390 2882.389663 1.155573
 1874.000000 0.478079 2.244164 2244.163564 0.899703
 1876.000000 0.568824 8.601655 8601.654584 3.448471
 1878.000000 0.444897 0.947518 947.518434 0.379868
 1880.000000 0.469283 1.846847 1846.846886 0.740415
 1882.000000 0.420680 0.348696 348.695769 0.139795
 1884.000000 0.478934 2.284864 2284.864377 0.916020
 1886.000000 0.431801 0.587277 587.277259 0.235444
 1888.000000 0.560379 7.836272 7836.271589 3.141623
 1890.000000 0.445581 0.968707 968.706872 0.388362
 1892.000000 0.482683 2.467581 2467.580937 0.989273
 1894.000000 0.460297 1.480835 1480.834976 0.593678
 1896.000000 0.492635 2.986719 2986.719050 1.197399
 1898.000000 0.445132 0.954765 954.765386 0.382773
 1900.000000 0.452350 1.190833 1190.833433 0.477415
 1902.000000 0.532042 5.528596 5528.595762 2.216458
 1904.000000 0.460037 1.470866 1470.865615 0.589682
 1906.000000 0.437306 0.728267 728.267081 0.291968
 1908.000000 0.472020 1.966352 1966.352220 0.788326
 1910.000000 0.508680 3.927936 3927.936274 1.574741
 1912.000000 0.482856 2.476167 2476.166830 0.992715
 1914.000000 0.508573 3.921268 3921.268309 1.572067
 1916.000000 0.497642 3.266637 3266.637026 1.309621
 1918.000000 0.383488 0.000006 0.005964 0.000002
 1920.000000 0.456545 1.339998 1339.998009 0.537216
 1922.000000 0.439363 0.784831 784.831404 0.314645
 1924.000000 0.458339 1.406477 1406.477245 0.563868
 1926.000000 0.465269 1.678362 1678.361775 0.672868
 1928.000000 0.447433 1.027207 1027.206690 0.411815
 1930.000000 0.478130 2.246623 2246.623219 0.900689
 1932.000000 0.571410 8.843176 8843.176075 3.545299
 1934.000000 0.478032 2.241955 2241.955127 0.898817
 1936.000000 0.494989 3.116729 3116.728913 1.249521
 1938.000000 0.446587 1.000245 1000.244629 0.401006
 1940.000000 0.480286 2.349932 2349.931928 0.942106
 1942.000000 0.458913 1.428077 1428.077044 0.572527
 1944.000000 0.428520 0.510463 510.463208 0.204649
 1946.000000 0.447774 1.038144 1038.144301 0.416200
 1948.000000 0.495394 3.139426 3139.425700 1.258620
 1950.000000 0.510750 4.058757 4058.757493 1.627188
 1952.000000 0.478845 2.280618 2280.618475 0.914318
 1954.000000 0.514990 4.333390 4333.390294 1.737290
 1956.000000 0.428104 0.501103 501.103488 0.200896
 1958.000000 0.489775 2.832450 2832.450480 1.135552
 1960.000000 0.457893 1.389778 1389.777507 0.557173
 1962.000000 0.548732 6.839194 6839.193977 2.741887
 1964.000000 0.488156 2.746958 2746.958162 1.101277
 1966.000000 0.469116 1.839647 1839.647203 0.737529
 1968.000000 0.461578 1.530566 1530.566176 0.613616
 1970.000000 0.475307 2.114780 2114.780303 0.847832
 1972.000000 0.456095 1.323582 1323.581673 0.530634
 1974.000000 0.429589 0.534894 534.893992 0.214443
 1976.000000 0.473992 2.054741 2054.740959 0.823762
 1978.000000 0.500891 3.454968 3454.968277 1.385124
 1980.000000 0.504595 3.676099 3676.099195 1.473777
 1982.000000 0.506871 3.815395 3815.395327 1.529622
 1984.000000 0.499422 3.369131 3369.131122 1.350711
 1986.000000 0.490150 2.852432 2852.431697 1.143562
 1988.000000 0.541887 6.284831 6284.830946 2.519638
 1990.000000 0.512782 4.189247 4189.246629 1.679502
 1992.000000 0.483537 2.510190 2510.190273 1.006355
 1994.000000 0.441294 0.839872 839.872125 0.336711
 1996.000000 0.488358 2.757562 2757.562064 1.105528
 1998.000000 0.441889 0.857196 857.195918 0.343657
 2000.000000 0.479882 2.330410 2330.409823 0.934280
