#! FIELDS time d1 bb.bias bb.force2 lw
 0.000000 0.837001 2.686721 2686.720740 1.077128
 2.000000 0.844534 3.091397 3091.396958 1.239365
 4.000000 0.692119 0.424653 424.653107 0.170247
 6.000000 0.740704 0.013583 13.583367 0.005446
 8.000000 0.763036 0.220566 220.565920 0.088427
 10.000000 0.640820 2.139672 2139.671549 0.857811
 12.000000 0.632849 2.524255 2524.255041 1.011994
 14.000000 0.590437 5.104838 5104.837689 2.046570
 16.000000 0.688795 0.495911 495.910549 0.198814
 18.000000 0.648133 1.814753 1814.752988 0.727549
 20.000000 0.664536 1.183268 1183.267845 0.474381
 22.000000 0.636696 2.334677 2334.677120 0.935990
 24.000000 0.740648 0.013377 13.376746 0.005363
 26.000000 0.700212 0.274263 274.263216 0.109954
 28.000000 0.733210 0.000004 0.003773 0.000002
 30.000000 0.806064 1.322446 1322.446344 0.530179
 32.000000 0.825737 2.134590 2134.590373 0.855774
 34.000000 0.675841 0.826343 826.342510 0.331287
 36.000000 0.762922 0.218879 218.878634 0.087750
 38.000000 0.946268 11.335297 11335.297376 4.544410
 40.000000 0.761111 0.192898 192.898101 0.077334
 42.000000 0.795324 0.960711 960.711326 0.385157
 44.000000 0.750068 0.070015 70.014661 0.028069
 46.000000 0.822714 1.997244 1997.243950 0.800711
 48.000000 0.769447 0.326057 326.056567 0.130719
 50.000000 0.683881 0.611383 611.383305 0.245108
 52.000000 0.730112 0.002594 2.593549 0.001040
 54.000000 0.756201 0.130728 130.728173 0.052410
 56.000000 0.717058 0.066222 66.221753 0.026549
 58.000000 0.741710 0.017540 17.540213 0.007032
 60.000000 0.725199 0.016541 16.541147 0.006631
 62.000000 0.776409 0.463881 463.881124 0.185974
 64.000000 0.850313 3.421036 3421.036140 1.371520
 66.000000 0.686423 0.550138 550.138090 0.220555
 68.000000 0.713155 0.101795 101.794593 0.040810
 70.000000 0.677391 0.782397 782.396681 0.313669
 72.000000 0.723068 0.026343 26.342777 0.010561
 74.000000 0.775488 0.444255 444.254960 0.178105
 76.000000 0.724812 0.018154 18.153977 0.007278
 78.000000 0.834594 2.563415 2563.415243 1.027693
 80.000000 0.840872 2.891158 2891.158201 1.159088
 82.000000 0.793427 0.902809 902.809480 0.361943
 84.000000 0.709547 0.141452 141.451741 0.056709
 86.000000 0.721237 0.036583 36.582566 0.014666
 88.000000 0.747255 0.048455 48.455005 0.019426
 90.000000 0.734612 0.000409 0.408596 0.000164
 92.000000 0.679113 0.734971 734.970515 0.294655
 94.000000 0.775251 0.439267 439.266811 0.176106
 96.000000 0.797001 1.013380 1013.380232 0.406272
 98.000000 0.746710 0.044734 44.733502 0.017934
 100.000000 0.830510 2.360815 2360.815024 0.946469
 102.000000 0.777607 0.490036 490.036066 0.196459
 104.000000 0.650602 1.711132 1711.132099 0.686006
 106.000000 0.721731 0.033656 33.655974 0.013493
 108.000000 0.782126 0.595179 595.178574 0.238612
 110.000000 0.775953 0.454101 454.101048 0.182053
 112.000000 0.759852 0.175814 175.814323 0.070485
 114.000000 0.807064 1.359061 1359.060726 0.544858
 116.000000 0.802877 1.209088 1209.087831 0.484733
 118.000000 0.754501 0.112022 112.021854 0.044910
 120.000000 0.666828 1.105731 1105.730841 0.443296
 122.000000 0.603933 4.186125 4186.125250 1.678251
 124.000000 0.727537 0.008400 8.399567 0.003367
 126.000000 0.687732 0.519872 519.872404 0.208421
 128.000000 0.788994 0.774534 774.533632 0.310517
 130.000000 0.631783 2.578137 2578.137487 1.033596
 132.000000 0.663796 1.208875 1208.875148 0.484648
 134.000000 0.756289 0.131741 131.740933 0.052816
 136.000000 0.744438 0.030827 30.826813 0.012359
 138.000000 0.665242 1.159111 1159.111032 0.464697
 140.000000 0.742493 0.020973 20.972895 0.008408
 142.000000 0.776367 0.462970 462.970429 0.185608
 144.000000 0.743062 0.023661 23.661068 0.009486
 146.000000 0.727490 0.008537 8.536751 0.003422
 148.000000 0.741684 0.017433 17.433025 0.006989
 150.000000 0.780658 0.559899 559.898834 0.224468
 152.000000 0.780589 0.558285 558.285113 0.223821
 154.000000 0.784444 0.653076 653.076399 0.261823
 156.000000 0.752601 0.092809 92.808506 0.037208
 158.000000 0.639521 2.200196 2200.195636 0.882076
 160.000000 0.713009 0.103265 103.264600 0.041400
 162.000000 0.771709 0.368172 368.171928 0.147603
 164.000000 0.771332 0.360979 360.979119 0.144719
 166.000000 0.711495 0.119231 119.231403 0.047801
 168.000000 0.707590 0.165680 165.680397 0.066423
 170.000000 0.611850 3.689555 3689.555464 1.479172
 172.000000 0.789790 0.796830 796.830211 0.319456
 174.000000 0.829962 2.334272 2334.272236 0.935828
 176.000000 0.652270 1.642801 1642.801034 0.658612
 178.000000 0.727054 0.009857 9.857462 0.003952
 180.000000 0.710110 0.134830 134.830002 0.054054
 182.000000 0.772018 0.374130 374.129875 0.149992
 184.000000 0.661574 1.287356 1287.355837 0.516111
 186.000000 0.748085 0.054403 54.402820 0.021811
 188.000000 0.770153 0.338916 338.916295 0.135874
 190.000000 0.651710 1.665578 1665.578181 0.667743
 192.000000 0.644597 1.968528 1968.528315 0.789199
 194.000000 0.743582 0.026259 26.258555 0.010527
 196.000000 0.690149 0.466229 466.228901 0.186915
 198.000000 0.665349 1.155476 1155.475817 0.463239
 200.000000 0.741397 0.016254 16.253790 0.006516
 202.000000 0.658837 1.387407 1387.407343 0.556223
 204.000000 0.766310 0.271866 271.865931 0.108993
 206.000000 0.690837 0.451482 451.482228 0.181003
 208.000000 0.769821 0.332838 332.837856 0.133437
 210.000000 0.818152 1.798547 1798.547016 0.721052
 212.000000 0.756480 0.133942 133.942117 0.053698
 214.000000 0.628269 2.759650 2759.649929 1.106365
 216.000000 0.658162 1.412696 1412.696220 0.566361
 218.000000 0.688535 0.501722 501.721828 0.201144
 220.000000 0.620958 3.157052 3157.052088 1.265687
 222.000000 0.656741 1.466610 1466.609825 0.587975
 224.000000 0.632938 2.519808 2519.808275 1.010211
 226.000000 0.732889 0.000049 0.049276 0.000020
 228.000000 0.656398 1.479768 1479.768459 0.593251
 230.000000 0.629985 2.670235 2670.234730 1.070518
 232.000000 0.741988 0.018726 18.725501 0.007507
 234.000000 0.648612 1.794426 1794.426190 0.719400
 236.000000 0.732219 0.000311 0.310655 0.000125
 238.000000 0.642958 2.041908 2041.907591 0.818617
 240.000000 0.580361 5.850151 5850.150931 2.345372
 242.000000 0.642107 2.080562 2080.561656 0.834114
 244.000000 0.724824 0.018101 18.101149 0.007257
 246.000000 0.597154 4.636184 4636.183982 1.858683
 248.000000 0.608920 3.869693 3869.693391 1.551391
 250.000000 0.617502 3.354203 3354.203093 1.344726
 252.000000 0.692340 0.420118 420.118473 0.168429
 254.000000 0.743450 0.025589 25.589054 0.010259
 256.000000 0.742953 0.023132 23.132323 0.009274
 258.000000 0.627708 2.789152 2789.151689 1.118193
 260.000000 0.635124 2.411284 2411.284005 0.966703
 262.000000 0.692283 0.421276 421.275993 0.168893
 264.000000 0.696512 0.338951 338.951383 0.135888
 266.000000 0.767069 0.284526 284.526060 0.114069
 268.000000 0.782345 0.600540 600.539737 0.240761
 270.000000 0.678512 0.751346 751.345837 0.301220
 272.000000 0.716384 0.071816 71.815956 0.028792
 274.000000 0.905066 7.373020 7373.020083 2.955902
 276.000000 0.763321 0.224816 224.815705 0.090130
 278.000000 0.735026 0.000717 0.716522 0.000287
 280.000000 0.715909 0.075906 75.905860 0.030431
 282.000000 0.693018 0.406323 406.323499 0.162898
 284.000000 0.650745 1.705190 1705.189544 0.683624
 286.000000 0.828600 2.268935 2268.934993 0.909634
 288.000000 0.775219 0.438600 438.599761 0.175838
 290.000000 0.737433 0.004202 4.202110 0.001685
 292.000000 0.707808 0.162889 162.888819 0.065303
 294.000000 0.664105 1.198144 1198.144490 0.480346
 296.000000 0.837094 2.691585 2691.585396 1.079078
 298.000000 0.789149 0.778833 778.833386 0.312240
 300.000000 0.810492 1.488347 1488.347077 0.596690
 302.000000 0.857678 3.865381 3865.380661 1.549662
 304.000000 0.873238 4.893360 4893.360023 1.961787
 306.000000 0.734663 0.000442 0.442199 0.000177
 308.000000 0.914658 8.219615 8219.615194 3.295308
 310.000000 0.700513 0.269288 269.288325 0.107960
 312.000000 0.700113 0.275904 275.903926 0.110612
 314.000000 0.721686 0.033914 33.913583 0.013596
 316.000000 0.709031 0.147655 147.654762 0.059196
 318.000000 0.739123 0.008380 8.379502 0.003359
 320.000000 0.702749 0.233856 233.856131 0.093755
 322.000000 0.707564 0.166020 166.019952 0.066559
 324.000000 0.718829 0.052592 52.592193 0.021085
 326.000000 0.701991 0.245579 245.578815 0.098454
 328.000000 0.700232 0.273919 273.919263 0.109816
 330.000000 0.633391 2.497110 2497.110372 1.001111
 332.000000 0.766240 0.270720 270.720083 0.108534
 334.000000 0.700645 0.267134 267.133777 0.107096
 336.000000 0.574770 6.285598 6285.598313 2.519946
 338.000000 0.586421 5.395777 5395.777103 2.163210
 340.000000 0.630157 2.661317 2661.317452 1.066943
 342.000000 0.619047 3.265326 3265.325611 1.309095
 344.000000 0.657688 1.430557 1430.557021 0.573522
 346.000000 0.761846 0.203247 203.246797 0.081483
 348.000000 0.724071 0.021447 21.447213 0.008598
 350.000000 0.711745 0.116518 116.517723 0.046713
 352.000000 0.768386 0.307166 307.166456 0.123145
 354.000000 0.782878 0.613675 613.674986 0.246027
 356.000000 0.671053 0.969714 969.714155 0.388766
 358.000000 0.776667 0.469461 469.461080 0.188211
 360.000000 0.720727 0.039728 39.727629 0.015927
 362.000000 0.708879 0.149501 149.500846 0.059936
 364.000000 0.864576 4.306148 4306.147879 1.726369
 366.000000 0.922089 8.907146 8907.145765 3.570945
 368.000000 0.729162 0.004351 4.350606 0.001744
 370.000000 0.598429 4.549790 4549.789686 1.824047
 372.000000 0.744096 0.028960 28.960481 0.011610
 374.000000 0.759004 0.164741 164.741303 0.066046
 376.000000 0.816602 1.733418 1733.418480 0.694941
 378.000000 0.744895 0.033416 33.415751 0.013397
 380.000000 0.768469 0.308632 308.632316 0.123733
 382.000000 0.713481 0.098529 98.528722 0.039501
 384.000000 0.716014 0.074991 74.991376 0.030065
 386.000000 0.736018 0.001801 1.801317 0.000722
 388.000000 0.726851 0.010507 10.506649 0.004212
 390.000000 0.638894 2.229689 2229.689181 0.893900
 392.000000 0.744279 0.029950 29.949780 0.012007
 394.000000 0.779830 0.540475 540.475371 0.216681
 396.000000 0.595475 4.751198 4751.198140 1.904793
 398.000000 0.753463 0.101296 101.296362 0.040611
 400.000000 0.705585 0.192496 192.495851 0.077173
 402.000000 0.674385 0.868733 868.733013 0.348282
 404.000000 0.802052 1.180578 1180.577613 0.473303
 406.000000 0.780589 0.558285 558.285251 0.223821
 408.000000 0.767523 0.292240 292.239872 0.117161
 410.000000 0.660102 1.340718 1340.718207 0.537504
 412.000000 0.684850 0.587659 587.658849 0.235597
 414.000000 0.681928 0.660616 660.615970 0.264846
 416.000000 0.632053 2.564434 2564.434027 1.028102
 418.000000 0.614771 3.514268 3514.268403 1.408898
 420.000000 0.690223 0.464631 464.630623 0.186274
 422.000000 0.727251 0.009248 9.247722 0.003707
 424.000000 0.706287 0.182881 182.880865 0.073318
 426.000000 0.706888 0.174842 174.841980 0.070096
 428.000000 0.748380 0.056602 56.601983 0.022692
 430.000000 0.708225 0.157603 157.602701 0.063184
 432.000000 0.732593 0.000137 0.137126 0.000055
 434.000000 0.733437 0.000003 0.002708 0.000001
 436.000000 0.764556 0.243713 243.712994 0.097706
 438.000000 0.742539 0.021185 21.185302 0.008493
 440.000000 0.746480 0.043208 43.208460 0.017323
 442.000000 0.787816 0.742077 742.076882 0.297504
 444.000000 0.742633 0.021620 21.620461 0.008668
 446.000000 0.620376 3.189847 3189.847094 1.278835
 448.000000 0.621077 3.150374 3150.374376 1.263010
 450.000000 0.638825 2.232971 2232.970760 0.895216
 452.000000 0.758790 0.162016 162.015508 0.064953
 454.000000 0.836050 2.637686 2637.685862 1.057469
 456.000000 0.631058 2.615070 2615.069803 1.048402
 458.000000 0.784696 0.659532 659.531595 0.264411
 460.000000 0.828171 2.248522 2248.522084 0.901450
 462.000000 0.697794 0.315756 315.755696 0.126589
 464.000000 0.775819 0.451251 451.251267 0.180910
 466.000000 0.747155 0.047761 47.761189 0.019148
 468.000000 0.699173 0.291729 291.729412 0.116957
 470.000000 0.577413 6.077780 6077.780283 2.436630
 472.000000 0.708782 0.150694 150.694418 0.060415
 474.000000 0.776999 0.476668 476.667959 0.191100
 476.000000 0.799274 1.087036 1087.035932 0.435801
 478.000000 0.873192 4.890103 4890.103438 1.960481
 480.000000 0.818837 1.827720 1827.719948 0.732747
 482.000000 0.831784 2.423140 2423.140246 0.971456
 484.000000 0.851067 3.465323 3465.323226 1.389275
 486.000000 0.773157 0.396475 396.474660 0.158950
 488.000000 0.799046 1.079525 1079.524853 0.432790
 490.000000 0.798300 1.055169 1055.169012 0.423026
 492.000000 0.752491 0.091758 91.758233 0.036787
 494.000000 0.688971 0.491997 491.997004 0.197245
 496.000000 0.837891 2.733081 2733.080748 1.095714
 498.000000 0.847098 3.235626 3235.626210 1.297188
 500.000000 0.789869 0.799064 799.064147 0.320351
 502.000000 0.734445 0.000309 0.309104 0.000124
 504.000000 0.843769 3.049015 3049.015107 1.222374
 506.000000 0.719590 0.047219 47.219182 0.018931
 508.000000 0.730237 0.002396 2.396372 0.000961
 510.000000 0.710613 0.129055 129.055110 0.051739
 512.000000 0.746039 0.040359 40.358545 0.016180
 514.000000 0.704049 0.214395 214.395061 0.085953
 516.000000 0.748909 0.060649 60.648637 0.024315
 518.000000 0.746283 0.041922 41.921785 0.016807
 520.000000 0.702398 0.239250 239.249778 0.095917
 522.000000 0.691635 0.434691 434.690896 0.174271
 524.000000 0.719254 0.049556 49.555615 0.019867
 526.000000 0.682528 0.645288 645.287858 0.258701
 528.000000 0.743542 0.026052 26.051736 0.010444
 530.000000 0.690378 0.461298 461.298104 0.184938
 532.000000 0.762286 0.209566 209.565623 0.084017
 534.000000 0.666034 1.132303 1132.303255 0.453949
 536.000000 0.686388 0.550956 550.955830 0.220883
 538.000000 0.694085 0.385103 385.102701 0.154391
 540.000000 0.676215 0.815617 815.617102 0.326987
 542.000000 0.766092 0.268285 268.285226 0.107558
 544.000000 0.704098 0.213683 213.682809 0.085667
 546.000000 0.667036 1.098838 1098.838066 0.440533
 548.000000 0.738050 0.005562 5.562293 0.002230
 550.000000 0.823193 2.018671 2018.670604 0.809301
 552.000000 0.787845 0.742890 742.890075 0.297830
 554.000000 0.742154 0.019451 19.450618 0.007798
 556.000000 0.763646 0.229717 229.717291 0.092095
 558.000000 0.704911 0.201951 201.951143 0.080964
 560.000000 0.662971 1.237713 1237.713166 0.496209
 562.000000 0.594824 4.796216 4796.216478 1.922841
 564.000000 0.700501 0.269494 269.494417 0.108042
 566.000000 0.748684 0.058912 58.912348 0.023618
 568.000000 0.788568 0.762720 762.719556 0.305780
 570.000000 0.718087 0.058114 58.114426 0.023299
 572.000000 0.749011 0.061444 61.443931 0.024633
 574.000000 0.710321 0.132391 132.390799 0.053077
 576.000000 0.841455 2.922554 2922.553853 1.171675
 578.000000 0.761142 0.193326 193.325788 0.077506
 580.000000 0.791830 0.855452 855.451910 0.342957
 582.000000 0.833175 2.492087 2492.087145 0.999097
 584.000000 0.835056 2.586880 2586.879827 1.037100
 586.000000 0.747657 0.051292 51.292325 0.020563
 588.000000 0.690129 0.466643 466.643094 0.187081
 590.000000 0.787821 0.742226 742.226478 0.297564
 592.000000 0.669117 1.030928 1030.928364 0.413307
 594.000000 0.798459 1.060351 1060.350781 0.425103
 596.000000 0.773988 0.413191 413.190566 0.165651
 598.000000 0.715554 0.079027 79.027322 0.031683
 600.000000 0.794608 0.938639 938.638831 0.376308
 602.000000 0.867028 4.468597 4468.596714 1.791496
 604.000000 0.696620 0.336962 336.962422 0.135091
 606.000000 0.751140 0.079265 79.265153 0.031778
 608.000000 0.751879 0.085983 85.983230 0.034471
 610.000000 0.782992 0.616501 616.500694 0.247160
 612.000000 0.835993 2.634761 2634.761370 1.056297
 614.000000 0.769365 0.324567 324.566783 0.130121
 616.000000 0.773312 0.399572 399.572442 0.160192
 618.000000 0.762952 0.219317 219.316568 0.087926
 620.000000 0.657620 1.433121 1433.121163 0.574550
 622.000000 0.645954 1.908777 1908.777190 0.765244
 624.000000 0.755515 0.123011 123.010538 0.049316
 626.000000 0.717359 0.063797 63.796566 0.025577
 628.000000 0.747160 0.047794 47.793670 0.019161
 630.000000 0.737584 0.004517 4.516708 0.001811
 632.000000 0.627788 2.784945 2784.944790 1.116506
 634.000000 0.726377 0.012098 12.097502 0.004850
 636.000000 0.748555 0.057922 57.921888 0.023221
 638.000000 0.676683 0.802307 802.307133 0.321651
 640.000000 0.552663 8.160455 8160.455074 3.271591
 642.000000 0.645328 1.936218 1936.217821 0.776245
 644.000000 0.758832 0.162541 162.541093 0.065164
 646.000000 0.744012 0.028508 28.507907 0.011429
 648.000000 0.698754 0.298926 298.925893 0.119842
 650.000000 0.654390 1.558032 1558.031831 0.624627
 652.000000 0.748098 0.054502 54.501732 0.021850
 654.000000 0.725632 0.014828 14.827975 0.005945
 656.000000 0.663388 1.223074 1223.074202 0.490340
 658.000000 0.737852 0.005105 5.105142 0.002047
 660.000000 0.690608 0.456358 456.358136 0.182958
 662.000000 0.639043 2.222687 2222.686863 0.891093
 664.000000 0.702258 0.241427 241.426663 0.096790
 666.000000 0.745880 0.039352 39.352167 0.015777
 668.000000 0.800118 1.115058 1115.058188 0.447036
 670.000000 0.761747 0.201839 201.839352 0.080919
 672.000000 0.746326 0.042201 42.201366 0.016919
 674.000000 0.793223 0.896679 896.678889 0.359486
 676.000000 0.865750 4.383510 4383.510351 1.757384
 678.000000 0.670757 0.978957 978.956649 0.392471
 680.000000 0.830014 2.336782 2336.782001 0.936834
 682.000000 0.782317 0.599851 599.851335 0.240485
 684.000000 0.814050 1.628812 1628.811583 0.653003
 686.000000 0.638145 2.265196 2265.195974 0.908135
 688.000000 0.645916 1.910429 1910.429125 0.765906
 690.000000 0.593355 4.898460 4898.459729 1.963831
 692.000000 0.653678 1.586254 1586.254021 0.635942
 694.000000 0.709032 0.147639 147.639295 0.059190
 696.000000 0.706490 0.180137 180.136997 0.072218
 698.000000 0.700430 0.270659 270.658635 0.108509
 700.000000 0.635976 2.369622 2369.622336 0.950000
 702.000000 0.780395 0.553689 553.688641 0.221978
 704.000000 0.756367 0.132638 132.638354 0.053176
 706.000000 0.798275 1.054359 1054.359177 0.422701
 708.000000 0.801962 1.177467 1177.467376 0.472056
 710.000000 0.777445 0.486449 486.449266 0.195021
 712.000000 0.829811 2.327009 2327.008509 0.932916
 714.000000 0.906785 7.521390 7521.390442 3.015385
 716.000000 0.758246 0.155155 155.154918 0.062203
 718.000000 0.764266 0.239211 239.211066 0.095902
 720.000000 0.828683 2.272875 2272.874866 0.911213
 722.000000 0.795531 0.967133 967.133151 0.387731
 724.000000 0.842216 2.963882 2963.881611 1.188243
 726.000000 0.813477 1.605743 1605.742855 0.643755
 728.000000 0.694555 0.375941 375.940846 0.150718
 730.000000 0.802020 1.179461 1179.461346 0.472855
 732.000000 0.748480 0.057358 57.357509 0.022995
 734.000000 0.733302 0.000000 0.000238 0.000000
 736.000000 0.783456 0.628065 628.065237 0.251796
 738.000000 0.730138 0.002552 2.552347 0.001023
 740.000000 0.714796 0.085905 85.905298 0.034440
 742.000000 0.829940 2.333220 2333.219852 0.935406
 744.000000 0.780036 0.545279 545.279209 0.218607
 746.000000 0.716557 0.070359 70.359090 0.028208
 748.000000 0.735672 0.001367 1.367000 0.000548
 750.000000 0.808528 1.413542 1413.541947 0.566700
 752.000000 0.792617 0.878638 878.638061 0.352253
 754.000000 0.817226 1.759475 1759.474699 0.705387
 756.000000 0.708865 0.149679 149.678853 0.060007
 758.000000 0.670005 1.002631 1002.630925 0.401963
 760.000000 0.625964 2.882040 2882.040039 1.155433
 762.000000 0.647093 1.859343 1859.343416 0.745425
 764.000000 0.660559 1.324030 1324.030120 0.530814
 766.000000 0.661008 1.307743 1307.743298 0.524285
 768.000000 0.729125 0.004427 4.427452 0.001775
 770.000000 0.642809 2.048663 2048.662762 0.821325
 772.000000 0.758281 0.155593 155.592799 0.062378
 774.000000 0.697646 0.318398 318.398121 0.127648
 776.000000 0.746441 0.042952 42.952101 0.017220
 778.000000 0.798599 1.064900 1064.899652 0.426927
 780.000000 0.743608 0.026393 26.392784 0.010581
 782.000000 0.746569 0.043794 43.794412 0.017558
 784.000000 0.770936 0.353498 353.498262 0.141720
 786.000000 0.749933 0.068885 68.884758 0.027616
 788.000000 0.715040 0.083665 83.665009 0.033542
 790.000000 0.705654 0.191538 191.538491 0.076789
 792.000000 0.712545 0.108041 108.040792 0.043314
 794.000000 0.749258 0.063402 63.402393 0.025419
 796.000000 0.712818 0.105222 105.221711 0.042184
 798.000000 0.736219 0.002081 2.081382 0.000834
 800.000000 0.665759 1.141578 1141.578280 0.457668
 802.000000 0.693520 0.396266 396.266406 0.158866
 804.000000 0.731881 0.000527 0.527335 0.000211
 806.000000 0.764633 0.244918 244.917850 0.098189
 808.000000 0.714702 0.086781 86.781254 0.034791
 810.000000 0.764080 0.236340 236.339802 0.094750
 812.000000 0.667032 1.098970 1098.970223 0.440586
 814.000000 0.730459 0.002065 2.065463 0.000828
 816.000000 0.742772 0.022272 22.271847 0.008929
 818.000000 0.711048 0.124159 124.158975 0.049776
 820.000000 0.710902 0.125793 125.793029 0.050431
 822.000000 0.714871 0.085213 85.212561 0.034162
 824.000000 0.698555 0.302385 302.385057 0.121229
 826.000000 0.773380 0.400943 400.942542 0.160741
 828.000000 0.731631 0.000725 0.724893 0.000291
 830.000000 0.755849 0.126744 126.744157 0.050813
 832.000000 0.756333 0.132247 132.246882 0.053019
 834.000000 0.736164 0.002003 2.002846 0.000803
 836.000000 0.689338 0.483887 483.886941 0.193994
 838.000000 0.754272 0.109605 109.604994 0.043942
 840.000000 0.690554 0.457521 457.521329 0.183424
 842.000000 0.660659 1.320389 1320.388694 0.529354
 844.000000 0.702192 0.242452 242.451864 0.097201
 846.000000 0.725416 0.015670 15.669936 0.006282
 848.000000 0.833822 2.524508 2524.508141 1.012095
 850.000000 0.805208 1.291504 1291.504077 0.517774
 852.000000 0.778086 0.500705 500.704871 0.200737
 854.000000 0.638771 2.235496 2235.495971 0.896228
 856.000000 0.630502 2.643590 2643.590156 1.059836
 858.000000 0.735507 0.001181 1.180903 0.000473
 860.000000 0.668287 1.057746 1057.746349 0.424059
 862.000000 0.759210 0.167398 167.398378 0.067111
 864.000000 0.798123 1.049438 1049.437635 0.420728
 866.000000 0.798661 1.066941 1066.940768 0.427745
 868.000000 0.802627 1.200414 1200.413971 0.481255
 870.000000 0.630568 2.640164 2640.164001 1.058463
 872.000000 0.730993 0.001369 1.369479 0.000549
 874.000000 0.753595 0.102630 102.629787 0.041145
 876.000000 0.830664 2.368333 2368.332591 0.949483
 878.000000 0.765113 0.252491 252.490673 0.101225
 880.000000 0.731425 0.000911 0.910855 0.000365
 882.000000 0.759192 0.167171 167.170869 0.067020
 884.000000 0.680764 0.690892 690.892472 0.276984
 886.000000 0.764334 0.240264 240.264351 0.096324
 888.000000 0.753163 0.098303 98.302853 0.039410
 890.000000 0.656251 1.485426 1485.425684 0.595519
 892.000000 0.780071 0.546098 546.097941 0.218935
 894.000000 0.781195 0.572674 572.673534 0.229589
 896.000000 0.762104 0.206939 206.939442 0.082964
 898.000000 0.602348 4.289301 4289.301249 1.719615
 900.000000 0.712201 0.111645 111.645256 0.044759
 902.000000 0.629052 2.718648 2718.648365 1.089928
 904.000000 0.686690 0.543896 543.895700 0.218052
 906.000000 0.676679 0.802431 802.430861 0.321701
 908.000000 0.716779 0.068516 68.515529 0.027468
 910.000000 0.626523 2.852095 2852.095442 1.143428
 912.000000 0.693005 0.406584 406.584095 0.163003
 914.000000 0.829898 2.331160 2331.160020 0.934580
 916.000000 0.779701 0.537484 537.483731 0.215481
 918.000000 0.696451 0.340071 340.071059 0.136337
 920.000000 0.756650 0.135912 135.911862 0.054488
 922.000000 0.707966 0.160873 160.873389 0.064495
 924.000000 0.674333 0.870267 870.267062 0.348897
 926.000000 0.804734 1.274520 1274.519974 0.510965
 928.000000 0.690716 0.454070 454.069766 0.182040
 930.000000 0.779959 0.543484 543.484462 0.217887
 932.000000 0.753539 0.102068 102.068286 0.040920
 934.000000 0.714871 0.085213 85.212608 0.034162
 936.000000 0.756200 0.130717 130.716837 0.052405
 938.000000 0.796574 0.999842 999.842129 0.400845
 940.000000 0.623049 3.040639 3040.639183 1.219016
 942.000000 0.725757 0.014351 14.350649 0.005753
 944.000000 0.727972 0.007186 7.185552 0.002881
 946.000000 0.715932 0.075698 75.698398 0.030348
 948.000000 0.783788 0.636416 636.416401 0.255144
 950.000000 0.707084 0.172256 172.255604 0.069059
 952.000000 0.792806 0.884252 884.251819 0.354504
 954.000000 0.653150 1.607322 1607.321897 0.644388
 956.000000 0.673153 0.905428 905.427617 0.362993
 958.000000 0.547146 8.666459 8666.459332 3.474452
 960.000000 0.757317 0.143805 143.805094 0.057653
 962.000000 0.714312 0.090457 90.456648 0.036265
 964.000000 0.702655 0.235297 235.297462 0.094333
 966.000000 0.774165 0.416810 416.810383 0.167103
 968.000000 0.638406 2.252785 2252.784666 0.903159
 970.000000 0.616764 3.397086 3397.086312 1.361919
 972.000000 0.682329 0.650372 650.371940 0.260739
 974.000000 0.695747 0.353184 353.184480 0.141594
 976.000000 0.708665 0.152135 152.134871 0.060992
 978.000000 0.733141 0.000009 0.009232 0.000004
 980.000000 0.722584 0.028886 28.886361 0.011581
 982.000000 0.746557 0.043715 43.715079 0.017526
 984.000000 0.775482 0.444128 444.127647 0.178054
 986.000000 0.732877 0.000052 0.052067 0.000021
 988.000000 0.742250 0.019876 19.876057 0.007968
 990.000000 0.769569 0.328254 328.253728 0.131600
 992.000000 0.766013 0.266996 266.995878 0.107041
 994.000000 0.768989 0.317827 317.826667 0.127419
 996.000000 0.815229 1.676744 1676.743840 0.672220
 998.000000 0.734142 0.000163 0.163374 0.000065
 1000.000000 0.714011 0.093340 93.340128 0.037421
 1002.000000 0.768959 0.317303 317.302990 0.127209
 1004.000000 0.691267 0.442391 442.390709 0.177358
 1006.000000 0.754061 0.107413 107.413151 0.043063
 1008.000000 0.784906 0.664932 664.931605 0.266576
 1010.000000 0.713559 0.097751 97.751405 0.039189
 1012.000000 0.763223 0.223351 223.350548 0.089543
 1014.000000 0.921988 8.897621 8897.620973 3.567126
 1016.000000 0.813566 1.609315 1609.315415 0.645187
 1018.000000 0.711321 0.121133 121.132574 0.048563
 1020.000000 0.787710 0.739219 739.218799 0.296359
 1022.000000 0.647009 1.862991 1862.990617 0.746888
 1024.000000 0.640161 2.170275 2170.274507 0.870080
 1026.000000 0.781266 0.574386 574.386162 0.230276
 1028.000000 0.710835 0.126544 126.544059 0.050733
 1030.000000 0.697962 0.312784 312.784303 0.125398
 1032.000000 0.667035 1.098883 1098.882972 0.440551
 1034.000000 0.689576 0.478666 478.665786 0.191901
 1036.000000 0.735664 0.001358 1.357755 0.000544
 1038.000000 0.720792 0.039321 39.321127 0.015764
 1040.000000 0.696716 0.335201 335.200768 0.134385
 1042.000000 0.696497 0.339222 339.222140 0.135997
 1044.000000 0.593329 4.900306 4900.306005 1.964571
 1046.000000 0.801369 1.157212 1157.211840 0.463935
 1048.000000 0.804868 1.279294 1279.294219 0.512879
 1050.000000 0.669929 1.005012 1005.012077 0.402917
 1052.000000 0.747978 0.053618 53.617720 0.021496
 1054.000000 0.703462 0.223068 223.068250 0.089430
 1056.000000 0.677203 0.787667 787.666814 0.315782
 1058.000000 0.619698 3.228238 3228.238379 1.294226
 1060.000000 0.757525 0.146310 146.310126 0.058657
 1062.000000 0.657953 1.420561 1420.560544 0.569514
 1064.000000 0.762751 0.216353 216.352876 0.086738
 1066.000000 0.852019 3.521545 3521.545441 1.411815
 1068.000000 0.716652 0.069569 69.569482 0.027891
 1070.000000 0.756008 0.128538 128.537906 0.051532
 1072.000000 0.720585 0.040631 40.631252 0.016289
 1074.000000 0.696602 0.337305 337.305107 0.135228
 1076.000000 0.691359 0.440463 440.462950 0.176585
 1078.000000 0.780387 0.553508 553.508454 0.221906
 1080.000000 0.640794 2.140884 2140.883621 0.858297
 1082.000000 0.698710 0.299687 299.686975 0.120147
 1084.000000 0.756434 0.133413 133.413387 0.053486
 1086.000000 0.787192 0.725200 725.199519 0.290738
 1088.000000 0.748748 0.059399 59.399370 0.023814
 1090.000000 0.692246 0.422051 422.050557 0.169203
 1092.000000 0.695285 0.361910 361.910125 0.145093
 1094.000000 0.635633 2.386334 2386.334020 0.956700
 1096.000000 0.708520 0.153926 153.926180 0.061710
 1098.000000 0.767280 0.288100 288.100172 0.115502
 1100.000000 0.794356 0.930946 930.945867 0.373224
 1102.000000 0.709569 0.141184 141.184297 0.056602
 1104.000000 0.807420 1.372193 1372.192834 0.550123
 1106.000000 0.628381 2.753758 2753.758269 1.104003
 1108.000000 0.800019 1.111747 1111.747194 0.445708
 1110.000000 0.846217 3.185665 3185.665277 1.277158
 1112.000000 0.731672 0.000690 0.689761 0.000277
 1114.000000 0.698810 0.297959 297.959498 0.119454
 1116.000000 0.798533 1.062748 1062.748324 0.426064
 1118.000000 0.765611 0.260458 260.457532 0.104419
 1120.000000 0.623820 2.998299 2998.299316 1.202042
 1122.000000 0.693338 0.399906 399.905904 0.160325
 1124.000000 0.710877 0.126068 126.067851 0.050542
 1126.000000 0.818126 1.797444 1797.444227 0.720610
 1128.000000 0.655045 1.532254 1532.253940 0.614293
 1130.000000 0.835360 2.602378 2602.377992 1.043314
 1132.000000 0.754174 0.108583 108.582538 0.043532
 1134.000000 0.842379 2.972751 2972.750643 1.191799
 1136.000000 0.757893 0.150799 150.799175 0.060457
 1138.000000 0.737743 0.004862 4.861781 0.001949
 1140.000000 0.753818 0.104904 104.903623 0.042057
 1142.000000 0.887100 5.911019 5911.019100 2.369774
 1144.000000 0.755427 0.122037 122.037010 0.048926
 1146.000000 0.719226 0.049758 49.757506 0.019948
 1148.000000 0.758989 0.164552 164.551939 0.065970
 1150.000000 0.717631 0.061643 61.643121 0.024713
 1152.000000 0.810015 1.470019 1470.019353 0.589342
 1154.000000 0.653282 1.602040 1602.040079 0.642270
 1156.000000 0.687475 0.525752 525.751525 0.210778
 1158.000000 0.659059 1.379186 1379.185529 0.552926
 1160.000000 0.654580 1.550519 1550.518857 0.621615
 1162.000000 0.678273 0.757917 757.917125 0.303855
 1164.000000 0.705568 0.192733 192.733386 0.077268
 1166.000000 0.568334 6.806218 6806.217673 2.728666
 1168.000000 0.690629 0.455922 455.922099 0.182783
 1170.000000 0.700211 0.274275 274.275037 0.109959
 1172.000000 0.716684 0.069301 69.301307 0.027783
 1174.000000 0.730070 0.002662 2.661616 0.001067
 1176.000000 0.828786 2.277787 2277.787326 0.913183
 1178.000000 0.802523 1.196818 1196.817523 0.479814
 1180.000000 0.769352 0.324340 324.339919 0.130030
 1182.000000 0.790458 0.815818 815.817694 0.327068
 1184.000000 0.851138 3.469461 3469.460973 1.390934
 1186.000000 0.744229 0.029681 29.680742 0.011899
 1188.000000 0.806645 1.343652 1343.652461 0.538681
 1190.000000 0.787305 0.728225 728.224696 0.291951
 1192.000000 0.809024 1.432254 1432.254405 0.574202
 1194.000000 0.761696 0.201108 201.107606 0.080626
 1196.000000 0.673924 0.882365 882.365458 0.353747
 1198.000000 0.636167 2.360337 2360.336505 0.946277
 1200.000000 0.669104 1.031351 1031.350749 0.413477
 1202.000000 0.741600 0.017086 17.086243 0.006850
 1204.000000 0.748410 0.056826 56.826410 0.022782
 1206.000000 0.604472 4.151316 4151.315658 1.664295
 1208.000000 0.594263 4.835134 4835.133877 1.938443
 1210.000000 0.676811 0.798698 798.697968 0.320204
 1212.000000 0.799749 1.102745 1102.744590 0.442099
 1214.000000 0.765293 0.255350 255.350278 0.102372
 1216.000000 0.752080 0.087855 87.855090 0.035222
 1218.000000 0.724604 0.019050 19.050461 0.007637
 1220.000000 0.717394 0.063514 63.514088 0.025463
 1222.000000 0.702403 0.239164 239.164379 0.095883
 1224.000000 0.717592 0.061949 61.948660 0.024836
 1226.000000 0.744031 0.028610 28.610070 0.011470
 1228.000000 0.727411 0.008770 8.769927 0.003516
 1230.000000 0.667402 1.086746 1086.746256 0.435685
 1232.000000 0.800289 1.120772 1120.772250 0.449326
 1234.000000 0.689639 0.477289 477.288959 0.191349
 1236.000000 0.744625 0.031875 31.874612 0.012779
 1238.000000 0.732300 0.000267 0.267151 0.000107
 1240.000000 0.657158 1.450671 1450.670550 0.581585
 1242.000000 0.705635 0.191794 191.794118 0.076892
 1244.000000 0.847632 3.266062 3266.062304 1.309390
 1246.000000 0.833473 2.506976 2506.975761 1.005066
 1248.000000 0.652673 1.626533 1626.533366 0.652090
 1250.000000 0.781314 0.575530 575.529561 0.230734
 1252.000000 0.734608 0.000406 0.406069 0.000163
 1254.000000 0.651610 1.669668 1669.667569 0.669383
 1256.000000 0.760935 0.190463 190.462574 0.076358
 1258.000000 0.759396 0.169816 169.815686 0.068080
 1260.000000 0.658956 1.383007 1383.006956 0.554458
 1262.000000 0.752363 0.090531 90.531345 0.036295
 1264.000000 0.745015 0.034116 34.116152 0.013677
 1266.000000 0.743955 0.028206 28.205623 0.011308
 1268.000000 0.642059 2.082747 2082.747263 0.834990
 1270.000000 0.730491 0.002020 2.019800 0.000810
 1272.000000 0.858184 3.896900 3896.899834 1.562298
 1274.000000 0.682035 0.657875 657.875438 0.263747
 1276.000000 0.803885 1.244397 1244.396701 0.498888
 1278.000000 0.792904 0.887169 887.169022 0.355673
 1280.000000 0.761652 0.200493 200.493460 0.080379
 1282.000000 0.710308 0.132547 132.546710 0.053139
 1284.000000 0.780684 0.560528 560.528053 0.224720
 1286.000000 0.804334 1.260270 1260.270354 0.505252
 1288.000000 0.725761 0.014334 14.333677 0.005746
 1290.000000 0.789273 0.782309 782.309155 0.313634
 1292.000000 0.737513 0.004367 4.366507 0.001751
 1294.000000 0.746517 0.043449 43.449388 0.017419
 1296.000000 0.681909 0.661122 661.121510 0.265049
 1298.000000 0.820500 1.899492 1899.492112 0.761521
 1300.000000 0.749244 0.063287 63.287085 0.025372
 1302.000000 0.762121 0.207183 207.182657 0.083061
 1304.000000 0.748297 0.055979 55.978977 0.022442
 1306.000000 0.727923 0.007318 7.318432 0.002934
 1308.000000 0.729980 0.002812 2.812005 0.001127
 1310.000000 0.847758 3.273232 3273.232220 1.312265
 1312.000000 0.735395 0.001063 1.062591 0.000426
 1314.000000 0.665177 1.161336 1161.336231 0.465589
 1316.000000 0.742957 0.023153 23.152554 0.009282
 1318.000000 0.706649 0.178013 178.013312 0.071367
 1320.000000 0.707801 0.162978 162.978341 0.065339
 1322.000000 0.644133 1.989173 1989.172851 0.797475
 1324.000000 0.674354 0.869629 869.629426 0.348641
 1326.000000 0.696500 0.339175 339.174792 0.135978
 1328.000000 0.708325 0.156357 156.356818 0.062685
 1330.000000 0.813586 1.610129 1610.128579 0.645513
 1332.000000 0.783566 0.630829 630.829344 0.252904
 1334.000000 0.759584 0.172273 172.273186 0.069066
 1336.000000 0.782473 0.603676 603.676171 0.242019
 1338.000000 0.731406 0.000929 0.928819 0.000372
 1340.000000 0.738045 0.005551 5.550681 0.002225
 1342.000000 0.811866 1.541831 1541.830584 0.618132
 1344.000000 0.767662 0.294610 294.609514 0.118111
 1346.000000 0.747270 0.048559 48.558820 0.019468
 1348.000000 0.666026 1.132573 1132.572659 0.454057
 1350.000000 0.666103 1.129963 1129.962717 0.453011
 1352.000000 0.673191 0.904265 904.265146 0.362527
 1354.000000 0.817521 1.771903 1771.903244 0.710370
 1356.000000 0.761562 0.199216 199.216264 0.079867
 1358.000000 0.749360 0.064211 64.211198 0.025743
 1360.000000 0.781696 0.584737 584.736581 0.234426
 1362.000000 0.736609 0.002683 2.682822 0.001076
 1364.000000 0.738610 0.006960 6.960127 0.002790
 1366.000000 0.787870 0.743562 743.562313 0.298100
 1368.000000 0.566239 6.980141 6980.140914 2.798393
 1370.000000 0.697126 0.327736 327.735896 0.131392
 1372.000000 0.687694 0.520744 520.744452 0.208771
 1374.000000 0.649057 1.775645 1775.645433 0.711870
 1376.000000 0.703761 0.218628 218.627698 0.087650
 1378.000000 0.700641 0.267192 267.191985 0.107119
 1380.000000 0.728871 0.004979 4.979029 0.001996
 1382.000000 0.720293 0.042510 42.510047 0.017043
 1384.000000 0.615389 3.477743 3477.742719 1.394254
 1386.000000 0.712877 0.104611 104.611311 0.041939
 1388.000000 0.778838 0.517659 517.658655 0.207533
 1390.000000 0.767973 0.299982 299.981883 0.120265
 1392.000000 0.683219 0.627874 627.873557 0.251719
 1394.000000 0.694502 0.376977 376.977177 0.151133
 1396.000000 0.757540 0.146485 146.485279 0.058727
 1398.000000 0.745775 0.038700 38.699834 0.015515
 1400.000000 0.644915 1.954461 1954.461080 0.783559
 1402.000000 0.780139 0.547693 547.693037 0.219574
 1404.000000 0.800188 1.117399 1117.399042 0.447974
 1406.000000 0.605207 4.104062 4104.062205 1.645351
 1408.000000 0.538203 9.518933 9518.932988 3.816215
 1410.000000 0.679326 0.729199 729.198613 0.292341
 1412.000000 0.716516 0.070704 70.704387 0.028346
 1414.000000 0.668317 1.056779 1056.779351 0.423671
 1416.000000 0.725214 0.016482 16.481587 0.006608
 1418.000000 0.686915 0.538672 538.672369 0.215958
 1420.000000 0.741199 0.015469 15.468753 0.006202
 1422.000000 0.705174 0.198233 198.232795 0.079473
 1424.000000 0.658468 1.401192 1401.192338 0.561749
 1426.000000 0.699204 0.291195 291.194586 0.116742
 1428.000000 0.743674 0.026735 26.734745 0.010718
 1430.000000 0.827860 2.233830 2233.829950 0.895560
 1432.000000 0.727572 0.008299 8.298938 0.003327
 1434.000000 0.736913 0.003203 3.203274 0.001284
 1436.000000 0.735558 0.001237 1.237395 0.000496
 1438.000000 0.797468 1.028308 1028.307816 0.412257
 1440.000000 0.720191 0.043177 43.177314 0.017310
 1442.000000 0.647402 1.846044 1846.044127 0.740094
 1444.000000 0.751818 0.085418 85.418092 0.034245
 1446.000000 0.735634 0.001323 1.322797 0.000530
 1448.000000 0.686830 0.540639 540.638523 0.216746
 1450.000000 0.752196 0.088952 88.952401 0.035662
 1452.000000 0.805500 1.302024 1302.023610 0.521992
 1454.000000 0.641081 2.127617 2127.616767 0.852978
 1456.000000 0.653639 1.587805 1587.805460 0.636564
 1458.000000 0.735668 0.001362 1.362442 0.000546
 1460.000000 0.975567 14.669234 14669.234200 5.881012
 1462.000000 0.852728 3.563791 3563.791269 1.428752
 1464.000000 0.739882 0.010720 10.720115 0.004298
 1466.000000 0.762972 0.219612 219.612260 0.088044
 1468.000000 0.767309 0.288583 288.582890 0.115695
 1470.000000 0.706929 0.174298 174.298429 0.069878
 1472.000000 0.759616 0.172698 172.697846 0.069236
 1474.000000 0.683710 0.615614 615.613780 0.246804
 1476.000000 0.767908 0.298855 298.855299 0.119813
 1478.000000 0.628054 2.770932 2770.931886 1.110888
 1480.000000 0.733834 0.000063 0.062768 0.000025
 1482.000000 0.522533 11.109205 11109.205128 4.453768
 1484.000000 0.682694 0.641098 641.098116 0.257021
 1486.000000 0.677695 0.773909 773.909076 0.310266
 1488.000000 0.661640 1.284977 1284.977149 0.515157
 1490.000000 0.723021 0.026588 26.587804 0.010659
 1492.000000 0.654253 1.563411 1563.410841 0.626784
 1494.000000 0.692018 0.426749 426.748904 0.171087
 1496.000000 0.725326 0.016028 16.028134 0.006426
 1498.000000 0.736287 0.002181 2.181488 0.000875
 1500.000000 0.651335 1.680912 1680.912123 0.673891
 1502.000000 0.721085 0.037508 37.508275 0.015037
 1504.000000 0.693652 0.393652 393.651538 0.157818
 1506.000000 0.687729 0.519932 519.932009 0.208445
 1508.000000 0.652068 1.651028 1651.028146 0.661910
 1510.000000 0.715245 0.081801 81.800744 0.032795
 1512.000000 0.716533 0.070567 70.566872 0.028291
 1514.000000 0.807277 1.366932 1366.932073 0.548014
 1516.000000 0.630558 2.640716 2640.716202 1.058684
 1518.000000 0.683007 0.633182 633.182019 0.253848
 1520.000000 0.721012 0.037957 37.956777 0.015217
 1522.000000 0.769287 0.323167 323.166558 0.129560
 1524.000000 0.829527 2.313282 2313.282354 0.927413
 1526.000000 0.746720 0.044802 44.801651 0.017961
 1528.000000 0.757247 0.142968 142.968281 0.057317
 1530.000000 0.724453 0.019713 19.713491 0.007903
 1532.000000 0.743646 0.026588 26.588432 0.010660
 1534.000000 0.861979 4.137457 4137.456692 1.658739
 1536.000000 0.777867 0.495821 495.820941 0.198779
 1538.000000 0.762571 0.213712 213.712105 0.085679
 1540.000000 0.656351 1.481566 1481.566211 0.593972
 1542.000000 0.688028 0.513149 513.149268 0.205726
 1544.000000 0.753558 0.102255 102.255092 0.040995
 1546.000000 0.712405 0.109500 109.500194 0.043899
 1548.000000 0.719160 0.050219 50.218603 0.020133
 1550.000000 0.719356 0.048845 48.844815 0.019582
 1552.000000 0.740213 0.011833 11.832766 0.004744
 1554.000000 0.690857 0.451062 451.062423 0.180834
 1556.000000 0.773889 0.411183 411.182551 0.164846
 1558.000000 0.795166 0.955818 955.817996 0.383195
 1560.000000 0.678523 0.751054 751.053508 0.301103
 1562.000000 0.699897 0.279504 279.503717 0.112055
 1564.000000 0.690141 0.466394 466.394020 0.186981
 1566.000000 0.744468 0.030997 30.996583 0.012427
 1568.000000 0.762582 0.213877 213.877178 0.085745
 1570.000000 0.654440 1.556021 1556.021176 0.623821
 1572.000000 0.635936 2.371548 2371.548447 0.950772
 1574.000000 0.684051 0.607193 607.192509 0.243428
 1576.000000 0.690344 0.462017 462.016935 0.185226
 1578.000000 0.749221 0.063102 63.102298 0.025298
 1580.000000 0.666166 1.127853 1127.853173 0.452165
 1582.000000 0.798185 1.051449 1051.448512 0.421534
 1584.000000 0.828068 2.243654 2243.654147 0.899499
 1586.000000 0.840299 2.860396 2860.396306 1.146755
 1588.000000 0.896774 6.678174 6678.173512 2.677332
 1590.000000 0.845983 3.172460 3172.459780 1.271864
 1592.000000 0.781563 0.581525 581.525490 0.233138
 1594.000000 0.740688 0.013524 13.524138 0.005422
 1596.000000 0.849556 3.376937 3376.937465 1.353841
 1598.000000 0.804714 1.273804 1273.804179 0.510678
 1600.000000 0.789896 0.799837 799.836658 0.320661
 1602.000000 0.822719 1.997471 1997.471084 0.800802
 1604.000000 0.741562 0.016930 16.929663 0.006787
 1606.000000 0.628030 2.772193 2772.192510 1.111394
 1608.000000 0.751234 0.080106 80.105821 0.032115
 1610.000000 0.731619 0.000734 0.734459 0.000294
 1612.000000 0.800826 1.138810 1138.810320 0.456558
 1614.000000 0.783896 0.639134 639.134242 0.256234
 1616.000000 0.766526 0.275446 275.445730 0.110428
 1618.000000 0.725082 0.017020 17.019579 0.006823
 1620.000000 0.617692 3.343243 3343.243088 1.340332
 1622.000000 0.644116 1.989950 1989.949686 0.797787
 1624.000000 0.669716 1.011786 1011.786002 0.405633
 1626.000000 0.777004 0.476788 476.788434 0.191148
 1628.000000 0.805307 1.295046 1295.046055 0.519194
 1630.000000 0.698842 0.297416 297.415676 0.119236
 1632.000000 0.700112 0.275920 275.919756 0.110618
 1634.000000 0.791016 0.831818 831.818371 0.333483
 1636.000000 0.722534 0.029154 29.153750 0.011688
 1638.000000 0.801997 1.178668 1178.668078 0.472537
 1640.000000 0.781487 0.579702 579.701756 0.232407
 1642.000000 0.812494 1.566619 1566.618522 0.628070
 1644.000000 0.778708 0.514711 514.711094 0.206352
 1646.000000 0.732103 0.000379 0.378589 0.000152
 1648.000000 0.721958 0.032348 32.347798 0.012968
 1650.000000 0.819710 1.865243 1865.243149 0.747791
 1652.000000 0.743226 0.024464 24.464153 0.009808
 1654.000000 0.741288 0.015818 15.818487 0.006342
 1656.000000 0.868566 4.571997 4571.996937 1.832950
 1658.000000 0.900601 6.994624 6994.624192 2.804200
 1660.000000 0.774684 0.427474 427.474424 0.171378
 1662.000000 0.659243 1.372332 1372.331841 0.550179
 1664.000000 0.664287 1.191864 1191.864287 0.477828
 1666.000000 0.726517 0.011616 11.616230 0.004657
 1668.000000 0.651848 1.659981 1659.981104 0.665499
 1670.000000 0.752833 0.095064 95.063774 0.038112
 1672.000000 0.739360 0.009080 9.080273 0.003640
 1674.000000 0.689112 0.488880 488.879909 0.195996
 1676.000000 0.722993 0.026732 26.732406 0.010717
 1678.000000 0.821446 1.940973 1940.972866 0.778151
 1680.000000 0.698860 0.297100 297.099679 0.119110
 1682.000000 0.728962 0.004778 4.777549 0.001915
 1684.000000 0.709499 0.142022 142.022495 0.056938
 1686.000000 0.546273 8.747919 8747.919102 3.507110
 1688.000000 0.743619 0.026449 26.448631 0.010603
 1690.000000 0.708766 0.150894 150.894227 0.060495
 1692.000000 0.718272 0.056708 56.708377 0.022735
 1694.000000 0.735365 0.001032 1.031855 0.000414
 1696.000000 0.686488 0.548626 548.626422 0.219949
 1698.000000 0.740287 0.012088 12.088464 0.004846
 1700.000000 0.748434 0.057011 57.010987 0.022856
 1702.000000 0.777946 0.497581 497.580867 0.199484
 1704.000000 0.653092 1.609675 1609.675424 0.645332
 1706.000000 0.655642 1.508988 1508.988365 0.604965
 1708.000000 0.701483 0.253606 253.606317 0.101673
 1710.000000 0.726561 0.011468 11.467604 0.004597
 1712.000000 0.667557 1.081618 1081.618258 0.433629
 1714.000000 0.669777 1.009840 1009.839589 0.404853
 1716.000000 0.642214 2.075689 2075.689078 0.832160
 1718.000000 0.741317 0.015934 15.933810 0.006388
 1720.000000 0.760621 0.186151 186.151262 0.074630
 1722.000000 0.687768 0.519045 519.044709 0.208089
 1724.000000 0.687670 0.521285 521.285260 0.208987
 1726.000000 0.537449 9.592647 9592.646909 3.845768
 1728.000000 0.584794 5.515986 5515.986104 2.211402
 1730.000000 0.603736 4.198848 4198.847709 1.683351
 1732.000000 0.751082 0.078752 78.752167 0.031572
 1734.000000 0.691763 0.432029 432.028526 0.173204
 1736.000000 0.657653 1.431883 1431.882725 0.574053
 1738.000000 0.615008 3.500221 3500.221292 1.403266
 1740.000000 0.874785 5.002146 5002.146459 2.005400
 1742.000000 0.755216 0.119707 119.707334 0.047992
 1744.000000 0.703340 0.224893 224.893074 0.090161
 1746.000000 0.669314 1.024622 1024.622143 0.410779
 1748.000000 0.760915 0.190185 190.185478 0.076247
 1750.000000 0.866867 4.457789 4457.788622 1.787163
 1752.000000 0.748302 0.056014 56.014399 0.022457
 1754.000000 0.846819 3.219752 3219.751582 1.290824
 1756.000000 0.833355 2.501062 2501.062138 1.002696
 1758.000000 0.781821 0.587760 587.760012 0.235638
 1760.000000 0.800609 1.131509 1131.509332 0.453631
 1762.000000 0.776180 0.458955 458.955292 0.183999
 1764.000000 0.889702 6.112806 6112.806080 2.450672
 1766.000000 0.864101 4.275014 4275.014123 1.713887
 1768.000000 0.699594 0.284585 284.584568 0.114092
 1770.000000 0.670034 1.001699 1001.699309 0.401589
 1772.000000 0.727964 0.007207 7.206917 0.002889
 1774.000000 0.689384 0.482894 482.893724 0.193596
 1776.000000 0.704706 0.204881 204.881312 0.082139
 1778.000000 0.726250 0.012542 12.541677 0.005028
 1780.000000 0.751086 0.078788 78.788030 0.031587
 1782.000000 0.747857 0.052735 52.735303 0.021142
 1784.000000 0.729160 0.004354 4.354132 0.001746
 1786.000000 0.726520 0.011607 11.606796 0.004653
 1788.000000 0.797583 1.032009 1032.008609 0.413740
 1790.000000 0.809682 1.457293 1457.292978 0.584240
 1792.000000 0.766951 0.282544 282.544145 0.113274
 1794.000000 0.802329 1.190111 1190.111106 0.477125
 1796.000000 0.746487 0.043255 43.255105 0.017341
 1798.000000 0.750783 0.076124 76.124288 0.030519
 1800.000000 0.684495 0.596296 596.295831 0.239060
 1802.000000 0.695003 0.367307 367.307466 0.147256
 1804.000000 0.753590 0.102587 102.587010 0.041128
 1806.000000 0.850348 3.423125 3423.124568 1.372358
 1808.000000 0.739080 0.008257 8.256517 0.003310
 1810.000000 0.870318 4.691209 4691.208965 1.880743
 1812.000000 0.814818 1.659926 1659.925538 0.665477
 1814.000000 0.763314 0.224703 224.703013 0.090085
 1816.000000 0.704244 0.211545 211.545010 0.084810
 1818.000000 0.856214 3.774936 3774.936400 1.513402
 1820.000000 0.853024 3.581478 3581.478049 1.435843
 1822.000000 0.750678 0.075207 75.207425 0.030151
 1824.000000 0.723204 0.025652 25.651939 0.010284
 1826.000000 0.746707 0.044714 44.713859 0.017926
 1828.000000 0.730772 0.001640 1.639808 0.000657
 1830.000000 0.796919 1.010784 1010.784110 0.405231
 1832.000000 0.815731 1.697330 1697.330139 0.680473
 1834.000000 0.732488 0.000179 0.178569 0.000072
 1836.000000 0.896884 6.687238 6687.238050 2.680966
 1838.000000 0.774593 0.425592 425.592239 0.170623
 1840.000000 0.773385 0.401035 401.034995 0.160778
 1842.000000 0.737867 0.005138 5.138444 0.002060
 1844.000000 0.672013 0.940060 940.060305 0.376878
 1846.000000 0.856599 3.798585 3798.585054 1.522883
 1848.000000 0.804565 1.268474 1268.473855 0.508541
 1850.000000 0.741320 0.015947 15.947136 0.006393
 1852.000000 0.871246 4.754969 4754.968634 1.906304
 1854.000000 0.800566 1.130058 1130.058202 0.453049
 1856.000000 0.797276 1.022167 1022.166700 0.409795
 1858.000000 0.861299 4.093781 4093.781119 1.641229
 1860.000000 0.881441 5.483997 5483.996783 2.198577
 1862.000000 0.885849 5.815261 5815.261036 2.331384
 1864.000000 0.876524 5.125918 5125.918405 2.055021
 1866.000000 0.724030 0.021637 21.636965 0.008674
 1868.000000 0.785548 0.681593 681.592621 0.273256
 1870.000000 0.676145 0.817638 817.638221 0.327798
 1872.000000 0.900083 6.951361 6951.361159 2.786855
 1874.000000 0.804167 1.254360 1254.359688 0.502883
 1876.000000 0.714043 0.093032 93.031561 0.037297
 1878.000000 0.781426 0.578221 578.220634 0.231813
 1880.000000 0.706087 0.185589 185.588917 0.074404
 1882.000000 0.752026 0.087357 87.356633 0.035022
 1884.000000 0.824565 2.080789 2080.789210 0.834205
 1886.000000 0.690685 0.454729 454.729167 0.182305
 1888.000000 0.605673 4.074295 4074.295391 1.633417
 1890.000000 0.768610 0.311104 311.103511 0.124724
 1892.000000 0.686956 0.537704 537.703826 0.215570
 1894.000000 0.771654 0.367115 367.114912 0.147179
 1896.000000 0.851073 3.465660 3465.660491 1.389411
 1898.000000 0.824851 2.093879 2093.878647 0.839452
 1900.000000 0.771908 0.371994 371.994273 0.149135
 1902.000000 0.732924 0.000042 0.041941 0.000017
 1904.000000 0.704766 0.204024 204.023630 0.081795
 1906.000000 0.735159 0.000833 0.833247 0.000334
 1908.000000 0.728152 0.006712 6.712468 0.002691
 1910.000000 0.726968 0.010129 10.129184 0.004061
 1912.000000 0.706613 0.178498 178.498006 0.071561
 1914.000000 0.864024 4.270011 4270.011158 1.711881
 1916.000000 0.801847 1.173546 1173.546160 0.470484
 1918.000000 0.674493 0.865556 865.556194 0.347008
 1920.000000 0.762434 0.211709 211.708720 0.084876
 1922.000000 0.702221 0.242001 242.000597 0.097020
 1924.000000 0.826560 2.172789 2172.789432 0.871088
 1926.000000 0.769719 0.330975 330.974789 0.132690
 1928.000000 0.829331 2.303893 2303.893199 0.923649
 1930.000000 0.702720 0.234288 234.287709 0.093928
 1932.000000 0.762575 0.213770 213.769859 0.085702
 1934.000000 0.812177 1.554092 1554.091583 0.623048
 1936.000000 0.658590 1.396645 1396.644731 0.559926
 1938.000000 0.717592 0.061946 61.945717 0.024835
 1940.000000 0.728520 0.005793 5.792826 0.002322
 1942.000000 0.633824 2.475508 2475.508110 0.992451
 1944.000000 0.742937 0.023056 23.055961 0.009243
 1946.000000 0.706245 0.183439 183.438791 0.073542
 1948.000000 0.679681 0.719631 719.631139 0.288506
 1950.000000 0.753927 0.106028 106.027797 0.042507
 1952.000000 0.712349 0.110084 110.083671 0.044133
 1954.000000 0.858519 3.917866 3917.865992 1.570703
 1956.000000 0.743799 0.027382 27.381789 0.010978
 1958.000000 0.685858 0.563484 563.484158 0.225905
 1960.000000 0.714557 0.088138 88.137964 0.035335
 1962.000000 0.703127 0.228098 228.098461 0.091446
 1964.000000 0.698046 0.311295 311.294681 0.124800
 1966.000000 0.729461 0.003749 3.749052 0.001503
 1968.000000 0.736457 0.002439 2.438677 0.000978
 1970.000000 0.694934 0.368622 368.621699 0.147783
 1972.000000 0.732139 0.000357 0.356654 0.000143
 1974.000000 0.865505 4.367321 4367.320813 1.750893
 1976.000000 0.780548 0.557295 557.294676 0.223424
 1978.000000 0.867329 4.488728 4488.727629 1.799566
 1980.000000 0.787587 0.735870 735.869774 0.295016
 1982.000000 0.784823 0.662808 662.807722 0.265725
 1984.000000 0.714300 0.090565 90.565256 0.036308
 1986.000000 0.711224 0.122203 122.202774 0.048992
 1988.000000 0.710715 0.127897 127.896503 0.051275
 1990.000000 0.706246 0.183433 183.432688 0.073540
 1992.000000 0.753752 0.104232 104.231595 0.041787
 1994.000000 0.789729 0.795108 795.107700 0.318765
 1996.000000 0.736801 0.003007 3.006981 0.001206
 1998.000000 0.824325 2.069852 2069.851755 0.829820
 2000.000000 0.801949 1.177042 1177.042388 0.471886
