#! FIELDS time d1 bb.bias bb.force2 lw
 0.000000 0.837001 2.686721 2686.720740 1.077128
 2.000000 0.861550 4.109903 4109.902622 1.647692
 4.000000 0.788083 0.749384 749.384217 0.300434
 6.000000 0.666407 1.119786 1119.785946 0.448931
 8.000000 0.680036 0.710150 710.149654 0.284705
 10.000000 0.724131 0.021169 21.168558 0.008487
 12.000000 0.620600 3.177218 3177.218144 1.273772
 14.000000 0.889096 6.065523 6065.523449 2.431716
 16.000000 0.751900 0.086177 86.177233 0.034549
 18.000000 0.760594 0.185789 185.789239 0.074484
 20.000000 0.805391 1.298090 1298.090051 0.520415
 22.000000 0.646229 1.896778 1896.777708 0.760433
 24.000000 0.721710 0.033778 33.777722 0.013542
 26.000000 0.724112 0.021257 21.257063 0.008522
 28.000000 0.795436 0.964181 964.180793 0.386548
 30.000000 0.725320 0.016052 16.051883 0.006435
 32.000000 0.707041 0.172816 172.816090 0.069283
 34.000000 0.761723 0.201494 201.493635 0.080780
 36.000000 0.602940 4.250596 4250.595640 1.704097
 38.000000 0.654393 1.557896 1557.896013 0.624573
 40.000000 0.723907 0.022214 22.213824 0.008906
 42.000000 0.793190 0.895692 895.692373 0.359090
 44.000000 0.840328 2.861944 2861.943947 1.147376
 46.000000 0.750866 0.076852 76.851975 0.030811
 48.000000 0.739870 0.010682 10.681837 0.004282
 50.000000 0.578850 5.966237 5966.236713 2.391911
 52.000000 0.722327 0.030287 30.287223 0.012142
 54.000000 0.734232 0.000202 0.202003 0.000081
 56.000000 0.703117 0.228258 228.257786 0.091510
 58.000000 0.626906 2.831704 2831.703614 1.135252
 60.000000 0.744131 0.029145 29.144969 0.011684
 62.000000 0.863378 4.227896 4227.895881 1.694997
 64.000000 0.764572 0.243962 243.962210 0.097806
 66.000000 0.731302 0.001032 1.031931 0.000414
 68.000000 0.701487 0.253541 253.540940 0.101647
 70.000000 0.765180 0.253551 253.550869 0.101651
 72.000000 0.751011 0.078122 78.121565 0.031320
 74.000000 0.716871 0.067752 67.751807 0.027162
 76.000000 0.740128 0.011542 11.542094 0.004627
 78.000000 0.662897 1.240302 1240.301656 0.497247
 80.000000 0.708480 0.154425 154.425202 0.061910
 82.000000 0.722530 0.029181 29.180681 0.011699
 84.000000 0.713361 0.099719 99.719004 0.039978
 86.000000 0.787543 0.734664 734.663963 0.294533
 88.000000 0.589143 5.197713 5197.712694 2.083804
 90.000000 0.745950 0.039794 39.794182 0.015954
 92.000000 0.580640 5.828779 5828.779144 2.336803
 94.000000 0.786459 0.705574 705.573823 0.282870
 96.000000 0.770916 0.353116 353.115775 0.141567
 98.000000 0.799351 1.089567 1089.566581 0.436816
 100.000000 0.729688 0.003322 3.321642 0.001332
 102.000000 0.716711 0.069076 69.075505 0.027693
 104.000000 0.722343 0.030199 30.199036 0.012107
 106.000000 0.854983 3.699652 3699.652154 1.483220
 108.000000 0.771765 0.369248 369.248435 0.148035
 110.000000 0.749723 0.067153 67.153443 0.026922
 112.000000 0.899316 6.887556 6887.555846 2.761275
 114.000000 0.761177 0.193818 193.817707 0.077703
 116.000000 0.716072 0.074488 74.488427 0.029863
 118.000000 0.804964 1.282740 1282.740360 0.514261
 120.000000 0.709745 0.139105 139.105243 0.055768
 122.000000 0.805635 1.306881 1306.881472 0.523939
 124.000000 0.746493 0.043292 43.291827 0.017356
 126.000000 0.756252 0.131319 131.319223 0.052647
 128.000000 0.785504 0.680457 680.457380 0.272801
 130.000000 0.777712 0.492373 492.373461 0.197396
 132.000000 0.782822 0.612274 612.274242 0.245466
 134.000000 0.697132 0.327630 327.629768 0.131349
 136.000000 0.701022 0.261008 261.007948 0.104640
 138.000000 0.644771 1.960821 1960.820977 0.786109
 140.000000 0.783013 0.617017 617.016961 0.247367
 142.000000 0.762977 0.219684 219.684116 0.088073
 144.000000 0.650405 1.719261 1719.261037 0.689265
 146.000000 0.687429 0.526810 526.809606 0.211202
 148.000000 0.741169 0.015348 15.348250 0.006153
 150.000000 0.724843 0.018020 18.019603 0.007224
 152.000000 0.735673 0.001368 1.368475 0.000549
 154.000000 0.703724 0.219180 219.180149 0.087871
 156.000000 0.665168 1.161612 1161.612494 0.465700
 158.000000 0.633432 2.495045 2495.045466 1.000283
 160.000000 0.693412 0.398425 398.424727 0.159732
 162.000000 0.683367 0.624163 624.162894 0.250232
 164.000000 0.805349 1.296557 1296.556919 0.519800
 166.000000 0.682530 0.645256 645.256397 0.258688
 168.000000 0.782985 0.616334 616.334353 0.247093
 170.000000 0.760163 0.179962 179.962314 0.072148
 172.000000 0.699566 0.285052 285.052147 0.114280
 174.000000 0.730955 0.001414 1.413557 0.000567
 176.000000 0.741334 0.016003 16.003097 0.006416
 178.000000 0.690772 0.452866 452.866365 0.181558
 180.000000 0.688990 0.491589 491.588969 0.197082
 182.000000 0.651303 1.682245 1682.244859 0.674425
 184.000000 0.651861 1.659453 1659.452863 0.665288
 186.000000 0.750425 0.073030 73.030352 0.029278
 188.000000 0.615721 3.458181 3458.180950 1.386412
 190.000000 0.843980 3.060675 3060.674783 1.227049
 192.000000 0.791327 0.840804 840.803651 0.337085
 194.000000 0.755937 0.127737 127.736829 0.051211
 196.000000 0.658261 1.408955 1408.955254 0.564861
 198.000000 0.684080 0.606474 606.474448 0.243140
 200.000000 0.602381 4.287108 4287.108391 1.718736
 202.000000 0.568340 6.805683 6805.682984 2.728452
 204.000000 0.617886 3.332037 3332.036642 1.335840
 206.000000 0.778631 0.512978 512.977995 0.205657
 208.000000 0.813443 1.604372 1604.371614 0.643205
 210.000000 0.727831 0.007569 7.568589 0.003034
 212.000000 0.707176 0.171054 171.053924 0.068577
 214.000000 0.646431 1.888000 1888.000272 0.756914
 216.000000 0.600391 4.418449 4418.448926 1.771391
 218.000000 0.617178 3.373031 3373.031270 1.352275
 220.000000 0.630790 2.628786 2628.785784 1.053901
 222.000000 0.797872 1.041301 1041.301232 0.417466
 224.000000 0.736506 0.002516 2.516050 0.001009
 226.000000 0.709933 0.136889 136.888773 0.054880
 228.000000 0.815283 1.678918 1678.918006 0.673091
 230.000000 0.704338 0.210180 210.179932 0.084263
 232.000000 0.782047 0.593257 593.256631 0.237841
 234.000000 0.853541 3.612469 3612.469236 1.448267
 236.000000 0.804239 1.256890 1256.890025 0.503897
 238.000000 0.697166 0.327024 327.024294 0.131107
 240.000000 0.705867 0.188602 188.601532 0.075612
 242.000000 0.739222 0.008669 8.668930 0.003475
 244.000000 0.788607 0.763806 763.805813 0.306216
 246.000000 0.783204 0.621776 621.775593 0.249275
 248.000000 0.818913 1.830962 1830.962076 0.734047
 250.000000 0.746428 0.042866 42.865786 0.017185
 252.000000 0.695009 0.367184 367.184155 0.147207
 254.000000 0.756192 0.130625 130.624908 0.052369
 256.000000 0.822923 2.006566 2006.565757 0.804448
 258.000000 0.802087 1.181779 1181.778818 0.473784
 260.000000 0.790774 0.824861 824.861230 0.330693
 262.000000 0.700965 0.261931 261.930684 0.105010
 264.000000 0.576172 6.174910 6174.909904 2.475570
 266.000000 0.785383 0.677281 677.281355 0.271527
 268.000000 0.774005 0.413548 413.547683 0.165795
 270.000000 0.852067 3.524419 3524.418552 1.412967
 272.000000 0.694051 0.385775 385.775293 0.154660
 274.000000 0.860435 4.038702 4038.701505 1.619147
 276.000000 0.807541 1.376688 1376.687735 0.551925
 278.000000 0.702753 0.233795 233.795098 0.093730
 280.000000 0.744146 0.029229 29.228997 0.011718
 282.000000 0.636068 2.365139 2365.139482 0.948203
 284.000000 0.722022 0.031988 31.987833 0.012824
 286.000000 0.597566 4.608180 4608.180191 1.847456
 288.000000 0.695454 0.358714 358.714076 0.143811
 290.000000 0.790383 0.813663 813.663329 0.326204
 292.000000 0.768715 0.312972 312.971525 0.125473
 294.000000 0.683338 0.624886 624.885904 0.250522
 296.000000 0.744814 0.032949 32.948985 0.013210
 298.000000 0.760113 0.179294 179.293822 0.071880
 300.000000 0.806793 1.349065 1349.064843 0.540851
 302.000000 0.850267 3.418371 3418.370887 1.370452
 304.000000 0.858653 3.926234 3926.233696 1.574058
 306.000000 0.794713 0.941852 941.851706 0.377596
 308.000000 0.803370 1.226276 1226.276279 0.491624
 310.000000 0.698741 0.299160 299.159514 0.119935
 312.000000 0.833419 2.504264 2504.263515 1.003979
 314.000000 0.697890 0.314052 314.052494 0.125906
 316.000000 0.716114 0.074127 74.126855 0.029718
 318.000000 0.696252 0.343748 343.747546 0.137811
 320.000000 0.660025 1.343531 1343.530893 0.538632
 322.000000 0.731704 0.000664 0.663975 0.000266
 324.000000 0.736868 0.003124 3.123538 0.001252
 326.000000 0.810854 1.502352 1502.351557 0.602305
 328.000000 0.805785 1.312308 1312.307904 0.526115
 330.000000 0.827357 2.210127 2210.126819 0.886057
 332.000000 0.724402 0.019943 19.943423 0.007995
 334.000000 0.754043 0.107220 107.219875 0.042985
 336.000000 0.737628 0.004611 4.610905 0.001849
 338.000000 0.665794 1.140387 1140.386950 0.457190
 340.000000 0.773723 0.407823 407.822661 0.163499
 342.000000 0.716394 0.071734 71.734301 0.028759
 344.000000 0.691062 0.446710 446.709682 0.179089
 346.000000 0.725963 0.013579 13.579193 0.005444
 348.000000 0.828829 2.279858 2279.858241 0.914013
 350.000000 0.836301 2.650602 2650.602138 1.062647
 352.000000 0.793567 0.907012 907.012365 0.363628
 354.000000 0.728286 0.006368 6.367985 0.002553
 356.000000 0.762524 0.213031 213.030586 0.085406
 358.000000 0.731588 0.000762 0.761887 0.000305
 360.000000 0.729863 0.003011 3.010885 0.001207
 362.000000 0.738534 0.006761 6.761215 0.002711
 364.000000 0.742421 0.020648 20.647911 0.008278
 366.000000 0.796599 1.000644 1000.643945 0.401166
 368.000000 0.758004 0.152158 152.158119 0.061001
 370.000000 0.813085 1.590088 1590.088415 0.637479
 372.000000 0.810546 1.490439 1490.439400 0.597529
 374.000000 0.691452 0.438503 438.502807 0.175799
 376.000000 0.745637 0.037843 37.843253 0.015172
 378.000000 0.731211 0.001126 1.126389 0.000452
 380.000000 0.808648 1.418064 1418.063784 0.568513
 382.000000 0.764051 0.235894 235.894372 0.094572
 384.000000 0.684827 0.588211 588.210831 0.235818
 386.000000 0.817380 1.765957 1765.957052 0.707986
 388.000000 0.709045 0.147476 147.476283 0.059124
 390.000000 0.694265 0.381592 381.592491 0.152983
 392.000000 0.785807 0.688365 688.365421 0.275971
 394.000000 0.752099 0.088033 88.033293 0.035293
 396.000000 0.788061 0.748787 748.786785 0.300195
 398.000000 0.864459 4.298492 4298.492391 1.723299
 400.000000 0.832658 2.466348 2466.347957 0.988778
 402.000000 0.915970 8.339048 8339.047686 3.343190
 404.000000 0.758151 0.153983 153.982981 0.061733
 406.000000 0.790176 0.807771 807.771089 0.323842
 408.000000 0.817505 1.771237 1771.237287 0.710103
 410.000000 0.746212 0.041468 41.467566 0.016625
 412.000000 0.695588 0.356178 356.177724 0.142794
 414.000000 0.702723 0.234241 234.240997 0.093909
 416.000000 0.835546 2.611871 2611.870663 1.047120
 418.000000 0.703518 0.222235 222.234852 0.089096
 420.000000 0.774429 0.422217 422.217234 0.169270
 422.000000 0.630309 2.653490 2653.490281 1.063805
 424.000000 0.466309 17.825472 17825.471995 7.146372
 426.000000 0.744269 0.029900 29.899860 0.011987
 428.000000 0.795731 0.973363 973.363141 0.390229
 430.000000 0.702860 0.232156 232.156221 0.093073
 432.000000 0.776895 0.474409 474.409328 0.190194
 434.000000 0.735966 0.001733 1.732869 0.000695
 436.000000 0.701092 0.259881 259.881259 0.104188
 438.000000 0.740705 0.013585 13.585373 0.005446
 440.000000 0.852816 3.569042 3569.042455 1.430857
 442.000000 0.778690 0.514299 514.298601 0.206186
 444.000000 0.738119 0.005726 5.726216 0.002296
 446.000000 0.713336 0.099971 99.971174 0.040079
 448.000000 0.786257 0.700239 700.238803 0.280731
 450.000000 0.734942 0.000647 0.647063 0.000259
 452.000000 0.723020 0.026592 26.592407 0.010661
 454.000000 0.746144 0.041030 41.030357 0.016449
 456.000000 0.746973 0.046509 46.508844 0.018646
 458.000000 0.684175 0.604143 604.142879 0.242206
 460.000000 0.667827 1.072785 1072.785119 0.430088
 462.000000 0.759964 0.177299 177.298841 0.071081
 464.000000 0.767125 0.285477 285.477422 0.114450
 466.000000 0.857586 3.859691 3859.691297 1.547381
 468.000000 0.873711 4.926489 4926.488779 1.975068
 470.000000 0.644947 1.953029 1953.028534 0.782985
 472.000000 0.877651 5.206878 5206.878030 2.087478
 474.000000 0.794513 0.935729 935.728807 0.375141
 476.000000 0.675528 0.835352 835.352361 0.334899
 478.000000 0.691263 0.442485 442.484814 0.177396
 480.000000 0.633024 2.515493 2515.493482 1.008481
 482.000000 0.637731 2.284964 2284.963947 0.916060
 484.000000 0.671993 0.940665 940.664670 0.377120
 486.000000 0.708966 0.148448 148.447631 0.059514
 488.000000 0.777220 0.481512 481.512315 0.193042
 490.000000 0.735842 0.001574 1.573604 0.000631
 492.000000 0.615027 3.499118 3499.118133 1.402824
 494.000000 0.739806 0.010475 10.474672 0.004199
 496.000000 0.692841 0.409906 409.905999 0.164335
 498.000000 0.716273 0.072760 72.760060 0.029170
 500.000000 0.688030 0.513088 513.088314 0.205701
 502.000000 0.808845 1.425516 1425.516283 0.571501
 504.000000 0.644973 1.951897 1951.897448 0.782531
 506.000000 0.708673 0.152031 152.031202 0.060951
 508.000000 0.766506 0.275112 275.112255 0.110295
 510.000000 0.761544 0.198954 198.953825 0.079762
 512.000000 0.724106 0.021284 21.283709 0.008533
 514.000000 0.699690 0.282965 282.965237 0.113443
 516.000000 0.745401 0.036407 36.407361 0.014596
 518.000000 0.851910 3.515133 3515.133265 1.409245
 520.000000 0.864676 4.312733 4312.733157 1.729009
 522.000000 0.686485 0.548688 548.687523 0.219973
 524.000000 0.682401 0.648524 648.523675 0.259998
 526.000000 0.771458 0.363367 363.367198 0.145677
 528.000000 0.782462 0.603401 603.400860 0.241908
 530.000000 0.737310 0.003954 3.954064 0.001585
 532.000000 0.856760 3.808556 3808.556001 1.526880
 534.000000 0.744331 0.030240 30.239872 0.012123
 536.000000 0.732204 0.000319 0.318925 0.000128
 538.000000 0.795934 0.979718 979.718073 0.392777
 540.000000 0.774041 0.414279 414.278817 0.166088
 542.000000 0.798270 1.054192 1054.192020 0.422634
 544.000000 0.735234 0.000903 0.903104 0.000362
 546.000000 0.728322 0.006278 6.277651 0.002517
 548.000000 0.678289 0.757476 757.475504 0.303678
 550.000000 0.672748 0.917656 917.656404 0.367896
 552.000000 0.762446 0.211882 211.882481 0.084945
 554.000000 0.696478 0.339588 339.587711 0.136143
 556.000000 0.654317 1.560890 1560.890323 0.625773
 558.000000 0.663969 1.202847 1202.846742 0.482231
 560.000000 0.737350 0.004034 4.033895 0.001617
 562.000000 0.713879 0.094621 94.621350 0.037934
 564.000000 0.780914 0.565975 565.975440 0.226904
 566.000000 0.768206 0.304029 304.028779 0.121888
 568.000000 0.771145 0.357426 357.425733 0.143295
 570.000000 0.774812 0.430127 430.127154 0.172441
 572.000000 0.741156 0.015299 15.299133 0.006134
 574.000000 0.714549 0.088213 88.213482 0.035365
 576.000000 0.736280 0.002171 2.171051 0.000870
 578.000000 0.786392 0.703804 703.803903 0.282161
 580.000000 0.879229 5.321405 5321.404548 2.133393
 582.000000 0.835289 2.598723 2598.723304 1.041849
 584.000000 0.698086 0.310600 310.599740 0.124522
 586.000000 0.760557 0.185286 185.286121 0.074283
 588.000000 0.687251 0.530904 530.903825 0.212844
 590.000000 0.705972 0.187157 187.157218 0.075033
 592.000000 0.686973 0.537330 537.329686 0.215420
 594.000000 0.665538 1.149054 1149.053572 0.460665
 596.000000 0.737072 0.003495 3.495215 0.001401
 598.000000 0.784269 0.648609 648.609310 0.260033
 600.000000 0.764730 0.246441 246.440912 0.098800
 602.000000 0.755550 0.123390 123.390055 0.049468
 604.000000 0.721912 0.032609 32.608998 0.013073
 606.000000 0.791427 0.843715 843.714592 0.338252
 608.000000 0.854589 3.675749 3675.749280 1.473637
 610.000000 0.738650 0.007067 7.066728 0.002833
 612.000000 0.728466 0.005922 5.922187 0.002374
 614.000000 0.753480 0.101471 101.471068 0.040681
 616.000000 0.813843 1.620441 1620.441211 0.649648
 618.000000 0.769920 0.334655 334.654750 0.134166
 620.000000 0.774475 0.423150 423.150401 0.169644
 622.000000 0.827180 2.201799 2201.799055 0.882719
 624.000000 0.753532 0.102001 102.000917 0.040893
 626.000000 0.683212 0.628029 628.028511 0.251782
 628.000000 0.732352 0.000241 0.240872 0.000097
 630.000000 0.896763 6.677312 6677.312148 2.676987
 632.000000 0.752591 0.092716 92.716260 0.037171
 634.000000 0.642811 2.048573 2048.573194 0.821289
 636.000000 0.770646 0.348052 348.051854 0.139537
 638.000000 0.697971 0.312624 312.623822 0.125333
 640.000000 0.775739 0.449559 449.558867 0.180232
 642.000000 0.709242 0.145097 145.096653 0.058170
 644.000000 0.729597 0.003491 3.490566 0.001399
 646.000000 0.684159 0.604535 604.535144 0.242363
 648.000000 0.893101 6.381407 6381.406752 2.558356
 650.000000 0.794383 0.931765 931.764754 0.373552
 652.000000 0.731099 0.001248 1.248252 0.000500
 654.000000 0.771856 0.371000 370.999639 0.148737
 656.000000 0.701870 0.247491 247.490666 0.099221
 658.000000 0.683289 0.626106 626.106363 0.251011
 660.000000 0.740358 0.012338 12.337739 0.004946
 662.000000 0.732625 0.000125 0.125445 0.000050
 664.000000 0.783221 0.622185 622.185072 0.249439
 666.000000 0.781526 0.580635 580.634635 0.232781
 668.000000 0.793464 0.903938 903.938352 0.362396
 670.000000 0.707003 0.173323 173.323478 0.069487
 672.000000 0.675043 0.849434 849.434219 0.340545
 674.000000 0.771158 0.357667 357.667459 0.143392
 676.000000 0.663052 1.234867 1234.866961 0.495068
 678.000000 0.841550 2.927705 2927.704959 1.173740
 680.000000 0.731222 0.001115 1.114867 0.000447
 682.000000 0.841373 2.918167 2918.166992 1.169916
 684.000000 0.844275 3.077013 3077.012659 1.233599
 686.000000 0.782653 0.608117 608.117303 0.243799
 688.000000 0.765037 0.251279 251.279074 0.100740
 690.000000 0.692050 0.426087 426.086747 0.170822
 692.000000 0.631940 2.570139 2570.138970 1.030389
 694.000000 0.707527 0.166491 166.490780 0.066747
 696.000000 0.798831 1.072482 1072.482263 0.429967
 698.000000 0.702515 0.237444 237.444191 0.095193
 700.000000 0.719875 0.045283 45.282740 0.018154
 702.000000 0.662320 1.260715 1260.715469 0.505431
 704.000000 0.833836 2.525221 2525.221115 1.012381
 706.000000 0.786912 0.717672 717.672119 0.287720
 708.000000 0.839252 2.804667 2804.666602 1.124413
 710.000000 0.659811 1.351400 1351.400060 0.541787
 712.000000 0.770320 0.342012 342.011529 0.137115
 714.000000 0.812846 1.580575 1580.574800 0.633665
 716.000000 0.652327 1.640490 1640.490213 0.657685
 718.000000 0.688164 0.510069 510.069364 0.204491
 720.000000 0.648798 1.786552 1786.551894 0.716243
 722.000000 0.647581 1.838366 1838.365641 0.737015
 724.000000 0.784132 0.645130 645.129926 0.258638
 726.000000 0.723632 0.023531 23.531142 0.009434
 728.000000 0.769563 0.328142 328.141822 0.131555
 730.000000 0.738078 0.005628 5.627872 0.002256
 732.000000 0.792798 0.883997 883.997174 0.354401
 734.000000 0.660561 1.323961 1323.961413 0.530787
 736.000000 0.717025 0.066494 66.494165 0.026658
 738.000000 0.767082 0.284735 284.735088 0.114153
 740.000000 0.804476 1.265325 1265.325013 0.507279
 742.000000 0.798517 1.062239 1062.238930 0.425860
 744.000000 0.821622 1.948705 1948.704920 0.781251
 746.000000 0.745023 0.034162 34.161717 0.013696
 748.000000 0.724060 0.021501 21.500580 0.008620
 750.000000 0.815020 1.668169 1668.169256 0.668782
 752.000000 0.754994 0.117296 117.295920 0.047025
 754.000000 0.681632 0.668262 668.262246 0.267912
 756.000000 0.732704 0.000099 0.098893 0.000040
 758.000000 0.732622 0.000127 0.126526 0.000051
 760.000000 0.817783 1.782937 1782.937440 0.714794
 762.000000 0.608461 3.898290 3898.290428 1.562855
 764.000000 0.742227 0.019774 19.773890 0.007928
 766.000000 0.731487 0.000852 0.852470 0.000342
 768.000000 0.742401 0.020557 20.556816 0.008241
 770.000000 0.763213 0.223197 223.196501 0.089481
 772.000000 0.808201 1.401287 1401.287250 0.561787
 774.000000 0.916825 8.417278 8417.277970 3.374553
 776.000000 0.773660 0.406567 406.566549 0.162996
 778.000000 0.729822 0.003083 3.082889 0.001236
 780.000000 0.773611 0.405570 405.569896 0.162596
 782.000000 0.652851 1.619368 1619.367861 0.649217
 784.000000 0.798232 1.052944 1052.943520 0.422133
 786.000000 0.860499 4.042805 4042.805171 1.620792
 788.000000 0.784763 0.661247 661.247424 0.265099
 790.000000 0.712200 0.111653 111.652805 0.044762
 792.000000 0.734406 0.000288 0.287733 0.000115
 794.000000 0.640879 2.136966 2136.965592 0.856726
 796.000000 0.650057 1.733744 1733.744147 0.695072
 798.000000 0.730622 0.001838 1.837602 0.000737
 800.000000 0.676458 0.808705 808.705083 0.324216
 802.000000 0.653559 1.590967 1590.967130 0.637831
 804.000000 0.779584 0.534788 534.788332 0.214401
 806.000000 0.717102 0.065863 65.862705 0.026405
 808.000000 0.622330 3.080438 3080.438076 1.234972
 810.000000 0.667738 1.075686 1075.685516 0.431251
 812.000000 0.776247 0.460395 460.395229 0.184576
 814.000000 0.714767 0.086179 86.178541 0.034550
 816.000000 0.723107 0.026144 26.143606 0.010481
 818.000000 0.533603 9.973083 9973.083029 3.998288
 820.000000 0.738571 0.006859 6.858839 0.002750
 822.000000 0.727659 0.008048 8.048158 0.003227
 824.000000 0.663805 1.208550 1208.549834 0.484517
 826.000000 0.720426 0.041651 41.650683 0.016698
 828.000000 0.645769 1.916883 1916.882836 0.768493
 830.000000 0.754324 0.110154 110.153508 0.044161
 832.000000 0.708135 0.158743 158.743030 0.063641
 834.000000 0.756872 0.138515 138.514941 0.055532
 836.000000 0.699961 0.278434 278.434098 0.111626
 838.000000 0.839379 2.811436 2811.436246 1.127127
 840.000000 0.878524 5.270066 5270.066021 2.112811
 842.000000 0.799792 1.104204 1104.204273 0.442684
 844.000000 0.869873 4.660761 4660.761160 1.868536
 846.000000 0.813898 1.622681 1622.681299 0.650546
 848.000000 0.796938 1.011391 1011.391284 0.405475
 850.000000 0.851863 3.512296 3512.295673 1.408107
 852.000000 0.663510 1.218840 1218.840227 0.488643
 854.000000 0.749173 0.062723 62.722968 0.025146
 856.000000 0.801735 1.169713 1169.713070 0.468947
 858.000000 0.736124 0.001947 1.946687 0.000780
 860.000000 0.740814 0.013991 13.991326 0.005609
 862.000000 0.675020 0.850121 850.120558 0.340820
 864.000000 0.807382 1.370784 1370.784055 0.549558
 866.000000 0.757820 0.149893 149.893400 0.060093
 868.000000 0.725880 0.013889 13.888788 0.005568
 870.000000 0.721670 0.034006 34.005544 0.013633
 872.000000 0.695929 0.349762 349.761993 0.140222
 874.000000 0.699846 0.280349 280.349399 0.112394
 876.000000 0.792939 0.888195 888.195282 0.356084
 878.000000 0.864188 4.280714 4280.714008 1.716172
 880.000000 0.755794 0.126116 126.115930 0.050561
 882.000000 0.741401 0.016272 16.271565 0.006523
 884.000000 0.737297 0.003927 3.927187 0.001574
 886.000000 0.635457 2.394962 2394.962481 0.960159
 888.000000 0.697394 0.322908 322.908063 0.129456
 890.000000 0.791639 0.849893 849.893152 0.340729
 892.000000 0.700265 0.273376 273.376109 0.109599
 894.000000 0.744590 0.031677 31.676791 0.012699
 896.000000 0.710632 0.128840 128.840205 0.051653
 898.000000 0.745315 0.035892 35.891775 0.014389
 900.000000 0.706968 0.173784 173.784116 0.069671
 902.000000 0.661219 1.300114 1300.113817 0.521226
 904.000000 0.734967 0.000667 0.667463 0.000268
 906.000000 0.728538 0.005750 5.749905 0.002305
 908.000000 0.725580 0.015030 15.029745 0.006026
 910.000000 0.649487 1.757537 1757.537057 0.704610
 912.000000 0.784860 0.663754 663.754281 0.266104
 914.000000 0.698713 0.299640 299.639536 0.120128
 916.000000 0.561222 7.405565 7405.565424 2.968949
 918.000000 0.657342 1.443669 1443.669146 0.578778
 920.000000 0.666757 1.108112 1108.112376 0.444251
 922.000000 0.777248 0.482131 482.131269 0.193290
 924.000000 0.730730 0.001694 1.694185 0.000679
 926.000000 0.780774 0.562648 562.648157 0.225570
 928.000000 0.649161 1.771235 1771.235412 0.710102
 930.000000 0.655454 1.516301 1516.300729 0.607897
 932.000000 0.711475 0.119449 119.449106 0.047888
 934.000000 0.772047 0.374689 374.688714 0.150216
 936.000000 0.728074 0.006916 6.915892 0.002773
 938.000000 0.779438 0.531409 531.408828 0.213046
 940.000000 0.772619 0.385835 385.834536 0.154684
 942.000000 0.714069 0.092783 92.782503 0.037197
 944.000000 0.630599 2.638593 2638.593377 1.057833
 946.000000 0.626655 2.845081 2845.081249 1.140615
 948.000000 0.773673 0.406826 406.825983 0.163100
 950.000000 0.710375 0.131772 131.772325 0.052829
 952.000000 0.707293 0.169520 169.520289 0.067962
 954.000000 0.690801 0.452244 452.244219 0.181308
 956.000000 0.609556 3.830219 3830.219108 1.535565
 958.000000 0.710629 0.128870 128.870321 0.051665
 960.000000 0.750444 0.073190 73.190361 0.029343
 962.000000 0.752188 0.088878 88.878398 0.035632
 964.000000 0.637150 2.312832 2312.831572 0.927232
 966.000000 0.513821 12.046437 12046.436546 4.829511
 968.000000 0.591992 4.994370 4994.369628 2.002282
 970.000000 0.761298 0.195506 195.506226 0.078380
 972.000000 0.652544 1.631744 1631.743628 0.654179
 974.000000 0.677367 0.783051 783.050867 0.313931
 976.000000 0.718682 0.053662 53.662075 0.021514
 978.000000 0.784950 0.666068 666.068184 0.267032
 980.000000 0.741479 0.016590 16.589791 0.006651
 982.000000 0.729777 0.003161 3.161243 0.001267
 984.000000 0.721642 0.034169 34.169227 0.013699
 986.000000 0.666504 1.116555 1116.555190 0.447636
 988.000000 0.748507 0.057562 57.562035 0.023077
 990.000000 0.755198 0.119520 119.520330 0.047917
 992.000000 0.713406 0.099274 99.273524 0.039800
 994.000000 0.746418 0.042802 42.801780 0.017160
 996.000000 0.759203 0.167304 167.304123 0.067074
 998.000000 0.709501 0.141993 141.993148 0.056926
 1000.000000 0.749980 0.069280 69.280368 0.027775
 1002.000000 0.661161 1.302196 1302.195934 0.522061
 1004.000000 0.698654 0.300667 300.667344 0.120540
 1006.000000 0.712267 0.110943 110.942926 0.044478
 1008.000000 0.794481 0.934748 934.747640 0.374748
 1010.000000 0.786943 0.718494 718.493661 0.288050
 1012.000000 0.697353 0.323646 323.646214 0.129752
 1014.000000 0.646228 1.896815 1896.815468 0.760448
 1016.000000 0.640880 2.136901 2136.900764 0.856700
 1018.000000 0.690797 0.452328 452.327902 0.181342
 1020.000000 0.622369 3.078273 3078.272620 1.234104
 1022.000000 0.620309 3.193638 3193.638228 1.280355
 1024.000000 0.664286 1.191884 1191.883652 0.477836
 1026.000000 0.678983 0.738495 738.494831 0.296068
 1028.000000 0.770242 0.340558 340.558398 0.136533
 1030.000000 0.811681 1.534580 1534.579777 0.615225
 1032.000000 0.693825 0.390219 390.219309 0.156442
 1034.000000 0.651987 1.654292 1654.291744 0.663219
 1036.000000 0.750124 0.070478 70.478120 0.028255
 1038.000000 0.674627 0.861612 861.611764 0.345427
 1040.000000 0.701959 0.246094 246.094479 0.098661
 1042.000000 0.629539 2.693321 2693.321493 1.079774
 1044.000000 0.747320 0.048904 48.904226 0.019606
 1046.000000 0.681840 0.662890 662.890269 0.265758
 1048.000000 0.740792 0.013907 13.907408 0.005576
 1050.000000 0.736069 0.001871 1.870631 0.000750
 1052.000000 0.768753 0.313646 313.645913 0.125743
 1054.000000 0.735350 0.001017 1.016637 0.000408
 1056.000000 0.788198 0.752523 752.523067 0.301692
 1058.000000 0.610198 3.790599 3790.599349 1.519681
 1060.000000 0.776797 0.472279 472.279261 0.189340
 1062.000000 0.723159 0.025881 25.881013 0.010376
 1064.000000 0.672625 0.921361 921.360590 0.369381
 1066.000000 0.653659 1.587014 1587.013853 0.636246
 1068.000000 0.698006 0.311997 311.997072 0.125082
 1070.000000 0.713488 0.098456 98.456487 0.039472
 1072.000000 0.729626 0.003437 3.436593 0.001378
 1074.000000 0.747556 0.050574 50.573539 0.020275
 1076.000000 0.878102 5.239467 5239.466646 2.100543
 1078.000000 0.753733 0.104036 104.035676 0.041709
 1080.000000 0.844367 3.082100 3082.100166 1.235638
 1082.000000 0.736192 0.002043 2.042820 0.000819
 1084.000000 0.673571 0.892876 892.876204 0.357961
 1086.000000 0.759754 0.174519 174.518561 0.069966
 1088.000000 0.645452 1.930786 1930.786373 0.774067
 1090.000000 0.680086 0.708811 708.810606 0.284168
 1092.000000 0.762491 0.212545 212.544643 0.085211
 1094.000000 0.734027 0.000120 0.120379 0.000048
 1096.000000 0.706584 0.178877 178.877440 0.071713
 1098.000000 0.793185 0.895569 895.568546 0.359040
 1100.000000 0.823199 2.018954 2018.953862 0.809415
 1102.000000 0.789961 0.801670 801.669849 0.321396
 1104.000000 0.807591 1.378538 1378.538280 0.552667
 1106.000000 0.699892 0.279579 279.578968 0.112085
 1108.000000 0.720025 0.044278 44.277591 0.017751
 1110.000000 0.799281 1.087287 1087.287488 0.435902
 1112.000000 0.756075 0.129297 129.297336 0.051836
 1114.000000 0.752525 0.092082 92.082321 0.036917
 1116.000000 0.673398 0.898066 898.066123 0.360042
 1118.000000 0.744286 0.029988 29.987738 0.012022
 1120.000000 0.726765 0.010786 10.786396 0.004324
 1122.000000 0.654780 1.542665 1542.665146 0.618467
 1124.000000 0.585910 5.433393 5433.393366 2.178290
 1126.000000 0.657433 1.440232 1440.232249 0.577400
 1128.000000 0.650453 1.717303 1717.302704 0.688480
 1130.000000 0.718073 0.058218 58.217996 0.023340
 1132.000000 0.725900 0.013814 13.813538 0.005538
 1134.000000 0.808922 1.428414 1428.414353 0.572663
 1136.000000 0.788759 0.767997 767.996512 0.307896
 1138.000000 0.737460 0.004257 4.256986 0.001707
 1140.000000 0.693648 0.393729 393.729223 0.157849
 1142.000000 0.701406 0.254832 254.831715 0.102164
 1144.000000 0.710888 0.125948 125.948314 0.050494
 1146.000000 0.704173 0.212581 212.581446 0.085226
 1148.000000 0.728167 0.006673 6.672938 0.002675
 1150.000000 0.826716 2.180098 2180.097519 0.874018
 1152.000000 0.775736 0.449500 449.499659 0.180208
 1154.000000 0.757710 0.148560 148.559638 0.059559
 1156.000000 0.748227 0.055453 55.452636 0.022231
 1158.000000 0.711488 0.119300 119.299580 0.047828
 1160.000000 0.799498 1.094433 1094.433479 0.438767
 1162.000000 0.745503 0.037024 37.024152 0.014843
 1164.000000 0.716947 0.067131 67.130577 0.026913
 1166.000000 0.731661 0.000699 0.699162 0.000280
 1168.000000 0.697100 0.328211 328.210507 0.131582
 1170.000000 0.711471 0.119489 119.488760 0.047904
 1172.000000 0.810521 1.489478 1489.477811 0.597143
 1174.000000 0.722575 0.028935 28.935342 0.011600
 1176.000000 0.735059 0.000745 0.744542 0.000298
 1178.000000 0.782334 0.600256 600.255595 0.240647
 1180.000000 0.777293 0.483107 483.107270 0.193682
 1182.000000 0.681595 0.669214 669.213551 0.268293
 1184.000000 0.642987 2.040603 2040.602647 0.818094
 1186.000000 0.703120 0.228205 228.204693 0.091489
 1188.000000 0.836587 2.665330 2665.330500 1.068552
 1190.000000 0.850575 3.436386 3436.386191 1.377674
 1192.000000 0.709775 0.138752 138.752378 0.055627
 1194.000000 0.709547 0.141445 141.444701 0.056706
 1196.000000 0.711515 0.119014 119.014283 0.047714
 1198.000000 0.612460 3.652607 3652.607399 1.464359
 1200.000000 0.589454 5.175301 5175.300869 2.074819
 1202.000000 0.560022 7.509243 7509.242515 3.010514
 1204.000000 0.680966 0.685579 685.579430 0.274854
 1206.000000 0.601468 4.347143 4347.143173 1.742804
 1208.000000 0.705351 0.195749 195.749416 0.078477
 1210.000000 0.747715 0.051706 51.705652 0.020729
 1212.000000 0.744729 0.032463 32.462570 0.013014
 1214.000000 0.746687 0.044583 44.583383 0.017874
 1216.000000 0.748142 0.054821 54.821081 0.021978
 1218.000000 0.728126 0.006778 6.778347 0.002717
 1220.000000 0.811482 1.526805 1526.804900 0.612108
 1222.000000 0.744335 0.030259 30.259424 0.012131
 1224.000000 0.713186 0.101483 101.482755 0.040685
 1226.000000 0.828427 2.260703 2260.703252 0.906334
 1228.000000 0.724026 0.021656 21.656439 0.008682
 1230.000000 0.794671 0.940581 940.580706 0.377086
 1232.000000 0.752380 0.090694 90.694429 0.036360
 1234.000000 0.780793 0.563094 563.094016 0.225749
 1236.000000 0.750350 0.072394 72.394071 0.029023
 1238.000000 0.708959 0.148531 148.531046 0.059547
 1240.000000 0.688775 0.496354 496.353535 0.198992
 1242.000000 0.699071 0.293479 293.479074 0.117658
 1244.000000 0.714076 0.092707 92.707206 0.037167
 1246.000000 0.767236 0.287356 287.355506 0.115203
 1248.000000 0.803894 1.244712 1244.711995 0.499015
 1250.000000 0.792380 0.871641 871.641368 0.349448
 1252.000000 0.849864 3.394857 3394.856895 1.361025
 1254.000000 0.861601 4.113170 4113.170472 1.649002
 1256.000000 0.797524 1.030120 1030.119517 0.412983
 1258.000000 0.696770 0.334216 334.215984 0.133990
 1260.000000 0.775503 0.444564 444.564049 0.178229
 1262.000000 0.757550 0.146609 146.609255 0.058777
 1264.000000 0.907963 7.623914 7623.913670 3.056487
 1266.000000 0.810343 1.482614 1482.613974 0.594392
 1268.000000 0.882778 5.583432 5583.431854 2.238442
 1270.000000 0.775507 0.444663 444.662604 0.178269
 1272.000000 0.751142 0.079284 79.284079 0.031786
 1274.000000 0.672694 0.919290 919.290267 0.368551
 1276.000000 0.826964 2.191692 2191.692105 0.878667
 1278.000000 0.751626 0.083654 83.653640 0.033537
 1280.000000 0.727284 0.009148 9.147842 0.003667
 1282.000000 0.820682 1.907441 1907.441446 0.764708
 1284.000000 0.910854 7.878377 7878.377127 3.158503
 1286.000000 0.782022 0.592640 592.639692 0.237594
 1288.000000 0.722236 0.030785 30.784958 0.012342
 1290.000000 0.764459 0.242200 242.199811 0.097100
 1292.000000 0.738687 0.007165 7.165214 0.002873
 1294.000000 0.825474 2.122494 2122.494074 0.850925
 1296.000000 0.762906 0.218642 218.642142 0.087655
 1298.000000 0.903398 7.230455 7230.455334 2.898746
 1300.000000 0.862020 4.140062 4140.061695 1.659783
 1302.000000 0.742675 0.021815 21.815210 0.008746
 1304.000000 0.741522 0.016765 16.764603 0.006721
 1306.000000 0.706121 0.185128 185.127986 0.074219
 1308.000000 0.753686 0.103559 103.558875 0.041518
 1310.000000 0.704672 0.205365 205.365393 0.082333
 1312.000000 0.728141 0.006740 6.739798 0.002702
 1314.000000 0.652126 1.648648 1648.647697 0.660956
 1316.000000 0.779229 0.526596 526.596036 0.211116
 1318.000000 0.688578 0.500766 500.765724 0.200761
 1320.000000 0.684794 0.589014 589.013962 0.236140
 1322.000000 0.754716 0.114310 114.309837 0.045828
 1324.000000 0.757413 0.144959 144.958905 0.058115
 1326.000000 0.673864 0.884137 884.136743 0.354457
 1328.000000 0.684904 0.586343 586.342971 0.235070
 1330.000000 0.712776 0.105652 105.651846 0.042357
 1332.000000 0.812643 1.572523 1572.523411 0.630437
 1334.000000 0.710571 0.129525 129.525388 0.051928
 1336.000000 0.723601 0.023681 23.681151 0.009494
 1338.000000 0.786719 0.712503 712.502708 0.285648
 1340.000000 0.711998 0.113796 113.795525 0.045622
 1342.000000 0.733511 0.000008 0.007880 0.000003
 1344.000000 0.702920 0.231239 231.239179 0.092706
 1346.000000 0.719752 0.046116 46.115622 0.018488
 1348.000000 0.725711 0.014525 14.525232 0.005823
 1350.000000 0.804351 1.260890 1260.889860 0.505501
 1352.000000 0.690729 0.453779 453.778731 0.181923
 1354.000000 0.700809 0.264450 264.449969 0.106020
 1356.000000 0.701526 0.252932 252.931751 0.101402
 1358.000000 0.727551 0.008358 8.357606 0.003351
 1360.000000 0.770930 0.353380 353.379773 0.141673
 1362.000000 0.748563 0.057988 57.987822 0.023248
 1364.000000 0.624514 2.960397 2960.396905 1.186846
 1366.000000 0.825374 2.117864 2117.863522 0.849068
 1368.000000 0.734100 0.000147 0.146961 0.000059
 1370.000000 0.721887 0.032752 32.751904 0.013130
 1372.000000 0.900129 6.955201 6955.201110 2.788395
 1374.000000 0.781791 0.587038 587.037549 0.235348
 1376.000000 0.761068 0.192301 192.301154 0.077095
 1378.000000 0.784597 0.656981 656.980563 0.263389
 1380.000000 0.632808 2.526350 2526.350225 1.012834
 1382.000000 0.799755 1.102951 1102.950926 0.442182
 1384.000000 0.802087 1.181766 1181.766099 0.473779
 1386.000000 0.801404 1.158400 1158.400189 0.464412
 1388.000000 0.827728 2.227579 2227.579232 0.893054
 1390.000000 0.752566 0.092477 92.476957 0.037075
 1392.000000 0.779957 0.543433 543.433106 0.217867
 1394.000000 0.884704 5.728241 5728.240990 2.296497
 1396.000000 0.843636 3.041683 3041.683028 1.219435
 1398.000000 0.721325 0.036050 36.049751 0.014453
 1400.000000 0.708462 0.154644 154.644124 0.061998
 1402.000000 0.814978 1.666466 1666.466081 0.668099
 1404.000000 0.755972 0.128123 128.122833 0.051365
 1406.000000 0.557479 7.731191 7731.191193 3.099495
 1408.000000 0.778056 0.500025 500.024685 0.200464
 1410.000000 0.655733 1.505454 1505.453788 0.603548
 1412.000000 0.734308 0.000238 0.237703 0.000095
 1414.000000 0.846327 3.191897 3191.896533 1.279656
 1416.000000 0.788563 0.762580 762.579573 0.305724
 1418.000000 0.765279 0.255128 255.128254 0.102283
 1420.000000 0.750208 0.071185 71.184984 0.028539
 1422.000000 0.653768 1.582648 1582.648384 0.634496
 1424.000000 0.712854 0.104847 104.846909 0.042034
 1426.000000 0.783834 0.637581 637.581045 0.255611
 1428.000000 0.778147 0.502071 502.071132 0.201284
 1430.000000 0.754411 0.111070 111.070463 0.044529
 1432.000000 0.662424 1.257043 1257.042931 0.503958
 1434.000000 0.691238 0.442996 442.996444 0.177601
 1436.000000 0.680950 0.686004 686.004066 0.275024
 1438.000000 0.701197 0.258184 258.184172 0.103508
 1440.000000 0.709475 0.142300 142.299681 0.057049
 1442.000000 0.818873 1.829246 1829.246371 0.733359
 1444.000000 0.847331 3.248855 3248.855064 1.302492
 1446.000000 0.801004 1.144844 1144.843676 0.458977
 1448.000000 0.795545 0.967570 967.570405 0.387907
 1450.000000 0.764226 0.238595 238.595062 0.095655
 1452.000000 0.807864 1.388717 1388.717496 0.556748
 1454.000000 0.789910 0.800217 800.217445 0.320813
 1456.000000 0.784125 0.644959 644.959496 0.258569
 1458.000000 0.755901 0.127325 127.325219 0.051046
 1460.000000 0.665198 1.160598 1160.597854 0.465293
 1462.000000 0.681957 0.659870 659.870301 0.264547
 1464.000000 0.825228 2.111179 2111.179349 0.846388
 1466.000000 0.730336 0.002246 2.245611 0.000900
 1468.000000 0.728023 0.007049 7.049248 0.002826
 1470.000000 0.712490 0.108609 108.608960 0.043542
 1472.000000 0.650217 1.727092 1727.092455 0.692405
 1474.000000 0.761897 0.203967 203.967420 0.081772
 1476.000000 0.717254 0.064637 64.636654 0.025913
 1478.000000 0.724042 0.021581 21.581367 0.008652
 1480.000000 0.745236 0.035417 35.416748 0.014199
 1482.000000 0.721965 0.032310 32.310313 0.012953
 1484.000000 0.782734 0.610100 610.100219 0.244594
 1486.000000 0.789168 0.779370 779.370132 0.312456
 1488.000000 0.756283 0.131669 131.668601 0.052787
 1490.000000 0.813285 1.598065 1598.065158 0.640677
 1492.000000 0.776981 0.476283 476.282731 0.190945
 1494.000000 0.804756 1.275298 1275.297560 0.511277
 1496.000000 0.666372 1.120957 1120.956886 0.449400
 1498.000000 0.642162 2.078055 2078.055300 0.833109
 1500.000000 0.670790 0.977905 977.904679 0.392050
 1502.000000 0.658213 1.410771 1410.770921 0.565589
 1504.000000 0.655165 1.527582 1527.582140 0.612420
 1506.000000 0.600486 4.412094 4412.093948 1.768843
 1508.000000 0.732433 0.000202 0.202438 0.000081
 1510.000000 0.690825 0.451732 451.731681 0.181103
 1512.000000 0.814230 1.636059 1636.059367 0.655909
 1514.000000 0.732939 0.000039 0.038839 0.000016
 1516.000000 0.687560 0.523800 523.800437 0.209996
 1518.000000 0.604959 4.119983 4119.983213 1.651734
 1520.000000 0.727444 0.008672 8.671808 0.003477
 1522.000000 0.645891 1.911562 1911.561698 0.766360
 1524.000000 0.890066 6.141282 6141.281577 2.462088
 1526.000000 0.809904 1.465779 1465.778885 0.587642
 1528.000000 0.745719 0.038350 38.349516 0.015375
 1530.000000 0.762032 0.205902 205.901858 0.082548
 1532.000000 0.692474 0.417364 417.364267 0.167325
 1534.000000 0.653927 1.576333 1576.332687 0.631964
 1536.000000 0.664936 1.169553 1169.553024 0.468883
 1538.000000 0.700065 0.276698 276.697547 0.110930
 1540.000000 0.744668 0.032118 32.117666 0.012876
 1542.000000 0.786781 0.714155 714.154833 0.286310
 1544.000000 0.701876 0.247391 247.390806 0.099181
 1546.000000 0.593513 4.887397 4887.396977 1.959396
 1548.000000 0.643455 2.019549 2019.548831 0.809653
 1550.000000 0.752691 0.093679 93.679012 0.037557
 1552.000000 0.757758 0.149138 149.137762 0.059791
 1554.000000 0.711657 0.117462 117.462416 0.047092
 1556.000000 0.775092 0.435951 435.950637 0.174776
 1558.000000 0.756603 0.135366 135.365927 0.054269
 1560.000000 0.688545 0.501492 501.492079 0.201052
 1562.000000 0.629825 2.678517 2678.517349 1.073839
 1564.000000 0.741297 0.015855 15.854511 0.006356
 1566.000000 0.707687 0.164434 164.434159 0.065923
 1568.000000 0.710074 0.135245 135.244639 0.054221
 1570.000000 0.740044 0.011259 11.258963 0.004514
 1572.000000 0.721510 0.034949 34.949069 0.014011
 1574.000000 0.746472 0.043159 43.158744 0.017303
 1576.000000 0.703812 0.217878 217.877584 0.087349
 1578.000000 0.732768 0.000080 0.079791 0.000032
 1580.000000 0.729527 0.003621 3.621123 0.001452
 1582.000000 0.613983 3.561100 3561.099767 1.427673
 1584.000000 0.516961 11.704294 11704.294467 4.692344
 1586.000000 0.748939 0.060887 60.886525 0.024410
 1588.000000 0.755624 0.124219 124.218606 0.049800
 1590.000000 0.755514 0.123001 123.001028 0.049312
 1592.000000 0.812664 1.573344 1573.343836 0.630766
 1594.000000 0.794485 0.934896 934.896303 0.374807
 1596.000000 0.775272 0.439713 439.713084 0.176284
 1598.000000 0.786844 0.715855 715.855142 0.286992
 1600.000000 0.782252 0.598250 598.250150 0.239843
 1602.000000 0.853374 3.602413 3602.413304 1.444236
 1604.000000 0.802049 1.180466 1180.465523 0.473258
 1606.000000 0.712948 0.103893 103.893406 0.041652
 1608.000000 0.727067 0.009816 9.816151 0.003935
 1610.000000 0.653043 1.611638 1611.637985 0.646118
 1612.000000 0.635065 2.414162 2414.161894 0.967857
 1614.000000 0.610403 3.777982 3777.982466 1.514623
 1616.000000 0.694257 0.381748 381.747768 0.153046
 1618.000000 0.699883 0.279733 279.733359 0.112147
 1620.000000 0.741861 0.018180 18.180464 0.007289
 1622.000000 0.799501 1.094525 1094.525321 0.438804
 1624.000000 0.724828 0.018086 18.086352 0.007251
 1626.000000 0.665292 1.157401 1157.400667 0.464011
 1628.000000 0.803318 1.224473 1224.473194 0.490901
 1630.000000 0.762352 0.210522 210.522238 0.084400
 1632.000000 0.713428 0.099060 99.060457 0.039714
 1634.000000 0.801838 1.173239 1173.239319 0.470361
 1636.000000 0.727077 0.009785 9.785358 0.003923
 1638.000000 0.767183 0.286446 286.446108 0.114839
 1640.000000 0.771497 0.364111 364.110786 0.145975
 1642.000000 0.703413 0.223809 223.809317 0.089727
 1644.000000 0.856223 3.775444 3775.443832 1.513605
 1646.000000 0.745647 0.037909 37.908768 0.015198
 1648.000000 0.839710 2.828974 2828.974496 1.134158
 1650.000000 0.735793 0.001512 1.511876 0.000606
 1652.000000 0.783089 0.618901 618.900561 0.248122
 1654.000000 0.821716 1.952870 1952.870429 0.782921
 1656.000000 0.866391 4.426113 4426.113347 1.774464
 1658.000000 0.883758 5.656872 5656.871826 2.267884
 1660.000000 0.793423 0.902683 902.683450 0.361893
 1662.000000 0.863119 4.211069 4211.068597 1.688251
 1664.000000 0.679343 0.728727 728.727441 0.292153
 1666.000000 0.761181 0.193875 193.875199 0.077726
 1668.000000 0.807582 1.378223 1378.222872 0.552540
 1670.000000 0.785313 0.675477 675.476544 0.270804
 1672.000000 0.669831 1.008141 1008.140757 0.404172
 1674.000000 0.757416 0.144991 144.991473 0.058128
 1676.000000 0.757928 0.151228 151.227632 0.060628
 1678.000000 0.752259 0.089544 89.543962 0.035899
 1680.000000 0.739451 0.009356 9.355959 0.003751
 1682.000000 0.630644 2.636263 2636.263238 1.056899
 1684.000000 0.823724 2.042607 2042.607450 0.818897
 1686.000000 0.770970 0.354134 354.134270 0.141975
 1688.000000 0.693819 0.390356 390.355505 0.156497
 1690.000000 0.661562 1.287781 1287.781060 0.516282
 1692.000000 0.765770 0.263036 263.036451 0.105453
 1694.000000 0.801054 1.146527 1146.526569 0.459652
 1696.000000 0.757407 0.144881 144.881141 0.058084
 1698.000000 0.707086 0.172231 172.231245 0.069049
 1700.000000 0.725635 0.014818 14.817749 0.005941
 1702.000000 0.780703 0.560980 560.979840 0.224901
 1704.000000 0.736493 0.002496 2.496321 0.001001
 1706.000000 0.789964 0.801764 801.763926 0.321433
 1708.000000 0.691148 0.444894 444.893590 0.178361
 1710.000000 0.686797 0.541415 541.415457 0.217058
 1712.000000 0.698986 0.294934 294.933868 0.118241
 1714.000000 0.626221 2.868283 2868.282735 1.149917
 1716.000000 0.636479 2.345179 2345.179306 0.940201
 1718.000000 0.867339 4.489366 4489.366313 1.799822
 1720.000000 0.907757 7.605932 7605.931976 3.049278
 1722.000000 0.754597 0.113033 113.032644 0.045316
 1724.000000 0.886776 5.886152 5886.151763 2.359805
 1726.000000 0.753232 0.098993 98.992799 0.039687
 1728.000000 0.788650 0.764989 764.988582 0.306690
 1730.000000 0.785118 0.670402 670.402359 0.268770
 1732.000000 0.732402 0.000217 0.216637 0.000087
 1734.000000 0.775224 0.438710 438.710193 0.175882
 1736.000000 0.620675 3.172986 3172.986020 1.272075
 1738.000000 0.793064 0.891948 891.947825 0.357589
 1740.000000 0.662993 1.236925 1236.925278 0.495893
 1742.000000 0.817815 1.784291 1784.290744 0.715336
 1744.000000 0.713621 0.097142 97.142366 0.038945
 1746.000000 0.754293 0.109826 109.825976 0.044030
 1748.000000 0.644257 1.983632 1983.631691 0.795254
 1750.000000 0.689886 0.471924 471.923970 0.189198
 1752.000000 0.753759 0.104304 104.303915 0.041816
 1754.000000 0.790689 0.822423 822.423387 0.329716
 1756.000000 0.689480 0.480786 480.786253 0.192751
 1758.000000 0.806814 1.349848 1349.847516 0.541164
 1760.000000 0.735530 0.001206 1.206047 0.000484
 1762.000000 0.808078 1.396684 1396.683655 0.559941
 1764.000000 0.730714 0.001715 1.715466 0.000688
 1766.000000 0.801757 1.170463 1170.463163 0.469248
 1768.000000 0.750369 0.072554 72.553515 0.029087
 1770.000000 0.690891 0.450344 450.343891 0.180546
 1772.000000 0.729707 0.003288 3.288143 0.001318
 1774.000000 0.711002 0.124673 124.673284 0.049983
 1776.000000 0.761011 0.191514 191.513916 0.076779
 1778.000000 0.722489 0.029399 29.399403 0.011786
 1780.000000 0.742969 0.023211 23.211239 0.009306
 1782.000000 0.689766 0.474528 474.527804 0.190242
 1784.000000 0.704228 0.211781 211.780689 0.084905
 1786.000000 0.683675 0.616475 616.475397 0.247150
 1788.000000 0.751777 0.085042 85.041645 0.034094
 1790.000000 0.754928 0.116586 116.585550 0.046740
 1792.000000 0.785200 0.672541 672.540645 0.269627
 1794.000000 0.875563 5.057295 5057.294598 2.027509
 1796.000000 0.675423 0.838388 838.388191 0.336116
 1798.000000 0.758218 0.154807 154.806612 0.062063
 1800.000000 0.751846 0.085677 85.676542 0.034348
 1802.000000 0.746063 0.040512 40.511610 0.016241
 1804.000000 0.775874 0.452435 452.434954 0.181385
 1806.000000 0.715445 0.079997 79.996962 0.032071
 1808.000000 0.539546 9.388384 9388.384378 3.763877
 1810.000000 0.776410 0.463903 463.902746 0.185982
 1812.000000 0.806219 1.328093 1328.093177 0.532443
 1814.000000 0.749681 0.066808 66.808436 0.026784
 1816.000000 0.741593 0.017057 17.057042 0.006838
 1818.000000 0.782959 0.615682 615.681702 0.246832
 1820.000000 0.721161 0.037041 37.040917 0.014850
 1822.000000 0.746011 0.040183 40.182694 0.016110
 1824.000000 0.719605 0.047116 47.116163 0.018889
 1826.000000 0.697032 0.329453 329.453369 0.132080
 1828.000000 0.769630 0.329364 329.364054 0.132045
 1830.000000 0.715163 0.082541 82.541161 0.033091
 1832.000000 0.795253 0.958521 958.521121 0.384279
 1834.000000 0.740994 0.014671 14.670955 0.005882
 1836.000000 0.595021 4.782574 4782.573901 1.917372
 1838.000000 0.694893 0.369408 369.408493 0.148099
 1840.000000 0.772274 0.379092 379.091826 0.151981
 1842.000000 0.693148 0.403716 403.716262 0.161853
 1844.000000 0.740225 0.011874 11.873719 0.004760
 1846.000000 0.791434 0.843933 843.933008 0.338339
 1848.000000 0.739255 0.008767 8.766995 0.003515
 1850.000000 0.764785 0.247301 247.301147 0.099145
 1852.000000 0.720462 0.041421 41.420976 0.016606
 1854.000000 0.697005 0.329946 329.945528 0.132278
 1856.000000 0.738782 0.007422 7.421560 0.002975
 1858.000000 0.687271 0.530429 530.429060 0.212653
 1860.000000 0.735406 0.001074 1.073589 0.000430
 1862.000000 0.793883 0.916551 916.551400 0.367453
 1864.000000 0.775908 0.453161 453.160777 0.181676
 1866.000000 0.705323 0.196146 196.146020 0.078636
 1868.000000 0.697761 0.316357 316.356533 0.126830
 1870.000000 0.718070 0.058245 58.245222 0.023351
 1872.000000 0.827758 2.229026 2229.025648 0.893634
 1874.000000 0.694500 0.377010 377.010083 0.151146
 1876.000000 0.728423 0.006029 6.028612 0.002417
 1878.000000 0.672512 0.924796 924.795990 0.370758
 1880.000000 0.764415 0.241510 241.510300 0.096823
 1882.000000 0.668300 1.057340 1057.340002 0.423896
 1884.000000 0.617014 3.382550 3382.549540 1.356091
 1886.000000 0.682219 0.653176 653.175539 0.261863
 1888.000000 0.828672 2.272355 2272.354822 0.911005
 1890.000000 0.713863 0.094774 94.774060 0.037996
 1892.000000 0.751348 0.081132 81.132333 0.032527
 1894.000000 0.681237 0.678505 678.504959 0.272018
 1896.000000 0.747301 0.048775 48.775189 0.019554
 1898.000000 0.720547 0.040872 40.871746 0.016386
 1900.000000 0.673351 0.899476 899.475965 0.360607
 1902.000000 0.726139 0.012941 12.940620 0.005188
 1904.000000 0.714121 0.092282 92.281942 0.036997
 1906.000000 0.735401 0.001069 1.069083 0.000429
 1908.000000 0.771806 0.370042 370.041730 0.148353
 1910.000000 0.694376 0.379424 379.423836 0.152114
 1912.000000 0.783479 0.628656 628.656492 0.252033
 1914.000000 0.766301 0.271723 271.723478 0.108936
 1916.000000 0.643545 2.015475 2015.475080 0.808020
 1918.000000 0.816479 1.728289 1728.289135 0.692885
 1920.000000 0.785465 0.679426 679.426114 0.272387
 1922.000000 0.746792 0.045284 45.283712 0.018155
 1924.000000 0.796804 1.007121 1007.121339 0.403763
 1926.000000 0.602444 4.283021 4283.021021 1.717097
 1928.000000 0.550632 8.344968 8344.967536 3.345563
 1930.000000 0.775791 0.450664 450.664394 0.180675
 1932.000000 0.766022 0.267133 267.133345 0.107096
 1934.000000 0.755774 0.125891 125.890771 0.050471
 1936.000000 0.693916 0.388428 388.428022 0.155724
 1938.000000 0.727679 0.007993 7.993349 0.003205
 1940.000000 0.788356 0.756862 756.861939 0.303432
 1942.000000 0.700087 0.276334 276.333958 0.110784
 1944.000000 0.740380 0.012416 12.415639 0.004978
 1946.000000 0.758171 0.154233 154.233346 0.061833
 1948.000000 0.665893 1.137043 1137.042646 0.455849
 1950.000000 0.763099 0.221497 221.496655 0.088800
 1952.000000 0.777952 0.497696 497.695912 0.199530
 1954.000000 0.704936 0.201597 201.596923 0.080822
 1956.000000 0.642870 2.045904 2045.903561 0.820219
 1958.000000 0.670525 0.986217 986.216866 0.395382
 1960.000000 0.612899 3.626126 3626.126018 1.453742
 1962.000000 0.622691 3.060404 3060.403829 1.226940
 1964.000000 0.673869 0.884016 884.015816 0.354409
 1966.000000 0.628251 2.760596 2760.595853 1.106745
 1968.000000 0.677731 0.772896 772.896293 0.309860
 1970.000000 0.746471 0.043147 43.146542 0.017298
 1972.000000 0.689503 0.480281 480.281070 0.192548
 1974.000000 0.701412 0.254747 254.747073 0.102130
 1976.000000 0.725071 0.017065 17.064646 0.006841
 1978.000000 0.705365 0.195556 195.555586 0.078400
 1980.000000 0.870670 4.715332 4715.331627 1.890414
 1982.000000 0.780125 0.547364 547.364498 0.219443
 1984.000000 0.783742 0.635270 635.269627 0.254685
 1986.000000 0.673304 0.900880 900.880490 0.361170
 1988.000000 0.664343 1.189918 1189.918219 0.477048
 1990.000000 0.635461 2.394750 2394.750257 0.960074
 1992.000000 0.771473 0.363658 363.657505 0.145793
 1994.000000 0.786663 0.711025 711.024774 0.285055
 1996.000000 0.777747 0.493153 493.152570 0.197709
 1998.000000 0.783970 0.641006 641.006412 0.256985
 2000.000000 0.685632 0.568845 568.844601 0.228054
